"feature_id","dispGeneEst","dispFit","dispersion","residual_fit_minus_final","residual_fit_minus_gene","residual_final_minus_gene"
"330647",0.111799513274303,0.0516488534156981,0.0797287043055637,-0.0280798508898656,-0.0601506598586049,-0.0320708089687393
"265390",0.0168753065776853,0.0345268338182165,0.0259344719219441,0.00859236189627239,0.0176515272405312,0.00905916534425876
"536898",0.0508191825799861,0.0318105207866964,0.0418340781468909,-0.0100235573601945,-0.0190086617932897,-0.00898510443309516
"417535",0.164264517965572,0.0930545840509285,0.128689986994907,-0.0356354029439788,-0.0712099339146431,-0.0355745309706643
"424070",0.22868253224588,0.0523386061555829,0.131177022495305,-0.078838416339722,-0.176343926090297,-0.0975055097505754
"23407",1.02796558701086,0.0866992646029394,1.02796558701086,-0.941266322407923,-0.941266322407923,0
"311911",0.332021671990594,0.12067819992253,0.224373574389068,-0.103695374466538,-0.211343472068063,-0.107648097601525
"261967",0.136950895991719,0.0929719954379456,0.114158303892261,-0.0211863084543151,-0.043978900553773,-0.0227925920994579
"466750",0.310678683245588,0.0731424389528168,0.18166852873099,-0.108526089778173,-0.237536244292771,-0.129010154514598
"430943",0.0410314480911493,0.0221244562940677,0.0314896041744176,-0.00936514788034993,-0.0189069917970816,-0.00954184391673168
"81510",0.193372280798866,0.0638261877412247,0.125126043905318,-0.0612998561640935,-0.129546093057641,-0.0682462368935474
"435413",0.030279175781527,0.0293057859323374,0.0300003039800295,-0.000694518047692057,-0.000973389849189574,-0.000278871801497518
"139456",0.406522138998911,0.102039152446682,0.236188350421575,-0.134149197974892,-0.304482986552229,-0.170333788577337
"17163",1.65223314091506,0.160746837594056,1.65223314091506,-1.49148630332101,-1.49148630332101,0
"316120",0.0705726760467802,0.0634779329415262,0.0668385220073144,-0.00336058906578822,-0.00709474310525396,-0.00373415403946574
"70132",0.232733315898497,0.0960725206371103,0.159402220343846,-0.0633296997067357,-0.136660795261387,-0.0733310955546513
"127442",0.108330269997504,0.0517132730632702,0.0768335410235749,-0.0251202679603046,-0.0566169969342338,-0.0314967289739292
"159829",0.0596187559619528,0.0410150754525611,0.0504987432941186,-0.00948366784155748,-0.0186036805093917,-0.00912001266783422
"123436",0.0930968830880564,0.0495617547338433,0.0706205519092521,-0.0210587971754089,-0.0435351283542131,-0.0224763311788043
"22977",0.260116017329231,0.0617231299233163,0.145584108173419,-0.0838609782501022,-0.198392887405915,-0.114531909155813
"448243",0.155152695118392,0.0895158032520862,0.11996281507077,-0.0304470118186833,-0.0656368918663058,-0.0351898800476225
"467725",0.165088226690946,0.0491298848340114,0.0970619484113713,-0.0479320635773599,-0.115958341856935,-0.0680262782795748
"333789",0.0776386160672044,0.0542973215931512,0.0662826449475868,-0.0119853233544357,-0.0233412944740532,-0.0113559711196176
"412401",0.100682345590458,0.0701071514217971,0.084035338047863,-0.0139281866260659,-0.0305751941686605,-0.0166470075425946
"469161",0.0221952434588833,0.0228383219346069,0.0224433501165088,0.000394971818098177,0.000643078475723688,0.000248106657625511
"487988",0.0864850720862854,0.0276909453903787,0.0552497207857899,-0.0275587753954112,-0.0587941266959067,-0.0312353513004955
"455594",0.0814122501855267,0.0233767696930556,0.0502250312789109,-0.0268482615858553,-0.058035480492471,-0.0311872189066157
"196478",0.0316361954148368,0.0271413831868683,0.0293439126445614,-0.00220252945769315,-0.00449481222796848,-0.00229228277027533
"310233",0.380050624012459,0.0326241674799486,0.380050624012459,-0.34742645653251,-0.34742645653251,0
"37062",0.412776660714193,0.0991677355511989,0.240887577821769,-0.14171984227057,-0.313608925162994,-0.171889082892424
"170362",0.143178043838672,0.0522222120305408,0.0926172670593283,-0.0403950550287875,-0.0909558318081316,-0.0505607767793441
"193302",0.135785837051985,0.0638353172790516,0.0979830895889673,-0.0341477723099157,-0.0719505197729336,-0.0378027474630179
"516399",0.10012279283859,0.0619461948039415,0.0803993776744824,-0.0184531828705409,-0.0381765980346483,-0.0197234151641074
"380194",0.629313779181521,0.116572505403469,0.629313779181521,-0.512741273778052,-0.512741273778052,0
"56537",0.0340704505857897,0.0235008585404653,0.0286932164676011,-0.0051923579271358,-0.0105695920453244,-0.00537723411818861
"437966",0.918294673332661,0.132407739806632,0.918294673332661,-0.785886933526029,-0.785886933526029,0
"531667",0.0327092394792818,0.0224228193695846,0.0276464915476289,-0.00522367217804426,-0.0102864201096972,-0.00506274793165291
"178313",0.0337454355004268,0.0354123324351292,0.0346304698563061,0.000781862578823116,0.00166689693470241,0.000885034355879298
"482689",2.64235059892384,0.32313919167439,2.64235059892384,-2.31921140724945,-2.31921140724945,0
"285821",0.267737020079253,0.10657449653108,0.181422792211783,-0.0748482956807026,-0.161162523548173,-0.0863142278674701
"452337",0.310897145055893,0.0785218256063397,0.182999983676336,-0.104478158069996,-0.232375319449553,-0.127897161379557
"187219",0.0350575503731642,0.041109616826799,0.0380708577733933,0.00303875905340567,0.00605206645363474,0.00301330740022907
"9421",0.0495788464490095,0.0360614107911274,0.0426808631720233,-0.00661945238089591,-0.0135174356578821,-0.00689798327698622
"529113",0.696542908431599,0.133822941579075,0.696542908431599,-0.562719966852524,-0.562719966852524,0
"407710",0.41641952128959,0.139650995888761,0.267686383872384,-0.128035387983624,-0.27676852540083,-0.148733137417206
"446591",0.199695219568111,0.106497972707995,0.151026566712229,-0.0445285940042339,-0.0931972468601159,-0.048668652855882
"495754",0.0562364456296668,0.0246421055077599,0.0394495032127736,-0.0148073977050137,-0.0315943401219069,-0.0167869424168932
"484664",0.111675441829959,0.0491645515592021,0.078661009140567,-0.0294964575813649,-0.062510890270757,-0.0330144326893922
"426904",0.0319786843100595,0.0307104619846534,0.0312921253007398,-0.000581663316086459,-0.00126822232540617,-0.000686559009319715
"97130",0.0864593832237069,0.0562145746246248,0.0708810265073577,-0.0146664518827329,-0.0302448085990821,-0.0155783567163492
"123551",0.0492550155524461,0.0400830861230563,0.0445927440720166,-0.00450965794896033,-0.00917192942938977,-0.00466227148042944
"87726",0.170220907464149,0.0942946263400478,0.131022866065027,-0.0367282397249789,-0.0759262811241013,-0.0391980413991224
"184526",0.00778872025962338,0.0159838836822724,0.0112647798204814,0.00471910386179106,0.00819516342264903,0.00347605956085798
"116998",0.0387558510559255,0.0480039341900743,0.0434357147174378,0.00456821947263657,0.00924808313414882,0.00467986366151225
"390192",0.192081104990606,0.111430994044933,0.150635789451373,-0.0392047954064402,-0.0806501109456728,-0.0414453155392326
"178029",0.0361909013700877,0.0160069184738529,0.0263057309819057,-0.0102988125080528,-0.0201839828962348,-0.00988517038818202
"565200",0.130550231104849,0.0703626447080323,0.0966759177135736,-0.0263132730055413,-0.0601875863968164,-0.0338743133912751
"149776",0.859708708657481,0.0721542990735835,0.859708708657481,-0.787554409583897,-0.787554409583897,0
"184905",0.123508542530377,0.0421396785806384,0.0798198294366833,-0.0376801508560449,-0.081368863949739,-0.0436887130936941
"42508",0.180225255703406,0.0696924952862536,0.121952377163899,-0.0522598818776457,-0.110532760417153,-0.0582728785395069
"131338",0.113742104339485,0.0468397853994079,0.078749059262492,-0.0319092738630841,-0.0669023189400768,-0.0349930450769927
"17087",0.0913914335979217,0.0222832283706834,0.0542295667447875,-0.0319463383741041,-0.0691082052272383,-0.0371618668531342
"80381",0.373873890538001,0.104045287626869,0.230492514697867,-0.126447227070998,-0.269828602911132,-0.143381375840134
"360420",0.243842305346291,0.0735532275449494,0.153038035006539,-0.0794848074615898,-0.170289077801341,-0.0908042703397516
"19601",0.158901802712082,0.0758721371979263,0.115042553869116,-0.0391704166711892,-0.0830296655141557,-0.0438592488429665
"71979",0.091608966466655,0.0614778055642407,0.0754882226523028,-0.0140104170880621,-0.0301311609024142,-0.0161207438143521
"360501",0.0758139686633291,0.0376861337197301,0.055290961308767,-0.0176048275890369,-0.038127834943599,-0.0205230073545621
"312930",0.049550484435328,0.0321839382645832,0.0406497629965625,-0.00846582473197927,-0.0173665461707448,-0.00890072143876552
"523328",1.30928622823975,0.141755960263924,1.30928622823975,-1.16753026797583,-1.16753026797583,0
"120426",0.0393208148705237,0.023733210940826,0.0310442164936726,-0.00731100555284659,-0.0155876039296977,-0.0082765983768511
"499765",0.0554434911156122,0.0544422417812312,0.0549577860884087,-0.000515544307177485,-0.00100124933438101,-0.000485705027203527
"308247",0.135708614964632,0.0634272937592511,0.0972403142093263,-0.0338130204500752,-0.0722813212053807,-0.0384683007553055
"162803",0.237198397715101,0.0761141873415118,0.146871810008797,-0.0707576226672848,-0.16108421037359,-0.0903265877063048
"91115",0.135715176481431,0.0587346107953834,0.0947878252426545,-0.0360532144472711,-0.0769805656860476,-0.0409273512387764
"421951",0.136133597968601,0.0719058373289037,0.101447074092618,-0.0295412367637141,-0.0642277606396973,-0.0346865238759833
"150976",0.430267643240489,0.0880588285584403,0.240788973127569,-0.152730144569129,-0.342208814682049,-0.18947867011292
"438034",0.0415230942389167,0.0251514833606767,0.0327641690784122,-0.00761268571773548,-0.01637161087824,-0.00875892516050457
"108673",0.059936015660347,0.0468174907029086,0.0531266673967627,-0.00630917669385404,-0.0131185249574383,-0.00680934826358429
"182912",0.0289534881435679,0.030251360182588,0.0296299244574075,0.00062143572518053,0.00129787203902007,0.000676436313839537
"23588",0.0440860492496571,0.0344724260782696,0.0390451235870721,-0.00457269750880249,-0.00961362317138749,-0.005040925662585
"71544",0.0321103598669189,0.0267082288603454,0.029419171218688,-0.00271094235834264,-0.00540213100657356,-0.00269118864823092
"236188",0.243568099346523,0.0844197060435566,0.154961681009513,-0.0705419749659564,-0.159148393302966,-0.08860641833701
"57821",0.17911762024636,0.0685922893757963,0.118185629745157,-0.0495933403693608,-0.110525330870563,-0.0609319905012025
"26279",0.0482487916484111,0.043140747143896,0.0454589362974679,-0.00231818915357189,-0.00510804450451507,-0.00278985535094318
"463389",0.182996707549564,0.077584778164596,0.126504193589124,-0.0489194154245283,-0.105411929384968,-0.0564925139604397
"431456",0.0441175724163755,0.0378346993227286,0.0410845306538091,-0.00324983133108055,-0.00628287309364687,-0.00303304176256632
"230606",0.132061898388455,0.0757014493499019,0.101645264447425,-0.0259438150975235,-0.0563604490385534,-0.0304166339410299
"419024",0.277997183851169,0.0808944989230462,0.173838595588362,-0.0929440966653157,-0.197102684928123,-0.104158588262807
"196580",0.283561352337171,0.083430415498712,0.174096677664179,-0.0906662621654669,-0.200130936838459,-0.109464674672992
"302727",0.0578715678106563,0.0417444811915722,0.049138179849947,-0.00739369865837483,-0.0161270866190842,-0.00873338796070934
"100775",1.61843577079279,0.105371483962431,1.61843577079279,-1.51306428683036,-1.51306428683036,0
"261909",0.0795696230127913,0.0285083201796868,0.0529932225334304,-0.0244849023537436,-0.0510613028331045,-0.0265764004793609
"358455",0.409372374861667,0.0960219454090868,0.230757088701594,-0.134735143292507,-0.313350429452581,-0.178615286160074
"292279",0.209928446396346,0.065702168302038,0.126153401076147,-0.0604512327741092,-0.144226278094308,-0.0837750453201989
"435566",0.0859382457051621,0.0529386479575124,0.0687670416194473,-0.015828393661935,-0.0329995977476497,-0.0171712040857148
"222797",0.461172468959789,0.1351074553502,0.288005187420789,-0.152897732070589,-0.326065013609589,-0.173167281539
"448217",0.0535044281212178,0.0568514603553269,0.0552947434642087,0.00155671689111813,0.00334703223410912,0.00179031534299099
"145139",0.181523648603283,0.0760558062844369,0.125519795395686,-0.049463989111249,-0.105467842318846,-0.0560038532075975
"356765",0.163303814239105,0.0394435043247047,0.0891288612444074,-0.0496853569197027,-0.1238603099144,-0.0741749529946975
"20253",0.196426650220791,0.0452221376312237,0.10866369866032,-0.0634415610290966,-0.151204512589568,-0.087762951560471
"154030",0.258765603153096,0.0878567572520054,0.164222839709997,-0.076366082457992,-0.170908845901091,-0.0945427634430987
"362086",0.116843927575157,0.0659231304259756,0.0909929964979923,-0.0250698660720167,-0.0509207971491814,-0.0258509310771648
"87082",0.0545517281897396,0.0436077564218898,0.0489158081007297,-0.00530805167883985,-0.0109439717678498,-0.00563592008900997
"459880",1.11389657390253,0.173776425307851,1.11389657390253,-0.940120148594677,-0.940120148594677,0
"187297",6.01813827728906,0.307705524738062,6.01813827728906,-5.710432752551,-5.710432752551,0
"436917",0.0598614011008499,0.0436809141603024,0.0513686046623744,-0.00768769050207205,-0.0161804869405475,-0.00849279643847549
"39702",0.131395472254236,0.0563996708835965,0.0915187608067067,-0.0351190899231102,-0.0749958013706391,-0.0398767114475289
"321938",0.127081619397584,0.065314119122154,0.0945560172804322,-0.0292418981582781,-0.0617675002754296,-0.0325256021171515
"175903",0.320160932407891,0.106123660352203,0.204169928824497,-0.0980462684722932,-0.214037272055688,-0.115991003583395
"514186",0.0514597519176174,0.0440570877971725,0.0475024098149996,-0.00344532201782709,-0.00740266412044487,-0.00395734210261778
"11571",0.183827810226661,0.0602639435620458,0.117945632133032,-0.0576816885709858,-0.123563866664615,-0.0658821780936293
"358743",1.0187497613015,0.112104185645583,1.0187497613015,-0.906645575655921,-0.906645575655921,0
"340411",0.260143628249118,0.0829608816783744,0.164838062800002,-0.081877181121628,-0.177182746570744,-0.0953055654491157
"382958",5.94510069417255,0.394532923548238,5.94510069417255,-5.55056777062432,-5.55056777062432,0
"387389",0.0288540013270889,0.0357310703497114,0.0322988855251258,0.00343218482458568,0.00687706902262256,0.00344488419803689
"276266",0.0141396573779685,0.0256523290426818,0.0197479757648687,0.00590435327781314,0.0115126716647133,0.00560831838690017
"291619",0.0341256042242219,0.0385770271819773,0.036395718098847,0.00218130908313028,0.00445142295775531,0.00227011387462503
"416700",0.209084475168458,0.0529425427920982,0.109461778956107,-0.0565192361640092,-0.15614193237636,-0.099622696212351
"454549",0.193564177718588,0.0732897303771426,0.128280650117337,-0.0549909197401948,-0.120274447341445,-0.0652835276012502
"434432",0.0356007926274628,0.022213886792957,0.0288105671729019,-0.00659668037994484,-0.0133869058345058,-0.00679022545456098
"544295",0.0729665396752809,0.0393820325481996,0.0552806048455261,-0.0158985722973264,-0.0335845071270813,-0.0176859348297548
"139501",0.0677359959349218,0.0356887656624325,0.0513007135624271,-0.0156119478999945,-0.0320472302724893,-0.0164352823724948
"141568",0.188395691400992,0.0694955776932339,0.124654926507846,-0.0551593488146119,-0.118900113707758,-0.0637407648931458
"570221",0.559065096696795,0.133800257212048,0.325100093418604,-0.191299836206556,-0.425264839484747,-0.233965003278191
"135069",1.67005770594029,0.127479650178063,1.67005770594029,-1.54257805576223,-1.54257805576223,0
"264019",0.116237683393164,0.0808820689263487,0.0980404146591833,-0.0171583457328346,-0.0353556144668156,-0.018197268733981
"113841",0.191780157451997,0.026391687822792,0.191780157451997,-0.165388469629205,-0.165388469629205,0
"365425",0.154442355981758,0.0616523066658927,0.104234944907834,-0.0425826382419409,-0.0927900493158649,-0.050207411073924
"294155",0.120160253947682,0.0715629012828418,0.09495341898735,-0.0233905177045082,-0.04859735266484,-0.0252068349603318
"467800",0.165932671800132,0.0293814425531405,0.165932671800132,-0.136551229246991,-0.136551229246991,0
"508485",0.082661512824338,0.0535196831405785,0.0671275854645286,-0.0136079023239501,-0.0291418296837595,-0.0155339273598094
"90121",0.0123116443925382,0.0251316369894334,0.0184550643457017,0.00667657264373171,0.0128199925968952,0.00614341995316352
"236771",0.18509241725405,0.0599144336343125,0.118146261442339,-0.0582318278080266,-0.125177983619737,-0.0669461558117105
"255564",0.0413553921234347,0.0482449363807622,0.0449989338547835,0.00324600252597866,0.00688954425732745,0.00364354173134879
"199468",0.318396445316233,0.0305542153420363,0.318396445316233,-0.287842229974197,-0.287842229974197,0
"470060",0.0519344092085448,0.0521454735062842,0.0520327911134001,0.000112682392884159,0.000211064297739448,9.83819048552895e-05
"120197",0.297222331639753,0.123669618829288,0.206119655325824,-0.0824500364965358,-0.173552712810466,-0.0911026763139298
"262172",0.132763469497615,0.055109322615761,0.0906294396311095,-0.0355201170153485,-0.0776541468818544,-0.0421340298665059
"309142",0.0681780143523284,0.0428943303204846,0.0553763932978666,-0.012482062977382,-0.0252836840318438,-0.0128016210544618
"508257",0.0708419461622785,0.0386612610605192,0.0539778032352194,-0.0153165421747001,-0.0321806851017593,-0.0168641429270592
"101921",0.0210339763443769,0.0254181578448217,0.0232105863055218,0.00220757153929989,0.00438418150044476,0.00217660996114487
"577673",0.146198934440831,0.0694699761914933,0.104556176125758,-0.0350861999342642,-0.0767289582493376,-0.0416427583150734
"279035",0.129390684263836,0.0533097103995391,0.089938126283649,-0.0366284158841099,-0.0760809738642966,-0.0394525579801867
"78583",0.121050258824422,0.0448403513929226,0.0793912986889221,-0.0345509472959995,-0.0762099074314995,-0.0416589601355
"218840",0.789913112186619,0.160789332063482,0.398641043385766,-0.237851711322284,-0.629123780123137,-0.391272068800854
"59529",0.236560842119503,0.0986327473995038,0.161583300077525,-0.0629505526780207,-0.137928094719999,-0.0749775420419784
"200908",0.065468184756093,0.0343812695905642,0.0491418276702612,-0.014760558079697,-0.0310869151655288,-0.0163263570858319
"490266",0.0723085826452604,0.0704185333287291,0.0709827612740267,-0.000564227945297618,-0.00189004931653132,-0.0013258213712337
"302125",0.186398813790936,0.0806910557913526,0.129640663786377,-0.048949607995024,-0.105707757999584,-0.0567581500045596
"486415",0.0996019698528957,0.0322163376849416,0.0632226728018376,-0.031006335116896,-0.0673856321679541,-0.0363792970510581
"506177",0.505743113163445,0.117116109151937,0.294596338024591,-0.177480228872654,-0.388627004011507,-0.211146775138854
"50309",0.074752247447821,0.0462371729692791,0.0602261232743371,-0.013988950305058,-0.0285150744785419,-0.0145261241734838
"395390",0.261829624726649,0.0938339435786613,0.167755195558722,-0.0739212519800603,-0.167995681147988,-0.0940744291679276
"25598",0.0733097359734551,0.050764803853592,0.0616103931661428,-0.0108455893125509,-0.0225449321198631,-0.0116993428073123
"350245",0.207553735931742,0.0855465896541991,0.140766423449322,-0.0552198337951233,-0.122007146277543,-0.0667873124824192
"305986",0.252507185423902,0.0797826018952138,0.160651451570188,-0.0808688496749739,-0.172724583528688,-0.0918557338537145
"340606",0.61141766154568,0.0991321701432399,0.61141766154568,-0.512285491402441,-0.512285491402441,0
"164980",0.113010635390819,0.0699596642915534,0.0901349627781665,-0.0201752984866131,-0.0430509710992659,-0.0228756726126528
"340165",0.0150096325961829,0.0304726205895453,0.0229456157915714,0.00752700479797382,0.0154629879933624,0.00793598319538859
"80204",0.181148003721757,0.0662729237669057,0.120615655478479,-0.0543427317115729,-0.114875079954851,-0.0605323482432783
"144250",0.0271309704305879,0.0374617188377041,0.0322751049912715,0.00518661384643269,0.0103307484071163,0.00514413456068358
"19284",0.0219777031477785,0.0314695339211482,0.0266053841347284,0.00486414978641972,0.00949183077336966,0.00462768098694994
"244802",0.193335940516797,0.0865659176322629,0.137061431949062,-0.050495514316799,-0.106770022884534,-0.0562745085677353
"155368",0.173236348812187,0.0683823044415261,0.115566688930766,-0.0471843844892397,-0.104854044370661,-0.0576696598814216
"177723",0.144163442565525,0.04888448782837,0.0929185191231935,-0.0440340312948235,-0.0952789547371549,-0.0512449234423314
"424535",0.161294233468619,0.0639547823053418,0.109627707998595,-0.0456729256932529,-0.0973394511632776,-0.0516665254700247
"541696",1.63747988895571,0.110195396098935,1.63747988895571,-1.52728449285677,-1.52728449285677,0
"39923",0.13386688091134,0.0716965278735503,0.100731279040734,-0.0290347511671839,-0.0621703530377897,-0.0331356018706058
"318388",0.188156900390371,0.0853724082283302,0.133141197846442,-0.0477687896181114,-0.102784492162041,-0.0550157025439292
"357885",1.04099758805949,0.227875229005886,0.562332199685139,-0.334456970679253,-0.8131223590536,-0.478665388374348
"521215",0.0386436611361379,0.0268989915525326,0.0327246852507007,-0.0058256936981681,-0.0117446695836053,-0.00591897588543724
"101579",0.874578830554094,0.0833115606265724,0.874578830554094,-0.791267269927521,-0.791267269927521,0
"249963",0.0481612860785097,0.0264232599711083,0.0368556522875755,-0.0104323923164672,-0.0217380261074014,-0.0113056337909342
"227433",0.0635621622301696,0.0444842287127144,0.0532839249965456,-0.00879969628383118,-0.0190779335174552,-0.010278237233624
"425282",0.12093902575532,0.0661619796434274,0.0925855435944734,-0.026423563951046,-0.0547770461118931,-0.0283534821608471
"369545",0.0774222211781818,0.0463218586390023,0.0603426518279716,-0.0140207931889693,-0.0311003625391795,-0.0170795693502102
"571647",0.0771920230145398,0.0508204177100765,0.0632373143849821,-0.0124168966749056,-0.0263716053044634,-0.0139547086295577
"153526",0.0359782238270214,0.0250830200652927,0.0304827437612797,-0.00539972369598705,-0.0108952037617287,-0.00549548006574165
"44959",0.0837041622232135,0.0613392493613037,0.0722913518633534,-0.0109521025020498,-0.0223649128619099,-0.0114128103598601
"481468",0.0507044365049053,0.0361685979212798,0.0432236653879233,-0.00705506746664347,-0.0145358385836254,-0.00748077111698198
"453347",0.149428621692043,0.0865834680403569,0.11575393079191,-0.029170462751553,-0.0628451536516858,-0.0336746909001328
"438884",0.0608596362952375,0.0640376570353631,0.0625573756007126,0.00148028143465048,0.00317802074012558,0.00169773930547509
"297444",0.170399672266425,0.113983753551785,0.142282567054445,-0.0282988135026604,-0.05641591871464,-0.0281171052119796
"87280",0.129259171076908,0.0824044395833009,0.105302336409282,-0.0228978968259808,-0.0468547314936067,-0.0239568346676258
"368140",1.71701460154889,0.127842500175724,1.71701460154889,-1.58917210137317,-1.58917210137317,0
"44964",0.589862799070248,0.145975324004325,0.353963897258273,-0.207988573253948,-0.443887475065923,-0.235898901811975
"94555",0.192435975795153,0.080367764979505,0.133135132836097,-0.0527673678565923,-0.112068210815648,-0.0593008429590559
"287064",0.225987943093166,0.116035246031604,0.165504078005208,-0.0494688319736034,-0.109952697061562,-0.0604838650879583
"101722",0.0844433896073528,0.0693003768534209,0.0763282286459904,-0.00702785179256948,-0.0151430127539319,-0.00811516096136237
"483220",0.264205071194798,0.089615123781906,0.170408998985134,-0.0807938752032275,-0.174589947412892,-0.0937960722096646
"320186",0.0874288558238925,0.059616725273187,0.0723628525604252,-0.0127461272872382,-0.0278121305507055,-0.0150660032634673
"121442",0.861041665574017,0.0809007727284946,0.861041665574017,-0.780140892845522,-0.780140892845522,0
"506182",0.0661337994696381,0.0555604265613233,0.0606243771833908,-0.00506395062206746,-0.0105733729083148,-0.00550942228624731
"46021",0.424310615852418,0.138530947204526,0.2791501848218,-0.140619237617275,-0.285779668647892,-0.145160431030618
"397815",0.0815182167564483,0.067802468345288,0.0741581027986695,-0.00635563445338144,-0.0137157484111603,-0.00736011395777882
"11032",0.125547306630875,0.0845360377181252,0.10236152474614,-0.0178254870280151,-0.0410112689127499,-0.0231857818847347
"433639",0.180657387113117,0.0934510504166053,0.133915629819188,-0.040464579402583,-0.0872063366965118,-0.0467417572939288
"137149",0.478787612304937,0.147553735404788,0.265450256307986,-0.117896520903198,-0.33123387690015,-0.213337355996951
"397782",0.351746682891746,0.11424126171692,0.222379316572719,-0.108138054855799,-0.237505421174826,-0.129367366319027
"86478",0.191671166452746,0.0905150434840153,0.135914025906247,-0.0453989824222312,-0.10115612296873,-0.0557571405464991
"24856",0.400438044399159,0.082731217458014,0.224897320154419,-0.142166102696405,-0.317706826941145,-0.17554072424474
"350944",0.0312008061558791,0.0466626007120745,0.0391602620918805,0.00750233862019405,0.0154617945561954,0.00795945593600139
"497340",0.109687708966555,0.0696203336954518,0.0892714051251848,-0.019651071429733,-0.0400673752711033,-0.0204163038413703
"131749",0.237154377894817,0.0881207774584703,0.156508743637409,-0.0683879661789392,-0.149033600436347,-0.0806456342574075
"98044",0.145884880806364,0.0627448944072601,0.10076209283083,-0.0380171984235697,-0.0831399863991042,-0.0451227879755345
"559735",0.175760288685212,0.0300869322289178,0.175760288685212,-0.145673356456294,-0.145673356456294,0
"157473",0.0204090025481351,0.0266591158147026,0.0235551215631621,0.00310399425154051,0.00625011326656743,0.00314611901502692
"186693",0.502364668526695,0.0856372704848207,0.502364668526695,-0.416727398041874,-0.416727398041874,0
"73540",0.530503394575915,0.0836233040768358,0.530503394575915,-0.446880090499079,-0.446880090499079,0
"250881",0.16273496314966,0.0884207517510737,0.12529258882163,-0.0368718370705562,-0.0743142113985866,-0.0374423743280304
"39035",0.0744840263019558,0.0381340406679505,0.0558040766945438,-0.0176700360265934,-0.0363499856340054,-0.018679949607412
"252052",0.0492120491325105,0.0449666061044052,0.046998510317687,-0.00203190421328181,-0.00424544302810531,-0.0022135388148235
"166316",0.196134382389657,0.0795119710039624,0.132428881439439,-0.0529169104354768,-0.116622411385694,-0.0637055009502176
"496514",0.589025314307954,0.126933217201739,0.334612837071237,-0.207679619869497,-0.462092097106215,-0.254412477236718
"206285",0.276024982421342,0.0740155289311909,0.163460428646883,-0.0894448997156917,-0.202009453490151,-0.112564553774459
"56717",0.0566681942095651,0.0419411618054243,0.0492241934221516,-0.00728303161672732,-0.0147270324041408,-0.00744400078741349
"480617",0.386082542559341,0.0907299566484841,0.213905695171998,-0.123175738523514,-0.295352585910857,-0.172176847387343
"419924",0.189622707424768,0.09110812132423,0.137486079069093,-0.0463779577448628,-0.0985145861005377,-0.0521366283556748
"486030",0.0142569428570884,0.0269106459755896,0.020371813475843,0.00653883249974659,0.0126537031185012,0.00611487061875457
"529314",0.283740322804071,0.0945404416644103,0.184496087915413,-0.0899556462510023,-0.189199881139661,-0.0992442348886585
"382834",0.193986358041153,0.0676191340451647,0.125529438743623,-0.0579103046984586,-0.126367223995988,-0.0684569192975299
"85656",0.0360994416871765,0.0323772039326486,0.0341165579949939,-0.00173935406234533,-0.00372223775452787,-0.00198288369218254
"566491",0.433925575648788,0.107394133835544,0.263235329627537,-0.155841195791993,-0.326531441813245,-0.170690246021252
"22901",0.0501218747314206,0.0400091636536748,0.0450806485036434,-0.00507148484996857,-0.0101127110777458,-0.00504122622777722
"446722",0.0502327699869033,0.0374911314244145,0.0437114323626623,-0.00622030093824774,-0.0127416385624888,-0.00652133762424104
"396313",0.0247003261596284,0.0212244071463684,0.0229768979492646,-0.00175249080289612,-0.00347591901325994,-0.00172342821036382
"186990",0.098763276877037,0.0465058185406976,0.071592802499822,-0.0250869839591244,-0.0522574583363394,-0.0271704743772151
"442278",0.051480996891543,0.0285451873306101,0.0393397672567627,-0.0107945799261525,-0.0229358095609329,-0.0121412296347803
"71613",0.0494124600202393,0.0405190260230809,0.0449153628581509,-0.00439633683506992,-0.00889343399715838,-0.00449709716208846
"353926",0.0440669989062193,0.0375104233346449,0.0407376966141961,-0.00322727327955123,-0.00655657557157438,-0.00332930229202315
"485642",0.106080807978456,0.0502991307933546,0.0761782277659523,-0.0258790969725977,-0.0557816771851015,-0.0299025802125037
"176301",3.3588586388209,0.269858251784979,3.3588586388209,-3.08900038703592,-3.08900038703592,0
"49916",0.105549083011374,0.0545826026543305,0.0787300488119119,-0.0241474461575813,-0.0509664803570433,-0.026819034199462
"199529",0.299548837027495,0.0914061989479381,0.188716444014061,-0.0973102450661228,-0.208142638079557,-0.110832393013434
"71209",4.97710102857942,0.0525412764010787,4.97710102857942,-4.92455975217834,-4.92455975217834,0
"347980",0.559677776939554,0.117500372922949,0.317217779484056,-0.199717406561107,-0.442177404016605,-0.242459997455498
"166189",0.372597968730033,0.148498649641573,0.254129715847219,-0.105631066205647,-0.22409931908846,-0.118468252882813
"381864",0.105111243462705,0.0528899410166588,0.0768495661203341,-0.0239596251036753,-0.0522213024460463,-0.0282616773423711
"336386",0.173298196012462,0.0867936226492813,0.129022046022459,-0.0422284233731777,-0.0865045733631804,-0.0442761499900027
"308624",0.208766694658701,0.0780430871899383,0.138517718736601,-0.0604746315466631,-0.130723607468762,-0.0702489759220992
"216114",0.0462890692094244,0.0185849031210764,0.0320953693530833,-0.0135104662320069,-0.027704166088348,-0.0141936998563411
"220087",0.290711903995557,0.0863609813566236,0.178161420851446,-0.0918004394948219,-0.204350922638934,-0.112550483144112
"49559",0.102072040856725,0.0653993462933726,0.0827088663976707,-0.0173095201042981,-0.0366726945633528,-0.0193631744590548
"386657",0.120292345665736,0.0462029893273355,0.0808686632442464,-0.034665673916911,-0.0740893563384009,-0.0394236824214899
"493086",0.0514549622592957,0.0421930882770995,0.0465637531101889,-0.00437066483308939,-0.0092618739821962,-0.00489120914910681
"457829",0.0339246423691807,0.0434618969233505,0.0390511312214146,0.00441076570193594,0.00953725455416982,0.00512648885223387
"136714",0.245419613753434,0.142377684184534,0.190516601343672,-0.0481389171591382,-0.1030419295689,-0.0549030124097621
"65094",0.0166869962048908,0.0251662742366411,0.0207887809775751,0.00437749325906604,0.00847927803175032,0.00410178477268428
"85832",0.0904366560986641,0.0524637426919288,0.070691973036685,-0.0182282303447562,-0.0379729134067353,-0.0197446830619791
"154457",0.299022394540047,0.107670776298817,0.196295717474733,-0.088624941175916,-0.19135161824123,-0.102726677065314
"229891",0.0667847224924942,0.0485556431605614,0.0576305830175719,-0.00907493985701045,-0.0182290793319328,-0.00915413947492239
"415413",0.0600963137353554,0.0434099692899896,0.0507854140559974,-0.00737544476600787,-0.0166863444453659,-0.00931089967935801
"309884",0.154555304270729,0.0637792536901793,0.103798020251812,-0.0400187665616324,-0.0907760505805493,-0.050757284018917
"138750",0.196815429420505,0.0604326784894423,0.12360403448951,-0.0631713560000675,-0.136382750931063,-0.0732113949309952
"543893",2.06163379281441,0.394075800880171,2.06163379281441,-1.66755799193424,-1.66755799193424,0
"421647",0.112952857227068,0.0591693490987205,0.0830050547885685,-0.023835705689848,-0.0537835081283475,-0.0299478024384995
"155731",0.393420448257771,0.0785187935193155,0.224909511306523,-0.146390717787207,-0.314901654738455,-0.168510936951248
"305640",0.0274458383273707,0.02094630349965,0.0242272735143856,-0.00328097001473568,-0.00649953482772072,-0.00321856481298504
"214299",0.225455461806681,0.110835205360651,0.166841095221885,-0.0560058898612337,-0.11462025644603,-0.0586143665847965
"382061",0.295922045466398,0.0568165231173224,0.295922045466398,-0.239105522349076,-0.239105522349076,0
"205055",0.0477237139609033,0.0354075876010243,0.0414549110990398,-0.00604732349801546,-0.012316126359879,-0.00626880286186349
"471332",0.300310707557157,0.117220234425587,0.204418805451182,-0.0871985710255947,-0.18309047313157,-0.0958919021059754
"497153",0.228063174992367,0.0978734682548881,0.159939606308078,-0.0620661380531899,-0.130189706737479,-0.0681235686842886
"480335",0.0935525984192875,0.0651150445577446,0.0785979446053333,-0.0134829000475888,-0.028437553861543,-0.0149546538139542
"452626",0.0272661351158457,0.0324720652305753,0.0298775738670755,0.00259449136349983,0.00520593011472962,0.00261143875122979
"121782",0.0614274536089794,0.054003215247799,0.0574981552668692,-0.00349494001907014,-0.00742423836118038,-0.00392929834211024
"568450",0.355275733000433,0.0749932788931352,0.200232484310688,-0.125239205417553,-0.280282454107298,-0.155043248689746
"138694",0.0837236703355786,0.0495933442194421,0.066276343241297,-0.0166829990218548,-0.0341303261161364,-0.0174473270942816
"191680",0.253445965537352,0.120907899749203,0.183480287272289,-0.0625723875230867,-0.132538065788149,-0.0699656782650623
"122321",0.0798926767662746,0.0553775790253385,0.0666324790843435,-0.011254900059005,-0.0245150977409361,-0.0132601976819311
"29346",0.877196810897145,0.144926331081204,0.877196810897145,-0.732270479815941,-0.732270479815941,0
"22017",0.161865534563127,0.0524509652816608,0.102561665834902,-0.0501107005532414,-0.109414569281466,-0.0593038687282247
"557316",0.159575566926302,0.0883786564123426,0.122625142600624,-0.034246486188281,-0.0711969105139594,-0.0369504243256785
"24385",0.0715887523241852,0.0409713188067849,0.0555150272802836,-0.0145437084734987,-0.0306174335174003,-0.0160737250439016
"453365",0.0639163285030031,0.0497829369781039,0.0562511487522838,-0.00646821177417984,-0.0141333915248992,-0.00766517975071936
"433481",0.792504585697518,0.123431139409485,0.792504585697518,-0.669073446288034,-0.669073446288034,0
"288977",0.122050742239588,0.0909325154958767,0.106245138863039,-0.0153126233671625,-0.0311182267437113,-0.0158056033765488
"184692",0.179842014032423,0.116046964617745,0.147239727031986,-0.0311927624142409,-0.0637950494146777,-0.0326022870004369
"543550",0.728086218458294,0.159234465356612,0.37640384016763,-0.217169374811018,-0.568851753101683,-0.351682378290664
"342715",0.00604389394940005,0.0161657877082921,0.0104591814618495,0.00570660624644256,0.010121893758892,0.00441528751244947
"568365",0.018569280813089,0.0163229598944205,0.0175403991612908,-0.00121743926687029,-0.00224632091866844,-0.00102888165179815
"245621",0.114170488156918,0.0580974681770341,0.0838959245462316,-0.0257984563691975,-0.0560730199798841,-0.0302745636106866
"197906",1.08194462477971,0.133578425233707,1.08194462477971,-0.948366199546003,-0.948366199546003,0
"217471",0.154973752723748,0.102947032171793,0.128448979615849,-0.0255019474440558,-0.0520267205519551,-0.0265247731078994
"233076",0.0220527357530884,0.0239306677005233,0.0229436522040685,0.00098701549645484,0.00187793194743493,0.000890916450980085
"179653",0.282019515498962,0.0788219733768145,0.172081002927695,-0.0932590295508806,-0.203197542122148,-0.109938512571267
"91560",0.0954715778921454,0.0552703227258513,0.0739818561363559,-0.0187115334105046,-0.0402012551662941,-0.0214897217557895
"260075",0.0690506000153588,0.0573857740041434,0.0630769374127296,-0.00569116340858625,-0.0116648260112154,-0.00597366260262919
"424637",0.0805516155817905,0.0666877662640369,0.0733486577439097,-0.00666089147987284,-0.0138638493177536,-0.00720295783788075
"111277",0.332702211859469,0.140655982556965,0.231168978651462,-0.090512996094497,-0.192046229302503,-0.101533233208006
"485183",0.131815733710612,0.0662482896729327,0.0977312570313265,-0.0314829673583938,-0.0655674440376796,-0.0340844766792858
"401054",0.0635900081085917,0.0523826132411885,0.0576020623118512,-0.00521944907066277,-0.0112073948674032,-0.00598794579674047
"552780",0.160225387535645,0.0650054165936146,0.109811985583584,-0.0448065689899695,-0.0952199709420307,-0.0504134019520612
"16972",0.115672033004356,0.0598983604463874,0.0860969080192053,-0.0261985475728179,-0.0557736725579686,-0.0295751249851507
"205255",0.0911286229379805,0.0452862640184195,0.0663332710534828,-0.0210470070350634,-0.045842358919561,-0.0247953518844976
"71923",0.233441271562736,0.0884884689520533,0.154828022742417,-0.0663395537903633,-0.144952802610682,-0.0786132488203191
"77225",0.137673723456807,0.075691117605402,0.104975868774466,-0.0292847511690636,-0.0619826058514047,-0.0326978546823411
"25331",0.204559966732325,0.0292687388090135,0.204559966732325,-0.175291227923311,-0.175291227923311,0
"39066",0.0671471441044933,0.0518939750044842,0.0592803174442019,-0.0073863424397177,-0.015253169100009,-0.00786682666029134
"175682",0.170533887290977,0.122667602816887,0.146116899480053,-0.0234492966631651,-0.0478662844740897,-0.0244169878109246
"419658",0.077409919612567,0.0565635670654077,0.065617245905962,-0.00905367884055425,-0.0208463525471593,-0.0117926737066051
"26527",0.201110739059134,0.0708283459263168,0.131738536064183,-0.0609101901378666,-0.130282393132817,-0.0693722029949503
"160648",0.100417944314148,0.0631917077121065,0.0803843122641119,-0.0171926045520054,-0.037226236602042,-0.0200336320500366
"412324",0.0631693390613065,0.0375319857235539,0.0499405071671185,-0.0124085214435646,-0.0256373533377525,-0.0132288318941879
"37466",6.51688766643173,0.331565727733731,6.51688766643173,-6.185321938698,-6.185321938698,0
"121152",0.0750385983754888,0.0346299771388029,0.0542793467719614,-0.0196493696331584,-0.0404086212366859,-0.0207592516035275
"418942",0.0155888977168621,0.0198513192357431,0.0178309791588274,0.00202034007691571,0.00426242151888091,0.00224208144196521
"332246",0.265874763556861,0.129423355834809,0.193379401752411,-0.0639560459176019,-0.136451407722052,-0.0724953618044497
"257869",0.0693565286123094,0.0591338550905897,0.0640726129979392,-0.00493875790734944,-0.0102226735217197,-0.00528391561437028
"128540",0.0631207229579507,0.0517510291786858,0.0569567947719279,-0.00520576559324212,-0.0113696937792649,-0.00616392818602281
"523787",0.0465266590254354,0.0289914320723139,0.0377063053512301,-0.00871487327891619,-0.0175352269531215,-0.00882035367420532
"118602",0.104190173057869,0.0504769898547648,0.076190187419581,-0.0257131975648161,-0.0537131832031039,-0.0279999856382878
"248690",0.0663137302786252,0.058265873897439,0.0620885142589866,-0.00382264036154763,-0.00804785638118627,-0.00422521601963864
"358532",0.0509613045146426,0.0387669569260964,0.0444069339495688,-0.0056399770234724,-0.0121943475885462,-0.0065543705650738
"193955",0.192940293583783,0.0629572752562932,0.123937137311441,-0.060979862055148,-0.12998301832749,-0.0690031562723416
"544231",0.0614498678917975,0.060770949500633,0.0611114718690185,-0.000340522368385505,-0.000678918391164504,-0.000338396022778999
"8012",0.00994955247989038,0.0200194433298459,0.0147927885395235,0.00522665479032245,0.0100698908499555,0.00484323605963309
"397071",0.0696977277350786,0.0494963585003568,0.0594336108126461,-0.00993725231228923,-0.0202013692347217,-0.0102641169224325
"33321",0.490441596847371,0.150242512578117,0.310316406268729,-0.160073893690611,-0.340199084269254,-0.180125190578642
"41853",0.152301379623059,0.0623329593091712,0.102008418408967,-0.0396754590997957,-0.0899684203138877,-0.050292961214092
"529592",0.0873614737104046,0.0566244029966903,0.0717069632072358,-0.0150825602105455,-0.0307370707137143,-0.0156545105031688
"108017",0.128357302431994,0.0629333858197384,0.0939145127384922,-0.0309811269187538,-0.0654239166122558,-0.034442789693502
"416650",0.713023008679655,0.0817575706682735,0.713023008679655,-0.631265438011381,-0.631265438011381,0
"421766",0.185795958441297,0.101012729511541,0.141153834392662,-0.0401411048811208,-0.0847832289297563,-0.0446421240486356
"39577",0.133161739728313,0.0486782920159285,0.0853944136402918,-0.0367161216243634,-0.0844834477123843,-0.0477673260880209
"4563",0.186871378759236,0.0650824761129959,0.115586436339916,-0.0505039602269206,-0.12178890264624,-0.0712849424193194
"347830",0.1046759554494,0.0675230233687228,0.0846132264760534,-0.0170902031073306,-0.0371529320806768,-0.0200627289733462
"292808",0.064050457806592,0.0427795176476249,0.0528331046359846,-0.0100535869883596,-0.021270940158967,-0.0112173531706074
"533720",0.0357192867574649,0.0363015328418838,0.0361027099713748,0.000198822870509055,0.000582246084418918,0.000383423213909863
"399780",0.124673547829572,0.0645769187170508,0.0915426703644013,-0.0269657516473505,-0.0600966291125212,-0.0331308774651707
"91114",0.0828193398578991,0.040549141255113,0.0606840824726395,-0.0201349412175265,-0.0422701986027861,-0.0221352573852596
"317222",0.385238945852514,0.187211710252982,0.283336464113884,-0.0961247538609019,-0.198027235599532,-0.10190248173863
"269638",0.120746562291721,0.0841165289024124,0.101947889594498,-0.0178313606920854,-0.0366300333893082,-0.0187986726972229
"233175",0.0157641433845571,0.0343511769400775,0.024988418592757,0.00936275834732049,0.0185870335555203,0.00922427520819985
"269405",0.0134830779312516,0.0220931024273665,0.01781082398799,0.00428227843937649,0.00861002449611482,0.00432774605673833
"316645",0.034894222488176,0.0417370000443645,0.03841752597729,0.00331947406707442,0.00684277755618842,0.003523303489114
"189377",0.0302146399578756,0.0259405084689283,0.0276099660608056,-0.00166945759187725,-0.0042741314889473,-0.00260467389707005
"131917",0.10135367524676,0.0393409139304242,0.0677726047911009,-0.0284316908606768,-0.0620127613163355,-0.0335810704556587
"220271",0.0748886743740005,0.0345156506142082,0.0530055251833093,-0.0184898745691012,-0.0403730237597924,-0.0218831491906912
"540203",0.0780481046796579,0.0434028201286864,0.0601712751469076,-0.0167684550182212,-0.0346452845509715,-0.0178768295327503
"300653",0.180015260878251,0.081386552010424,0.128366062849964,-0.0469795108395396,-0.098628708867827,-0.0516491980282874
"578037",0.0695374931672837,0.0703397482425921,0.0699100544443518,0.000429693798240302,0.000802255075308358,0.000372561277068056
"159921",0.188928062465142,0.0671757283664556,0.119478068033344,-0.0523023396668881,-0.121752334098687,-0.0694499944317985
"89770",0.696177758335935,0.132670438629984,0.696177758335935,-0.563507319705951,-0.563507319705951,0
"365417",0.0476287786057526,0.0391493276298615,0.0431630725164777,-0.0040137448866162,-0.00847945097589115,-0.00446570608927494
"458098",0.198601031042013,0.0882217747654539,0.141118679677699,-0.0528969049122455,-0.110379256276559,-0.0574823513643132
"27588",0.235010643457752,0.142164857302873,0.187211965672233,-0.04504710836936,-0.0928457861548798,-0.0477986777855198
"101105",0.109854843061941,0.0856031399395129,0.097772904849316,-0.0121697649098031,-0.0242517031224285,-0.0120819382126254
"528984",0.244206465604063,0.0895363977641877,0.160898751948377,-0.0713623541841889,-0.154670067839876,-0.0833077136556869
"572033",0.135330649418384,0.0694297196370163,0.100996091892388,-0.0315663722553719,-0.0659009297813674,-0.0343345575259955
"93761",0.102902053645013,0.0316323537137811,0.0629554959020917,-0.0313231421883107,-0.0712696999312318,-0.0399465577429211
"184375",0.119218648803948,0.0982234094857884,0.108726187516965,-0.0105027780311766,-0.0209952393181594,-0.0104924612869828
"315962",1.52725642153817,0.174308848133143,1.52725642153817,-1.35294757340502,-1.35294757340502,0
"208961",0.041210384233775,0.0290049206184946,0.03416574315387,-0.00516082253537536,-0.0122054636152803,-0.00704464107990495
"32676",0.0604043541915709,0.0457843462663408,0.0528201784614756,-0.0070358321951348,-0.0146200079252301,-0.00758417573009534
"56254",0.400066347662508,0.127332505912205,0.260028908320804,-0.132696402408599,-0.272733841750304,-0.140037439341705
"94892",0.234208391371292,0.141226825978242,0.188089842840219,-0.0468630168619771,-0.0929815653930506,-0.0461185485310735
"340151",0.0254509115847343,0.0258846432063631,0.0256354484043531,0.000249194802009987,0.00043373162162872,0.000184536819618733
"496169",0.0241033822548093,0.0304603529489133,0.0272766111322434,0.00318374181666987,0.00635697069410395,0.00317322887743409
"65866",0.0479556755642183,0.0325615051989512,0.039838858055277,-0.00727735285632577,-0.0153941703652671,-0.00811681750894137
"54223",0.140764311912336,0.0491536957213271,0.0912407513925439,-0.0420870556712168,-0.0916106161910087,-0.0495235605197919
"140304",0.282325400996796,0.115706960120467,0.195135677475708,-0.079428717355241,-0.166618440876329,-0.0871897235210879
"118847",0.0774929682617441,0.0534524161142299,0.0649888709272079,-0.011536454812978,-0.0240405521475142,-0.0125040973345362
"348283",0.0849555830173361,0.0499181112057773,0.0668800641504361,-0.0169619529446588,-0.0350374718115588,-0.0180755188669
"524294",0.0506699667682912,0.0399660182836132,0.0446255790963915,-0.00465956081277835,-0.0107039484846781,-0.00604438767189971
"286166",0.583489045044453,0.0486031522806291,0.583489045044453,-0.534885892763823,-0.534885892763823,0
"7994",2.12526798238573,0.137474552041315,2.12526798238573,-1.98779343034441,-1.98779343034441,0
"219198",0.0843766848810184,0.0505500567441294,0.0667022220140171,-0.0161521652698877,-0.033826628136889,-0.0176744628670013
"57001",0.468032015256953,0.204110522589531,0.333293084906764,-0.129182562317232,-0.263921492667422,-0.13473893035019
"227973",0.0785996729545291,0.0478366151111786,0.0622563843650366,-0.014419769253858,-0.0307630578433506,-0.0163432885894925
"536670",0.0263512679296853,0.031386381211881,0.0289171999543907,0.00246918125749021,0.00503511328219571,0.00256593202470549
"491679",0.162723550977642,0.12137995444604,0.141505150646521,-0.020125196200481,-0.0413435965316022,-0.0212184003311212
"84957",10,0.409954144391586,10,-9.59004585560841,-9.59004585560841,0
"117299",0.412093958177485,0.151766305485642,0.277469242603651,-0.125702937118009,-0.260327652691843,-0.134624715573834
"86428",0.10683856839416,0.057378324556197,0.0799356916995357,-0.0225573671433386,-0.0494602438379634,-0.0269028766946248
"416922",1.60028641689889,0.130678753299924,1.60028641689889,-1.46960766359897,-1.46960766359897,0
"224539",0.618880533527938,0.14767132086201,0.364521819585392,-0.216850498723382,-0.471209212665928,-0.254358713942547
"519363",0.0566786014457172,0.0467563460640016,0.0515384595154944,-0.0047821134514928,-0.00992225538171565,-0.00514014193022285
"90433",0.0840902932840062,0.0640370520041579,0.0735378804887846,-0.00950082848462679,-0.0200532412798484,-0.0105524127952216
"151440",0.0354110025251121,0.0445855611543402,0.0403348199233941,0.00425074123094602,0.00917455862922811,0.00492381739828208
"18916",0.29421181217623,0.0616778653099168,0.165238084733366,-0.103560219423449,-0.232533946866313,-0.128973727442864
"348384",0.0329697536608113,0.0268560771037672,0.0299022385499836,-0.00304616144621641,-0.00611367655704414,-0.00306751511082773
"470263",0.289494377137785,0.0890724514242234,0.183261531260412,-0.0941890798361883,-0.200421925713561,-0.106232845877373
"137364",0.0918785832594178,0.0608828267208218,0.0760395768898485,-0.0151567501690267,-0.030995756538596,-0.0158390063695693
"74652",0.142732670827073,0.0677718774294133,0.101672558906218,-0.0339006814768051,-0.0749607933976601,-0.041060111920855
"278775",0.0257712151948799,0.0309265408867535,0.0284124754156395,0.00251406547111398,0.00515532569187354,0.00264126022075957
"50949",0.0823162978250035,0.051585958455954,0.0664519774464703,-0.0148660189905162,-0.0307303393690495,-0.0158643203785333
"577841",0.0486397959633783,0.0540123966788628,0.0514766268225461,0.00253576985631662,0.00537260071548442,0.0028368308591678
"317776",0.32543110743606,0.125865183953647,0.219860758943757,-0.0939955749901106,-0.199565923482413,-0.105570348492303
"289897",0.135778311213986,0.0538510528644746,0.0917289390437031,-0.0378778861792285,-0.0819272583495113,-0.0440493721702828
"249644",0.0498889997539987,0.0419868425028576,0.0456813045078774,-0.00369446200501974,-0.00790215725114101,-0.00420769524612127
"472210",0.10038578712918,0.0723430727351138,0.0845293055566651,-0.0121862328215514,-0.0280427143940658,-0.0158564815725144
"379599",0.283426492835754,0.119422835697111,0.198872176073868,-0.0794493403767576,-0.164003657138644,-0.0845543167618861
"5247",0.126164386479808,0.0526556082370519,0.0854775099055878,-0.0328219016685359,-0.0735087782427565,-0.0406868765742206
"463658",0.0770052504272223,0.0462006433941048,0.0603267047214884,-0.0141260613273835,-0.0308046070331174,-0.0166785457057339
"52661",0.509742643811943,0.0827468492254349,0.509742643811943,-0.426995794586508,-0.426995794586508,0
"57375",0.022132038750838,0.0429745356083425,0.0323434113225812,0.0106311242857613,0.0208424968575045,0.0102113725717432
"434438",0.348291196376814,0.14875797853651,0.238778349991144,-0.0900203714546344,-0.199533217840304,-0.109512846385669
"71173",0.109346870334166,0.0500286318577134,0.0760574476854708,-0.0260288158277574,-0.0593182384764525,-0.0332894226486951
"369929",0.0459766957590009,0.0493799889391682,0.0476857659481439,0.00169422299102433,0.00340329318016735,0.00170907018914303
"436963",0.0785969855795051,0.0434421352110565,0.0605196211445607,-0.0170774859335042,-0.0351548503684487,-0.0180773644349444
"470705",2.42789584771885,0.280884703094467,2.42789584771885,-2.14701114462438,-2.14701114462438,0
"116869",0.037414120618307,0.0641551824869261,0.0509591427845386,0.0131960397023875,0.026741061868619,0.0135450221662316
"130742",0.186382733505656,0.0996794821328278,0.138410034040984,-0.0387305519081558,-0.0867032513728283,-0.0479726994646726
"341943",0.152228734902327,0.0580393148146114,0.100889887786321,-0.0428505729717101,-0.0941894200877156,-0.0513388471160055
"347869",0.439462093668186,0.0543697128287044,0.439462093668186,-0.385092380839482,-0.385092380839482,0
"23878",0.106384891956705,0.0256038422832385,0.0628739537969956,-0.0372701115137571,-0.0807810496734665,-0.0435109381597094
"372425",0.121084889552147,0.0918989492765269,0.106168788887379,-0.0142698396108518,-0.0291859402756199,-0.0149161006647681
"550533",0.0681233595749457,0.0482994348971196,0.0580748003864965,-0.00977536548937689,-0.019823924677826,-0.0100485591884491
"469730",0.0325170250410444,0.0240146726976819,0.0282363534602363,-0.00422168076255441,-0.00850235234336248,-0.00428067158080806
"336241",0.108350599689265,0.0650055890207906,0.0851652795513504,-0.0201596905305598,-0.0433450106684744,-0.0231853201379146
"114156",0.340683756497472,0.109818427864171,0.216632793374386,-0.106814365510215,-0.230865328633301,-0.124050963123086
"234646",0.0271340083433788,0.0381985329749586,0.0330072178812853,0.00519131509367331,0.0110645246315798,0.00587320953790646
"56825",0.209917012879164,0.0679486577083246,0.130904039167363,-0.0629553814590384,-0.141968355170839,-0.0790129737118007
"331962",0.228424604880481,0.102464845527859,0.1610130572397,-0.0585482117118416,-0.125959759352623,-0.0674115476407812
"419369",1.76487467272576,0.297412831447629,1.76487467272576,-1.46746184127813,-1.46746184127813,0
"540193",0.0437909436564921,0.0443684208613757,0.0440617448990487,0.000306675962327023,0.000577477204883589,0.000270801242556566
"81278",0.326674484427647,0.0710792152332957,0.188507026063325,-0.117427810830029,-0.255595269194351,-0.138167458364322
"257786",0.183201320305381,0.0554896908991459,0.112609491066729,-0.0571198001675826,-0.127711629406235,-0.0705918292386524
"556266",0.216175770527379,0.0981476927215623,0.152270113245938,-0.0541224205243754,-0.118028077805817,-0.0639056572814415
"325149",0.128074516800916,0.0655074076109338,0.0948322972809169,-0.0293248896699831,-0.0625671091899826,-0.0332422195199994
"456486",0.188171000575538,0.0772514159685525,0.130638136610826,-0.0533867206422739,-0.110919584606985,-0.0575328639647114
"310103",0.215763055113854,0.0853852986215161,0.147603154975141,-0.0622178563536247,-0.130377756492338,-0.0681599001387134
"224901",0.162226518034918,0.0602877852245701,0.107297334458081,-0.0470095492335105,-0.101938732810348,-0.0549291835768379
"220209",0.130352011797741,0.0766567629030302,0.102241131114047,-0.0255843682110167,-0.053695248894711,-0.0281108806836943
"393496",0.681317329639951,0.0950317805482195,0.681317329639951,-0.586285549091731,-0.586285549091731,0
"119394",0.419495672587645,0.145469625416974,0.277121232939307,-0.131651607522333,-0.274026047170671,-0.142374439648338
"48178",0.0533541461329675,0.0317861447258182,0.0421937449120006,-0.0104076001861824,-0.0215680014071493,-0.0111604012209669
"475578",0.147032270930487,0.0694287358782258,0.105476168037248,-0.036047432159022,-0.0776035350522613,-0.0415561028932393
"178442",0.618581004239189,0.074998905697323,0.618581004239189,-0.543582098541866,-0.543582098541866,0
"181793",0.0674603816127508,0.029620587231915,0.0476639518773178,-0.0180433646454029,-0.0378397943808358,-0.0197964297354329
"358651",0.0356739866188437,0.0372843114263758,0.036544519673949,0.000739791752426729,0.00161032480753209,0.000870533055105358
"178908",0.102763738062731,0.0338669833050703,0.0659141500903275,-0.0320471667852571,-0.0688967547576605,-0.0368495879724033
"93775",0.0987951288954177,0.051173312348901,0.0742149579800907,-0.0230416456311897,-0.0476218165465167,-0.024580170915327
"199528",0.0426238798746707,0.0646580142423317,0.0535361468720539,0.0111218673702778,0.022034134367661,0.0109122669973832
"397808",0.577754466408366,0.190856669205493,0.382605124339643,-0.19174845513415,-0.386897797202873,-0.195149342068722
"352437",0.06096959008648,0.0282703637180778,0.0444034161818805,-0.0161330524638027,-0.0326992263684023,-0.0165661739045995
"432121",0.0586821175291158,0.0401560842684218,0.0495954383965298,-0.00943935412810796,-0.018526033260694,-0.00908667913258603
"346030",0.044135331002322,0.0441474486447233,0.0441435365908976,3.9120538257581e-06,1.2117642401388e-05,8.20558857562992e-06
"495751",0.0612966088455997,0.0426300273255719,0.0516449699723782,-0.00901494264680638,-0.0186665815200278,-0.00965163887322144
"377547",0.0851693579995677,0.0457881313873757,0.0639993734633636,-0.0182112420759879,-0.0393812266121921,-0.0211699845362041
"446153",0.127595845086477,0.051706087391583,0.0878189934925038,-0.0361129061009208,-0.075889757694894,-0.0397768515939732
"377976",0.492161137831777,0.0959525750065967,0.492161137831777,-0.39620856282518,-0.39620856282518,0
"525508",0.330604261889014,0.109588885367842,0.204148390940083,-0.0945595055722413,-0.221015376521172,-0.126455870948931
"37520",0.0870167029103413,0.0674052555589967,0.0769420480258133,-0.00953679246681659,-0.0196114473513446,-0.010074654884528
"170859",0.120456466883745,0.0731957178469414,0.0948044654894131,-0.0216087476424718,-0.0472607490368036,-0.0256520013943318
"242631",0.323682481051189,0.0844947834813004,0.194424580147282,-0.109929796665982,-0.239187697569889,-0.129257900903907
"398902",0.248105023982025,0.104256912124887,0.172367526631223,-0.0681106145063355,-0.143848111857138,-0.0757374973508025
"237513",0.0753094894178847,0.047305390474428,0.060847397441359,-0.013542006966931,-0.0280040989434567,-0.0144620919765257
"187986",0.130027840374059,0.0725204421125087,0.0997256592764303,-0.0272052171639216,-0.0575073982615499,-0.0303021810976283
"333658",0.0624125249195737,0.0646947409104564,0.0636277001115643,0.0010670407988921,0.0022822159908827,0.0012151751919906
"471300",0.102640903931743,0.0441952823428318,0.0716768069975328,-0.027481524654701,-0.0584456215889113,-0.0309640969342103
"117088",0.0316953129050949,0.0320648210379353,0.031866667656404,0.000198153381531313,0.000369508132840368,0.000171354751309055
"56748",0.0335521538114995,0.0328468412663513,0.0331710163931921,-0.000324175126840812,-0.000705312545148162,-0.000381137418307351
"19633",0.463552843577381,0.174118372647971,0.311895202748857,-0.137776830100886,-0.28943447092941,-0.151657640828524
"138980",0.0568002715186011,0.0443969377833223,0.0504788644031366,-0.00608192661981425,-0.0124033337352787,-0.00632140711546449
"258660",0.0143047658646269,0.023255154252156,0.0186440470057138,0.00461110724644212,0.00895038838752903,0.00433928114108691
"237908",0.178186259440163,0.0738118595745938,0.117492725961706,-0.0436808663871122,-0.10437439986557,-0.0606935334784574
"272852",0.243846969287847,0.102323105701447,0.167694431373547,-0.0653713256721,-0.1415238635864,-0.0761525379143
"113797",0.117456269336781,0.0562926931686245,0.0850746544977068,-0.0287819613290823,-0.0611635761681565,-0.0323816148390742
"481323",0.122328409555903,0.0576069279569483,0.0873194974522039,-0.0297125694952556,-0.0647214815989551,-0.0350089121036995
"258853",0.179510203897825,0.0879874945994418,0.128993574513124,-0.0410060799136825,-0.0915227092983829,-0.0505166293847004
"233065",0.096934750731629,0.0717106602785788,0.0837606427702431,-0.0120499824916643,-0.0252240904530502,-0.0131741079613859
"25246",0.0487409324288002,0.0477027358135562,0.0482377376719615,-0.000535001858405278,-0.00103819661524399,-0.000503194756838715
"113708",0.0707569189384179,0.0427298492494417,0.0558165684506986,-0.0130867192012569,-0.0280270696889763,-0.0149403504877194
"442659",0.0509580820744341,0.044785969922873,0.0475621633105548,-0.00277619338768183,-0.00617211215156115,-0.00339591876387933
"94553",0.0790736188730806,0.0654253334398101,0.0721121660469536,-0.00668683260714349,-0.0136482854332705,-0.00696145282612699
"25355",0.181426182036269,0.0852265638701033,0.130433430719703,-0.0452068668496,-0.0961996181661652,-0.0509927513165653
"166090",0.0166454267736393,0.0262242953316441,0.0215665541342596,0.00465774119738445,0.00957886855800472,0.00492112736062027
"281917",0.693121281207116,0.136733108276673,0.384128119462054,-0.247395011185381,-0.556388172930442,-0.308993161745062
"80545",0.114149097599907,0.0756760623174644,0.0929593054115858,-0.0172832430941214,-0.0384730352824423,-0.021189792188321
"321412",0.033301261540291,0.0337120025683118,0.0335149816191142,0.000197020949197595,0.000410741028020759,0.000213720078823164
"415980",0.394884589652929,0.148468788086383,0.265900082086451,-0.117431294000068,-0.246415801566545,-0.128984507566477
"308782",0.0195168286959929,0.0278333151797299,0.0239999090101325,0.00383340616959739,0.00831648648373697,0.00448308031413958
"186395",0.226459234414566,0.0767014617062394,0.14371910499369,-0.0670176432874503,-0.149757772708327,-0.0827401294208765
"80623",0.181181014239771,0.102854504756801,0.14075928234303,-0.0379047775862286,-0.0783265094829693,-0.0404217318967407
"346418",0.68184128434184,0.0791652019873157,0.68184128434184,-0.602676082354524,-0.602676082354524,0
"380658",0.335214824239942,0.113708410782515,0.209407895352737,-0.0956994845702221,-0.221506413457427,-0.125806928887205
"433485",0.17157420964956,0.0676748468496926,0.115532055086413,-0.0478572082367205,-0.103899362799868,-0.0560421545631474
"200801",0.186485502172225,0.135783623079727,0.161209094164022,-0.0254254710842953,-0.0507018790924983,-0.025276408008203
"96110",0.334764450053218,0.0981743592731533,0.208974279164764,-0.11079991989161,-0.236590090780065,-0.125790170888455
"297614",0.0097304992719406,0.025823029548857,0.0177769319076629,0.00804609764119412,0.0160925302769164,0.0080464326357223
"1137",0.0660158375542123,0.051640055214182,0.0585575235736591,-0.00691746835947715,-0.0143757823400304,-0.00745831398055321
"344658",0.0563266625218451,0.0544713988927051,0.0553223142044111,-0.000850915311705988,-0.00185526362914003,-0.00100434831743405
"1540",0.906322701149165,0.084334553389201,0.906322701149165,-0.821988147759964,-0.821988147759964,0
"424827",0.0847551456819747,0.05696086757912,0.0699774536780346,-0.0130165860989146,-0.0277942781028547,-0.0147776920039401
"49798",7.10510673833659,0.289907815845076,7.10510673833659,-6.81519892249151,-6.81519892249151,0
"80665",0.44843116473995,0.0750475174878464,0.44843116473995,-0.373383647252104,-0.373383647252104,0
"494158",0.624651616198124,0.112874510761876,0.624651616198124,-0.511777105436247,-0.511777105436247,0
"387705",0.12866136491467,0.0380829645582172,0.0763997972658965,-0.0383168327076793,-0.0905784003564524,-0.0522615676487731
"186759",0.114627967915424,0.0641796217419079,0.0866829932792236,-0.0225033715373157,-0.0504483461735159,-0.0279449746362002
"9443",0.0636399808267916,0.0273442200924933,0.0442418784698925,-0.0168976583773992,-0.0362957607342982,-0.019398102356899
"200679",0.0771999533419378,0.0541787336714524,0.0656715286889572,-0.0114927950175048,-0.0230212196704854,-0.0115284246529806
"332013",0.405736701346988,0.115185629430038,0.250229523566057,-0.135043894136019,-0.290551071916949,-0.15550717778093
"63358",0.238075010796708,0.0665923178727189,0.14576984381842,-0.0791775259457015,-0.171482692923989,-0.0923051669782875
"187769",0.599588521588987,0.14596864248067,0.36257784121774,-0.21660919873707,-0.453619879108317,-0.237010680371247
"149437",0.264336561849576,0.10660810017318,0.17873238082256,-0.0721242806493792,-0.157728461676396,-0.0856041810270168
"120312",0.185233359314652,0.124026994088766,0.154004289970979,-0.0299772958822125,-0.0612063652258855,-0.031229069343673
"175136",0.149661872663371,0.0707191777739301,0.107865807881172,-0.0371466301072419,-0.0789426948894405,-0.0417960647821986
"214595",0.026556435987733,0.0346685156083154,0.0308858719726693,0.00378264363564612,0.00811207962058243,0.00432943598493631
"332656",0.0285059184009754,0.0234372465186678,0.0260461770162334,-0.00260893049756561,-0.00506867188230762,-0.00245974138474201
"558667",0.0419070001904762,0.0520014845131569,0.0470509892085163,0.00495049530464067,0.0100944843226807,0.00514398901804004
"105785",0.0384499132865504,0.0138144813811819,0.0265850930079942,-0.0127706116268123,-0.0246354319053686,-0.0118648202785563
"424600",0.0925671726911334,0.0551784171633258,0.0725492996840841,-0.0173708825207583,-0.0373887555278076,-0.0200178730070494
"238489",1.64524557261581,0.419434133691119,0.934142778072987,-0.514708644381868,-1.22581143892469,-0.711102794542825
"188939",0.0587818788703085,0.046113127282647,0.0520114996242631,-0.00589837234161606,-0.0126687515876615,-0.00677037924604541
"384958",0.0763485901058883,0.0648696631141405,0.0709796045887361,-0.00610994147459559,-0.0114789269917478,-0.00536898551715216
"300593",0.0508098852143365,0.0284667864967325,0.0388611128453098,-0.0103943263485773,-0.022343098717604,-0.0119487723690267
"368174",0.398391418285185,0.092333039249127,0.231820494371764,-0.139487455122637,-0.306058379036058,-0.166570923913421
"105690",0.225858341442408,0.0861630343095264,0.14795628646343,-0.0617932521539034,-0.139695307132882,-0.0779020549789786
"111237",0.0300259578753797,0.0424093982104871,0.036509669624135,0.00589972858635207,0.0123834403351074,0.00648371174875535
"233923",0.769530172533472,0.106871902462427,0.769530172533472,-0.662658270071046,-0.662658270071046,0
"89001",0.162907766308426,0.0625155832273179,0.108104542469548,-0.0455889592422301,-0.100392183081109,-0.0548032238388784
"25629",0.0410258058097617,0.0296433808804175,0.0348629711378314,-0.00521959025741392,-0.0113824249293443,-0.00616283467193036
"176889",0.114916464572132,0.068793579500269,0.08877590138217,-0.019982321881901,-0.0461228850718627,-0.0261405631899617
"382756",0.0443620426935639,0.0403922700064939,0.042370199692187,-0.00197792968569313,-0.00396977268706995,-0.00199184300137682
"265408",0.10092408561684,0.0606153467466543,0.0790530321461971,-0.0184376853995429,-0.0403087388701854,-0.0218710534706425
"86641",0.199359845401162,0.0738258829556162,0.13297597507345,-0.0591500921178337,-0.125533962445546,-0.0663838703277125
"40733",0.0096816460369095,0.0263212718755687,0.0175607224377368,0.00876054943783191,0.0166396258386593,0.00787907640082734
"72410",0.102814404065096,0.0416960007643759,0.068904276719098,-0.0272082759547221,-0.0611184033007203,-0.0339101273459981
"424795",0.0771978622312398,0.0600991496895099,0.0683030703361771,-0.00820392064666722,-0.0170987125417299,-0.0088947918950627
"481720",0.117593429420332,0.119906651557921,0.118618337474245,0.00128831408367563,0.00231322213758901,0.00102490805391338
"315575",0.120094921481614,0.0390544707138376,0.076614066430482,-0.0375595957166444,-0.0810404507677764,-0.043480855051132
"438564",0.0940445220240256,0.0641720072067548,0.0775672800389264,-0.0133952728321716,-0.0298725148172708,-0.0164772419850992
"182144",0.959283001040732,0.149558210398272,0.959283001040732,-0.809724790642461,-0.809724790642461,0
"130019",0.0229846637132639,0.0284704147618153,0.0257175996104198,0.00275281515139544,0.0054857510485514,0.00273293589715596
"352234",0.0677863477072821,0.0398904653518739,0.0531410886236111,-0.0132506232717372,-0.0278958823554081,-0.0146452590836709
"229720",0.043508136180833,0.0442380166329496,0.04386612490448,0.000371891728469624,0.000729880452116589,0.000357988723646965
"185728",0.0208757209292866,0.0188902356136567,0.019925034911268,-0.00103479929761138,-0.00198548531562996,-0.000950686018018579
"286408",0.0576838300459782,0.0390875532399998,0.0483334407240452,-0.00924588748404544,-0.0185962768059784,-0.00935038932193295
"45966",0.222004055368492,0.0761256240252685,0.144134944799974,-0.0680093207747056,-0.145878431343224,-0.0778691105685179
"439204",0.132166000314959,0.0838723548228866,0.105529422176534,-0.0216570673536476,-0.0482936454920719,-0.0266365781384243
"393929",0.159977264363119,0.0708789415744573,0.113029311575511,-0.0421503700010536,-0.089098322788662,-0.0469479527876084
"10433",0.00617015429364148,0.0220238043079567,0.0134690348088744,0.00855476949908228,0.0158536500143152,0.00729888051523292
"7840",0.0188505827621159,0.0284526090711634,0.0237483512249008,0.00470425784626257,0.00960202630904747,0.0048977684627849
"557810",0.198857056250607,0.0921055668857097,0.142711784282605,-0.0506062173968952,-0.106751489364898,-0.0561452719680025
"503305",3.55477242670056,0.36257224525745,3.55477242670056,-3.19220018144311,-3.19220018144311,0
"169952",0.157704156860113,0.0866612879841747,0.118582715702443,-0.031921427718268,-0.0710428688759387,-0.0391214411576707
"530697",0.131612741746265,0.0622273949118175,0.0942794213839305,-0.0320520264721131,-0.0693853468344476,-0.0373333203623345
"64969",0.0293228992957365,0.025873756160703,0.0275586685783065,-0.00168491241760351,-0.00344914313503343,-0.00176423071742993
"82968",0.0565788854263456,0.0353298387565579,0.0453241739630989,-0.00999433520654094,-0.0212490466697877,-0.0112547114632467
"282279",0.0260119974535856,0.0293674461793713,0.0280035336744886,0.00136391250488272,0.00335544872578567,0.00199153622090295
"398316",0.441140136988747,0.131424585458753,0.27413660185385,-0.142712016395096,-0.309715551529994,-0.167003535134898
"337957",0.0344758208617598,0.0384677645877507,0.0365071506158906,0.00196061397186006,0.00399194372599085,0.00203132975413079
"145718",0.126525341641647,0.0668627786743377,0.0956276184524317,-0.028764839778094,-0.0596625629673095,-0.0308977231892155
"257797",0.331897883142793,0.125496168684823,0.220472232246229,-0.0949760635614064,-0.20640171445797,-0.111425650896564
"332220",0.052749175909624,0.052983792471337,0.0528514430683273,0.000132349403009706,0.00023461656171303,0.000102267158703324
"316293",1.89142627798865,0.161363293751452,1.89142627798865,-1.7300629842372,-1.7300629842372,0
"98046",0.387614230355484,0.0961990779513168,0.225379812951248,-0.129180734999931,-0.291415152404167,-0.162234417404236
"125959",0.137745413995066,0.0789527324259233,0.104794437188471,-0.0258417047625479,-0.0587926815691423,-0.0329509768065944
"229136",0.549249893264014,0.176076821791283,0.349487592619854,-0.173410770828571,-0.373173071472732,-0.19976230064416
"498115",0.234180553858828,0.0785757892620548,0.146622533643936,-0.068046744381881,-0.155604764596773,-0.0875580202148918
"321681",0.240787101769468,0.0515064408433563,0.13488961300838,-0.0833831721650234,-0.189280660926112,-0.105897488761088
"352924",0.045485498717933,0.0356079519378435,0.0403429428562804,-0.00473499091843688,-0.00987754678008944,-0.00514255586165256
"102423",0.157794064099623,0.0792018468568286,0.115055057413628,-0.0358532105567999,-0.0785922172427945,-0.0427390066859946
"306020",0.113496988795335,0.0619376695260702,0.0860934318783459,-0.0241557623522757,-0.0515593192692643,-0.0274035569169886
"533796",0.0365443593189424,0.0388203592971522,0.0377855802414392,0.00103477905571291,0.00227599997820981,0.00124122092249689
"220253",0.641539939600413,0.112328067481684,0.641539939600413,-0.52921187211873,-0.52921187211873,0
"318619",0.0555510713536056,0.0413131157799586,0.0484587711163443,-0.00714565533638572,-0.014237955573647,-0.00709230023726128
"257893",1.71830223677947,0.155858925704599,1.71830223677947,-1.56244331107487,-1.56244331107487,0
"348367",0.0509878356518236,0.0368010936507365,0.0442787419669801,-0.0074776483162436,-0.0141867420010872,-0.00670909368484357
"184585",0.0505894065641965,0.0290649358861986,0.0390961146690325,-0.0100311787828339,-0.0215244706779979,-0.011493291895164
"456398",0.138113708714592,0.0809103350116266,0.108379360809519,-0.0274690257978929,-0.0572033737029652,-0.0297343479050723
"433450",0.0474428251609062,0.0435140212607048,0.0454629093442319,-0.00194888808352706,-0.00392880390020139,-0.00197991581667434
"254362",0.0988636704847886,0.0468707878466026,0.0716405554367772,-0.0247697675901746,-0.051992882638186,-0.0272231150480114
"7108",0.130514025355389,0.0830471235389023,0.105755610410692,-0.0227084868717894,-0.0474669018164863,-0.0247584149446969
"273560",0.267574198884895,0.11551595697471,0.189417367813129,-0.0739014108384196,-0.152058241910185,-0.0781568310717655
"273676",0.00531839216302171,0.0298036654461988,0.0175227399184493,0.0122809255277496,0.0244852732831771,0.0122043477554276
"22676",0.0956663197873205,0.0813176461795688,0.0883611971788219,-0.00704355099925315,-0.0143486736077517,-0.00730512260849858
"69030",0.0840643109705663,0.0553668632546896,0.068608359677024,-0.0132414964223344,-0.0286974477158766,-0.0154559512935422
"130623",0.128449794578746,0.0678844027532057,0.0972805733107407,-0.029396170557535,-0.0605653918255403,-0.0311692212680053
"529594",0.0935866434721776,0.0521648835253245,0.0718735279090071,-0.0197086443836826,-0.0414217599468531,-0.0217131155631706
"81188",0.0366159275692789,0.0274240889385729,0.0318376405201529,-0.00441355158157996,-0.00919183863070593,-0.00477828704912597
"373835",0.0145199194531908,0.02396459979566,0.0192742538588748,0.00469034593678522,0.00944468034246921,0.00475433440568399
"564964",0.387650615301794,0.0586925033561515,0.387650615301794,-0.328958111945642,-0.328958111945642,0
"437025",0.0947062460250934,0.0672258140880192,0.0803458390460765,-0.0131200249580573,-0.0274804319370742,-0.0143604069790169
"544429",0.0699548353960928,0.0547867318974566,0.0619092119639732,-0.00712248006651655,-0.0151681034986362,-0.00804562343211967
"450305",0.0143596107226181,0.029740371714452,0.0218841680821285,0.00785620363232353,0.0153807609918339,0.00752455735951039
"367764",0.0819794162675022,0.036233099518021,0.0584139409179414,-0.0221808413999204,-0.0457463167494812,-0.0235654753495608
"574330",0.101389899521506,0.0704310641669096,0.0828922499000406,-0.012461185733131,-0.0309588353545969,-0.0184976496214658
"362341",0.18930381949736,0.112463678960198,0.150152520653331,-0.0376888416931337,-0.0768401405371629,-0.0391512988440292
"159506",0.102338550037795,0.060479899686613,0.07842132456955,-0.017941424882937,-0.0418586503511818,-0.0239172254682447
"523185",0.0322192336418531,0.0340767717538103,0.0331479915427331,0.000928780211077181,0.00185753811195716,0.000928757900879984
"52871",0.21413158622348,0.115614525826705,0.16296151306134,-0.0473469872346343,-0.0985170603967749,-0.0511700731621406
"9355",0.107346948523904,0.0597752301678617,0.08294455864867,-0.0231693284808083,-0.0475717183560419,-0.0244023898752336
"96838",0.587584321746372,0.166985693056608,0.33447327428164,-0.167487581225032,-0.420598628689764,-0.253111047464732
"565470",0.161403988978054,0.100451204101497,0.128419823416207,-0.0279686193147096,-0.0609527848765568,-0.0329841655618472
"562645",0.661883707272029,0.112473453436633,0.661883707272029,-0.549410253835396,-0.549410253835396,0
"83149",0.0293390904250552,0.046357820627572,0.038384730874313,0.00797308975325894,0.0170187302025168,0.00904564044925785
"337048",0.229132982692844,0.0544814411403047,0.124034655187679,-0.0695532140473739,-0.174651541552539,-0.105098327505165
"164125",0.128072286166936,0.0712608064847711,0.0968823497884875,-0.0256215433037164,-0.0568114796821651,-0.0311899363784487
"307958",0.161644924302016,0.0755845235106946,0.115417349435475,-0.0398328259247807,-0.0860604007913215,-0.0462275748665409
"338062",0.058132208638686,0.0410056875268265,0.0496959790154702,-0.00869029148864368,-0.0171265211118595,-0.00843622962321583
"68531",0.0281418243687592,0.0383509782344165,0.0332505379844351,0.00510044024998137,0.0102091538656573,0.00510871361567593
"62251",0.0788671551329656,0.0544662647461757,0.0665818350200655,-0.0121155702738898,-0.0244008903867898,-0.0122853201129001
"458900",0.0752416803845519,0.0419662300747759,0.0581686593828503,-0.0162024293080744,-0.033275450309776,-0.0170730210017016
"394704",0.170629509372933,0.114734651934594,0.141205266855612,-0.0264706149210185,-0.0558948574383393,-0.0294242425173208
"18629",0.271158007171169,0.127406144323318,0.193487013900791,-0.0660808695774737,-0.143751862847851,-0.0776709932703774
"442005",0.0198885040879742,0.0206532838409244,0.0202476301313752,0.000405653709549217,0.000764779752950261,0.000359126043401044
"482326",0.213676433944522,0.083099178357034,0.13951678246304,-0.0564176041060065,-0.130577255587488,-0.0741596514814818
"163224",0.0680963868232006,0.0264253042601084,0.0449942768247139,-0.0185689725646055,-0.0416710825630922,-0.0231021099984867
"485164",0.0477284006912291,0.04023577256674,0.0439339489174147,-0.0036981763506746,-0.00749262812448906,-0.00379445177381445
"394891",0.033043897377827,0.0201402364684151,0.0265564533938653,-0.00641621692545026,-0.0129036609094119,-0.00648744398396169
"358206",0.0192665518405443,0.0438545963972389,0.0315087095081632,0.0123458868890757,0.0245880445566946,0.0122421576676188
"446934",0.555438732014228,0.108605843176055,0.555438732014228,-0.446832888838173,-0.446832888838173,0
"80702",0.4365956073718,0.121496856439862,0.271575619028623,-0.150078762588761,-0.315098750931939,-0.165019988343178
"238790",0.0290772635565156,0.0535663111840753,0.0421216825166131,0.0114446286674622,0.0244890476275597,0.0130444189600975
"556910",0.026651452118208,0.0344829784942125,0.0305139752363994,0.00396900325781302,0.00783152637600447,0.00386252311819145
"522137",0.0334989168385207,0.0444639401090118,0.0389894986123943,0.00547444149661745,0.0109650232704911,0.00549058177387367
"278312",0.231492650629742,0.099716501314783,0.161454232590102,-0.0617377312753189,-0.131776149314959,-0.0700384180396404
"123559",0.0828069419055969,0.0568035317626785,0.0693000389967337,-0.0124965072340552,-0.0260034101429184,-0.0135069029088632
"315839",0.4809246336295,0.168875880096729,0.284306023859053,-0.115430143762323,-0.31204875353277,-0.196618609770447
"33583",0.44564107211854,0.0629475339019803,0.44564107211854,-0.382693538216559,-0.382693538216559,0
"517452",0.648602839740077,0.133865951213682,0.3704762154835,-0.236610264269817,-0.514736888526395,-0.278126624256577
"161642",0.356185290091003,0.1143373674889,0.223642091895464,-0.109304724406564,-0.241847922602103,-0.132543198195539
"365136",0.314310597751458,0.0994802495692608,0.18773561644577,-0.0882553668765087,-0.214830348182197,-0.126574981305688
"576919",0.10534127947646,0.0490113962495042,0.0748254944047922,-0.025814098155288,-0.0563298832269554,-0.0305157850716674
"252999",0.180853713489445,0.117767179847066,0.148693693384668,-0.0309265135376019,-0.063086533642379,-0.0321600201047771
"278486",0.535955294357979,0.132329849682594,0.323343162826396,-0.191013313143802,-0.403625444675386,-0.212612131531583
"486241",0.0817971373162605,0.055211099488224,0.0682421395543273,-0.0130310400661033,-0.0265860378280364,-0.0135549977619331
"480924",0.112979949061958,0.0568168390987181,0.0833024598380299,-0.0264856207393118,-0.0561631099632401,-0.0296774892239282
"405750",0.028551646290382,0.0537522142868026,0.0416624814166879,0.0120897328701147,0.0252005679964206,0.0131108351263059
"341253",0.0167938017405591,0.0389333529711264,0.0279605473991977,0.0109728055719287,0.0221395512305672,0.0111667456586385
"82270",0.054741790814934,0.0360750755059368,0.0448006509841416,-0.00872557547820477,-0.0186667153089972,-0.00994113983079242
"449023",0.0246208266479975,0.0412712435064996,0.033592937669204,0.0076783058372956,0.0166504168585021,0.0089721110212065
"460402",0.0328121434586626,0.0436333052797116,0.03905671224767,0.00457659303204157,0.010821161821049,0.00624456878900743
"199711",0.0623681748451908,0.0460775911254281,0.0538114134480915,-0.00773382232266338,-0.0162905837197628,-0.00855676139709938
"325773",0.378322406213442,0.127684655298562,0.242272593662094,-0.114587938363531,-0.25063775091488,-0.136049812551348
"25573",0.117018506156837,0.0490488764089315,0.0794722381991511,-0.0304233617902196,-0.0679696297479058,-0.0375462679576861
"412578",0.26607492789391,0.0801149583019064,0.16393481598813,-0.0838198576862234,-0.185959969592004,-0.102140111905781
"395449",0.392534102651476,0.095410495091196,0.230607087234286,-0.13519659214309,-0.29712360756028,-0.16192701541719
"576117",0.0429246151023733,0.029108937558203,0.0359448805399395,-0.00683594298173651,-0.0138156775441703,-0.00697973456243378
"151126",0.020277801952507,0.035708469224248,0.028407331437773,0.00730113778647497,0.015430667271741,0.00812952948526604
"95979",0.145904692034636,0.106899000054591,0.124835779022203,-0.0179367789676121,-0.0390056919800454,-0.0210689130124332
"106287",0.0405802367771868,0.0384688894466927,0.0394816746550416,-0.00101278520834892,-0.00211134733049408,-0.00109856212214515
"386550",0.120932807121133,0.0301051459981525,0.0708531702238138,-0.0407480242256613,-0.0908276611229802,-0.0500796368973189
"22073",0.0319726495307241,0.0267991271694753,0.0297515582848818,-0.00295243111540646,-0.00517352236124875,-0.00222109124584229
"179731",0.0659358090771296,0.0448676745601576,0.0551406290309216,-0.010272954470764,-0.0210681345169721,-0.0107951800462081
"278121",0.724129694240073,0.141064518082659,0.724129694240073,-0.583065176157415,-0.583065176157415,0
"93946",0.38516587975667,0.100515311938332,0.233309746691335,-0.132794434753002,-0.284650567818338,-0.151856133065336
"524315",0.431030790412093,0.118476688517942,0.260932149278652,-0.14245546076071,-0.312554101894151,-0.170098641133442
"227656",0.0824008470235823,0.0293956113018118,0.0540209614015739,-0.0246253500997621,-0.0530052357217705,-0.0283798856220084
"276796",0.314133663288068,0.0816296823896113,0.187850443933455,-0.106220761543844,-0.232503980898457,-0.126283219354613
"553779",0.152502508615285,0.0684244201002805,0.107163213217653,-0.0387387931173723,-0.084078088515004,-0.0453392953976317
"81524",0.109657476032096,0.0650191890581821,0.0860203073808823,-0.0210011183227002,-0.0446382869739141,-0.0236371686512139
"77713",0.0495020434947442,0.0151968551204307,0.0316343254327522,-0.0164374703123215,-0.0343051883743136,-0.0178677180619921
"371077",0.335688504697412,0.0974445763020658,0.20724218250524,-0.109797606203174,-0.238243928395346,-0.128446322192172
"360349",0.0418867383894404,0.062390140367131,0.0522799042349033,0.0101102361322277,0.0205034019776906,0.0103931658454629
"76664",0.0880771189199324,0.0540117292304865,0.0706970041487171,-0.0166852749182307,-0.0340653896894459,-0.0173801147712153
"476302",0.328910487981678,0.115970375325727,0.216033307894101,-0.100062932568373,-0.212940112655951,-0.112877180087578
"469118",0.670332411935147,0.116982657270931,0.670332411935147,-0.553349754664217,-0.553349754664217,0
"454484",0.124258832830945,0.0687601965381998,0.0961777018729782,-0.0274175053347784,-0.0554986362927452,-0.0280811309579668
"231086",0.434968148965165,0.11531754452107,0.262547331443888,-0.147229786922819,-0.319650604444095,-0.172420817521276
"483140",0.253030845614838,0.215199406990808,0.23479859502463,-0.0195991880338221,-0.03783143862403,-0.0182322505902079
"468942",0.178754734357891,0.023326480707231,0.178754734357891,-0.15542825365066,-0.15542825365066,0
"496167",0.185634341381213,0.0835347687269878,0.131999765756925,-0.0484649970299373,-0.102099572654225,-0.0536345756242875
"305898",0.0697713446679472,0.0458845138749827,0.05765429543141,-0.0117697815564273,-0.0238868307929645,-0.0121170492365372
"203583",0.0783318195541311,0.0429787934370324,0.059873758492247,-0.0168949650552146,-0.0353530261170987,-0.0184580610618841
"503054",0.237267848640679,0.0934868215749196,0.161793290873215,-0.0683064692982957,-0.143781027065759,-0.0754745577674635
"334983",0.130672757518978,0.0845996569937308,0.107323718446488,-0.0227240614527568,-0.0460731005252472,-0.0233490390724904
"40737",0.530732921879799,0.0576201718450013,0.530732921879799,-0.473112750034798,-0.473112750034798,0
"160101",0.143645876406931,0.0760538872224041,0.108365828226935,-0.0323119410045307,-0.0675919891845269,-0.0352800481799962
"431457",0.0300590368223096,0.0294586267172234,0.0297612452979575,-0.000302618580734094,-0.000600410105086199,-0.000297791524352106
"506494",0.0402451701600077,0.0416424476952094,0.0409840616929929,0.000658386002216446,0.0013972775352017,0.000738891532985252
"223389",0.0997144656324985,0.0427281435686725,0.0702384767425086,-0.0275103331738361,-0.056986322063826,-0.0294759888899898
"351821",0.0512897490489574,0.0458537258113947,0.0482657387918963,-0.00241201298050168,-0.00543602323756272,-0.00302401025706103
"280965",2.1345141013468,0.451580465560839,1.04890408171636,-0.59732361615552,-1.68293363578596,-1.08561001963044
"357751",0.613576240837758,0.103992627377306,0.613576240837758,-0.509583613460452,-0.509583613460452,0
"514170",0.25683187261983,0.120865633948072,0.185312050429522,-0.0644464164814492,-0.135966238671758,-0.0715198221903087
"42414",0.0296253366003699,0.0191306821770445,0.0240846755661988,-0.00495399338915433,-0.0104946544233254,-0.00554066103417105
"339754",0.17078767031222,0.0989744285604106,0.132558201209892,-0.0335837726494817,-0.0718132417518097,-0.0382294691023279
"108842",0.182731783109668,0.0992854899177409,0.138804971350586,-0.0395194814328447,-0.0834462931919268,-0.0439268117590821
"60668",0.400326673233068,0.109081680272668,0.240284283307999,-0.131202603035332,-0.2912449929604,-0.160042389925068
"334902",0.287591218211375,0.0938670308938128,0.186777686497727,-0.0929106556039147,-0.193724187317562,-0.100813531713648
"369603",0.128854900094713,0.0919306534516316,0.109389766967001,-0.0174591135153698,-0.0369242466430811,-0.0194651331277112
"204664",0.289436378846629,0.0852597028233675,0.18261179421844,-0.0973520913950726,-0.204176676023262,-0.106824584628189
"374064",0.0522341431385661,0.0493725805463357,0.0507435935307979,-0.00137101298446222,-0.00286156259223044,-0.00149054960776822
"361095",0.0139726791037821,0.0206237629739771,0.0170443195013552,0.00357944347262189,0.00665108387019504,0.00307164039757315
"470663",0.0526562685605358,0.0255633324976671,0.0387517122569313,-0.0131883797592642,-0.0270929360628687,-0.0139045563036045
"160213",0.0727775897379087,0.027328221565078,0.0487913297617958,-0.0214631081967178,-0.0454493681728307,-0.0239862599761129
"8882",0.0255054426835149,0.028867354040991,0.0271915223089032,0.00167583173208783,0.00336191135747605,0.00168607962538822
"214300",0.231308472808853,0.101593600068292,0.156153379190249,-0.0545597791219564,-0.129714872740561,-0.0751550936186047
"417259",4.33797540323251,0.220791641321825,4.33797540323251,-4.11718376191068,-4.11718376191068,0
"28360",0.161930448988806,0.0695220853834005,0.113046074374181,-0.04352398899078,-0.0924083636054055,-0.0488843746146254
"66602",0.015694270166506,0.0209043018680013,0.0182068070170778,0.00269749485092346,0.00521003170149534,0.00251253685057188
"51089",0.106308847277359,0.0586476921952242,0.0799968370879424,-0.0213491448927182,-0.0476611550821352,-0.026312010189417
"341912",0.291971144498941,0.122760421234235,0.20234444246813,-0.0795840212338949,-0.169210723264706,-0.0896267020308114
"10256",0.171264737288569,0.0936675573709346,0.129392872140437,-0.0357253147695023,-0.0775971799176347,-0.0418718651481325
"236875",0.266519148370467,0.120774004024936,0.189351529173367,-0.0685775251484316,-0.145745144345531,-0.0771676191970999
"101375",0.274848719657331,0.0892415152932406,0.177243815250414,-0.0880022999571732,-0.185607204364091,-0.0976049044069176
"146085",0.18088556774619,0.060447252593395,0.117136162264297,-0.0566889096709021,-0.120438315152795,-0.063749405481893
"93501",0.79216328446729,0.143325095151859,0.79216328446729,-0.648838189315431,-0.648838189315431,0
"326645",0.155302063125025,0.085700051786961,0.115993598189771,-0.03029354640281,-0.0696020113380641,-0.0393084649352542
"435257",0.137021748176613,0.0947618660418315,0.114225341208979,-0.0194634751671479,-0.0422598821347815,-0.0227964069676336
"21389",0.076001891897437,0.0585012752845357,0.0671783660742591,-0.00867709078972338,-0.0175006166129013,-0.00882352582317793
"378039",0.224725912594257,0.0978867867992384,0.15723639513637,-0.0593496083371315,-0.126839125795018,-0.0674895174578866
"227717",0.042892704439241,0.0315546740819608,0.0369672856668918,-0.00541261158493095,-0.0113380303572802,-0.00592541877234923
"205997",3.81905314002151,0.307256362272222,3.81905314002151,-3.51179677774929,-3.51179677774929,0
"532534",0.337942530608575,0.0942080425605622,0.210115469565497,-0.115907427004935,-0.243734488048013,-0.127827061043078
"296410",0.117299874450081,0.0474797213270313,0.080549555755156,-0.0330698344281247,-0.0698201531230497,-0.036750318694925
"152467",0.0847871430418085,0.0380169843835958,0.0601307832610927,-0.0221137988774969,-0.0467701586582127,-0.0246563597807158
"352233",1.32402681272201,0.212283531719314,1.32402681272201,-1.11174328100269,-1.11174328100269,0
"275164",0.0456433768954505,0.0618039730257744,0.0538714713392289,0.00793250168654547,0.0161605961303239,0.00822809444377844
"87462",0.599108059246076,0.108104697079588,0.599108059246076,-0.491003362166488,-0.491003362166488,0
"377869",0.419100662562114,0.0998086877269698,0.243321724501199,-0.143513036774229,-0.319291974835144,-0.175778938060915
"224675",0.133705795877492,0.0660021216329471,0.0979842612170758,-0.0319821395841287,-0.0677036742445445,-0.0357215346604158
"219696",0.615313397149728,0.148199885048969,0.32198555394002,-0.173785668891051,-0.467113512100759,-0.293327843209708
"521068",0.0755750388726948,0.043146569080473,0.0582031749224129,-0.0150566058419399,-0.0324284697922218,-0.0173718639502819
"359902",0.110330776012639,0.0535720641130811,0.0802411882715191,-0.026669124158438,-0.0567587118995581,-0.0300895877411201
"119127",0.17191005461718,0.0851866039457914,0.123943551198711,-0.0387569472529196,-0.0867234506713881,-0.0479665034184685
"400445",0.590799515847344,0.140875211520929,0.350490224644467,-0.209615013123538,-0.449924304326414,-0.240309291202877
"65321",0.0429262134457351,0.0255938175331317,0.0341410802438748,-0.00854726271074305,-0.0173323959126034,-0.0087851332018603
"529295",0.0639670267242842,0.0502505535735898,0.0568749467406603,-0.00662439316707041,-0.0137164731506943,-0.00709207998362393
"230739",0.0832136183921701,0.0294859708069922,0.055044091963869,-0.0255581211568768,-0.0537276475851779,-0.0281695264283011
"51122",0.0298868299028832,0.0388752852801322,0.0344896229991632,0.00438566228096905,0.00898845537724903,0.00460279309627998
"39886",0.0647580283487293,0.0698521532567189,0.0675167838429876,0.00233536941373129,0.00509412490798955,0.00275875549425826
"307112",0.0542704005421092,0.0528466158813912,0.0534990186009207,-0.000652402719529502,-0.00142378466071792,-0.00077138194118842
"468250",0.159084174391286,0.0852074960150638,0.118361519255216,-0.0331540232401518,-0.0738766783762227,-0.0407226551360709
"561058",0.244533894937176,0.120538465941604,0.178914353576522,-0.0583758876349188,-0.123995428995572,-0.0656195413606532
"118577",0.121318181785316,0.0760646245343501,0.0974134845970873,-0.0213488600627372,-0.0452535572509656,-0.0239046971882284
"169774",0.0784374971939575,0.068808609329146,0.0731550304739537,-0.00434642114480774,-0.00962888786481152,-0.00528246672000378
"253566",0.139040593182308,0.0596746134899746,0.0963306358324843,-0.0366560223425097,-0.0793659796923337,-0.042709957349824
"381234",0.106177057261894,0.0797896944868682,0.0930549407715865,-0.0132652462847183,-0.0263873627750261,-0.0131221164903078
"354681",3.29714345914109,0.293726893801986,3.29714345914109,-3.0034165653391,-3.0034165653391,0
"371191",0.42284958327853,0.105663641550526,0.255240435792747,-0.149576794242221,-0.317185941728004,-0.167609147485783
"499958",0.216088866916348,0.0771303607084855,0.141678838490646,-0.0645484777821601,-0.138958506207863,-0.0744100284257024
"390662",0.419088958687615,0.185791023852577,0.298860387052044,-0.113069363199467,-0.233297934835038,-0.12022857163557
"277062",0.039976549381125,0.0263407002480914,0.0329274426505843,-0.0065867424024929,-0.0136358491330336,-0.00704910673054074
"53898",0.155306678002181,0.0510280126718719,0.0983167236786723,-0.0472887110068004,-0.104278665330309,-0.0569899543235088
"383300",0.0646343471620514,0.0492510038833466,0.0566340666798562,-0.0073830627965096,-0.0153833432787048,-0.00800028048219523
"35351",0.361363248905991,0.104392912315012,0.221027541091564,-0.116634628776552,-0.256970336590979,-0.140335707814427
"199157",0.452108274713448,0.124397530246538,0.27228105597468,-0.147883525728142,-0.32771074446691,-0.179827218738768
"486744",0.091042601543259,0.0468383047682614,0.0677206356122428,-0.0208823308439814,-0.0442042967749976,-0.0233219659310162
"344102",0.0245104565391029,0.036899077264052,0.0307562316913467,0.00614284557270525,0.0123886207249491,0.00624577515224381
"360499",0.274647594220885,0.0823075375271036,0.168974815237331,-0.086667277710227,-0.192340056693781,-0.105672778983554
"67868",0.0887631857690674,0.0625893058450885,0.074750435596627,-0.0121611297515385,-0.026173879923979,-0.0140127501724405
"342433",0.214637804071048,0.0706527470381429,0.138442908799101,-0.0677901617609584,-0.143985057032905,-0.076194895271947
"141955",0.893572140591855,0.141170322718143,0.893572140591855,-0.752401817873713,-0.752401817873713,0
"87808",0.920933827829807,0.178267767700685,0.920933827829807,-0.742666060129122,-0.742666060129122,0
"238726",0.0264710332304279,0.044189225986608,0.0355295264566035,0.00865969953000444,0.0177181927561801,0.00905849322617564
"508450",0.0985761109661468,0.0542566123306241,0.0756562379385099,-0.0213996256078858,-0.0443194986355227,-0.0229198730276369
"20262",0.123707331038202,0.0772716888114827,0.0997332801888245,-0.0224615913773419,-0.0464356422267194,-0.0239740508493775
"469088",0.123712282128447,0.0881054538878954,0.104306137736516,-0.0162006838486209,-0.0356068282405512,-0.0194061443919303
"218333",0.0381872099214502,0.0269569543208893,0.0325450809005223,-0.00558812657963302,-0.0112302556005609,-0.00564212902092787
"282462",0.140278330584373,0.0982520407959957,0.117273193657512,-0.0190211528615158,-0.0420262897883772,-0.0230051369268614
"125167",1.41178903805522,0.133163241915799,1.41178903805522,-1.27862579613942,-1.27862579613942,0
"37365",0.0986625615676463,0.0714863333897484,0.0847948197315664,-0.0133084863418181,-0.027176228177898,-0.0138677418360799
"122360",0.218730934529976,0.11236481718752,0.16237768994998,-0.0500128727624592,-0.106366117342455,-0.0563532445799961
"243677",0.107798939427755,0.0519932677053948,0.0782281908636608,-0.0262349231582661,-0.0558056717223606,-0.0295707485640946
"554431",0.207524830470235,0.066572127483938,0.132734590561021,-0.0661624630770833,-0.140952702986297,-0.0747902399092137
"366518",0.175813926799955,0.0763970908954124,0.122922048847733,-0.0465249579523209,-0.0994168359045427,-0.0528918779522217
"414552",0.13217953630667,0.0929625582114785,0.112055374998724,-0.019092816787246,-0.0392169780951912,-0.0201241613079453
"269255",0.601849802151216,0.0770804003923816,0.601849802151216,-0.524769401758835,-0.524769401758835,0
"351023",0.202393889012987,0.0745208027791417,0.130730200845235,-0.0562093980660936,-0.127873086233845,-0.0716636881677518
"302610",0.0505426896694623,0.0466299987869096,0.0485295637852896,-0.00189956499838004,-0.00391269088255277,-0.00201312588417273
"568914",0.391578774984416,0.145550073257793,0.260735288439445,-0.115185215181652,-0.246028701726623,-0.130843486544971
"419014",0.186519641969112,0.102476997897006,0.143087294688254,-0.0406102967912478,-0.0840426440721054,-0.0434323472808576
"491517",0.0591352569384655,0.0620164715685774,0.0606820758072288,0.00133439576134858,0.00288121463011189,0.00154681886876331
"55585",0.0203389869742977,0.0312594265454296,0.026040254097285,0.00521917244814456,0.0109204395711319,0.00570126712298736
"336261",0.0815973604026162,0.063442937332124,0.0720278126222643,-0.00858487529014026,-0.0181544230704922,-0.00956954778035198
"440819",0.197955156480465,0.102744544207381,0.149255874324299,-0.0465113301169178,-0.0952106122730834,-0.0486992821561656
"258219",0.33150846379432,0.130873073954609,0.223262717424205,-0.0923896434695963,-0.200635389839711,-0.108245746370115
"259758",0.209185233157779,0.0831384402126699,0.138546411445774,-0.0554079712331039,-0.12604679294511,-0.0706388217120056
"50029",0.151726436705994,0.0739740212402216,0.109719793990101,-0.0357457727498792,-0.0777524154657725,-0.0420066427158933
"196774",0.00976888979317066,0.0207127725679675,0.0152817537171264,0.00543101885084116,0.0109438827747969,0.0055128639239557
"358630",0.322039412752355,0.08508680796334,0.194309644696544,-0.109222836733204,-0.236952604789015,-0.127729768055811
"462644",0.146849965016146,0.0888437437964541,0.115373068270084,-0.02652932447363,-0.058006221219692,-0.031476896746062
"172193",1.54719115020477,0.0836078639664959,1.54719115020477,-1.46358328623827,-1.46358328623827,0
"93926",1.6119080657142,0.180398797429233,1.6119080657142,-1.43150926828496,-1.43150926828496,0
"27879",0.150282058834628,0.106052591139016,0.126823801149435,-0.0207712100104196,-0.044229467695612,-0.0234582576851924
"178760",0.0833045068133508,0.0548492142629607,0.0682932902519521,-0.0134440759889914,-0.0284552925503901,-0.0150112165613987
"481033",0.0347601578556284,0.0563172615812853,0.0458354766061526,0.0104817849751327,0.0215571037256569,0.0110753187505242
"532874",0.0134388609208596,0.0347407903732611,0.0243149262964297,0.0104258640768314,0.0213019294524015,0.0108760653755701
"440353",0.277207030813351,0.0737420951303978,0.149616024815992,-0.0758739296855944,-0.203464935682953,-0.127591005997359
"450835",0.131110993542074,0.0871385178582515,0.108118062893416,-0.0209795450351649,-0.0439724756838227,-0.0229929306486578
"568543",0.20944154118921,0.116442288383765,0.161450294126748,-0.0450080057429827,-0.0929992528054446,-0.0479912470624619
"447691",0.254328050049159,0.119705686224778,0.184110924165369,-0.0644052379405915,-0.134622363824381,-0.0702171258837893
"94399",2.55117503422126,0.246521522217706,2.55117503422126,-2.30465351200356,-2.30465351200356,0
"223826",0.166542653941914,0.0663842461666427,0.111667970304494,-0.0452837241378514,-0.100158407775271,-0.0548746836374196
"36007",0.0634409109126998,0.0386592150387051,0.0506194417967719,-0.0119602267580667,-0.0247816958739947,-0.012821469115928
"486539",0.0328091049454301,0.039883254034725,0.0367595609450868,0.00312369308963824,0.00707414908929495,0.00395045599965671
"466780",0.947440803034172,0.0563764650830056,0.947440803034172,-0.891064337951166,-0.891064337951166,0
"485102",0.0264405346140438,0.0463873417022463,0.0368409549480004,0.00954638675424595,0.0199468070882025,0.0104004203339566
"553278",0.307933452021634,0.129582143211178,0.217450739221774,-0.0878685960105958,-0.178351308810457,-0.0904827127998607
"468941",0.568387378705974,0.088130581151321,0.568387378705974,-0.480256797554653,-0.480256797554653,0
"224301",0.107944770320796,0.0597543153573755,0.0821279145794786,-0.0223735992221031,-0.0481904549634203,-0.0258168557413173
"6510",0.0980284822780318,0.0378711129222501,0.065828073044073,-0.027956960121823,-0.0601573693557818,-0.0322004092339588
"38928",2.11346197454143,0.167033294759567,2.11346197454143,-1.94642867978186,-1.94642867978186,0
"554729",0.258099585184069,0.108947702972991,0.179862269152476,-0.0709145661794844,-0.149151882211078,-0.0782373160315934
"504735",1.41303121457573,0.234231584179226,1.41303121457573,-1.17879963039651,-1.17879963039651,0
"522419",0.591384522143103,0.200704122528175,0.39168323344767,-0.190979110919495,-0.390680399614928,-0.199701288695433
"525218",0.0942156483002035,0.0901658472131335,0.0920356229903245,-0.00186977577719098,-0.00404980108707004,-0.00218002530987906
"370249",0.0814562524563925,0.0617945876554185,0.0711520468984089,-0.00935745924299033,-0.019661664800974,-0.0103042055579837
"277262",0.808821015678136,0.152862611507051,0.808821015678136,-0.655958404171086,-0.655958404171086,0
"126510",0.156131205569928,0.051761252934967,0.0975817896133227,-0.0458205366783557,-0.104369952634961,-0.058549415956605
"8376",0.203379046507422,0.0855334354405123,0.14106810742297,-0.0555346719824574,-0.11784561106691,-0.0623109390844522
"351158",0.00307912587846353,0.0187039694934558,0.0103831580562584,0.00832081143719745,0.0156248436149923,0.00730403217779484
"216225",0.126348516909058,0.0660053825268668,0.0933088918803948,-0.027303509353528,-0.060343134382191,-0.033039625028663
"490995",0.0733888870495419,0.051846650916752,0.0620229316180865,-0.0101762807013345,-0.0215422361327899,-0.0113659554314554
"183173",0.0740614446472913,0.0573234804873612,0.0652426948556513,-0.0079192143682901,-0.0167379641599302,-0.00881874979164007
"524412",0.247729566648229,0.0959301349938508,0.163051242857119,-0.0671211078632683,-0.151799431654379,-0.0846783237911103
"104044",0.266770221800097,0.0992239276129667,0.181116465297397,-0.08189253768443,-0.16754629418713,-0.0856537565027002
"149597",0.228335840450617,0.110083706100919,0.163403356463843,-0.0533196503629235,-0.118252134349698,-0.0649324839867749
"255371",0.0611476518259985,0.0464668983862996,0.0536101599617142,-0.00714326157541453,-0.0146807534396989,-0.00753749186428434
"54289",0.0983078923731615,0.0450330432314979,0.0696838481701289,-0.0246508049386309,-0.0532748491416635,-0.0286240442030326
"328213",0.11330958215607,0.100002383644713,0.106302792162228,-0.00630040851751464,-0.0133071985113569,-0.00700678999384229
"59211",0.218406678373873,0.123053323497864,0.167103661068325,-0.0440503375704619,-0.0953533548760093,-0.0513030173055474
"346331",0.0135268409726836,0.0288576496690825,0.0210289894220368,0.00782866024704569,0.0153308086963989,0.00750214844935321
"189204",0.00681208912645602,0.0211472477889116,0.0139719946086016,0.00717525318031004,0.0143351586624556,0.00715990548214555
"393717",0.188165409298414,0.0517797170443555,0.110910263703024,-0.0591305466586682,-0.136385692254059,-0.0772551455953908
"44671",0.0600844675576324,0.0618719462392813,0.0609936348861989,0.000878311353082389,0.00178747868164889,0.000909167328566503
"53330",0.476381714379669,0.0736640784740605,0.476381714379669,-0.402717635905608,-0.402717635905608,0
"370319",0.837373133140067,0.129869195657922,0.837373133140067,-0.707503937482145,-0.707503937482145,0
"322137",0.0867007808413327,0.0649610776300868,0.0754693336539894,-0.0105082560239025,-0.0217397032112459,-0.0112314471873434
"509879",0.185890578934054,0.0473591802154216,0.107587806408331,-0.0602286261929092,-0.138531398718633,-0.0783027725257234
"418741",0.177751731122148,0.0935468779158188,0.133196978952789,-0.0396501010369702,-0.0842048532063294,-0.0445547521693592
"61179",0.18868423970991,0.0879560978496726,0.13450322253592,-0.0465471246862477,-0.100728141860237,-0.0541810171739895
"253072",0.245091855595861,0.0933824476053328,0.165524037066278,-0.072141589460945,-0.151709407990529,-0.0795678185295836
"543611",0.0181232254651249,0.0233642058570076,0.0205933766426944,0.00277082921431319,0.00524098039188269,0.0024701511775695
"328053",0.168183705501288,0.0845945102446705,0.124811571387814,-0.0402170611431432,-0.0835891952566174,-0.0433721341134742
"38546",0.0836142201926255,0.027487798865655,0.0535206300600868,-0.0260328311944318,-0.0561264213269705,-0.0300935901325387
"330551",0.194674921970837,0.088772555561832,0.138763343056513,-0.0499907874946807,-0.105902366409005,-0.0559115789143246
"7136",0.0746961372852824,0.033151961343459,0.0526498629425025,-0.0194979015990434,-0.0415441759418234,-0.0220462743427799
"515623",0.13730561956954,0.105537070137244,0.121694377586894,-0.0161573074496497,-0.031768549432296,-0.0156112419826463
"460841",0.133610537144232,0.0418095803595703,0.0843899423625467,-0.0425803620029764,-0.0918009567846619,-0.0492205947816855
"536292",0.143075714978845,0.0838131294596619,0.112184474400351,-0.028371344940689,-0.0592625855191828,-0.0308912405784938
"553282",0.0206609494052021,0.0310338467550291,0.025754636718953,0.00527921003607617,0.010372897349827,0.00509368731375087
"236033",0.0491293178023535,0.0322142023717595,0.0409841505524529,-0.00876994818069336,-0.0169151154305939,-0.00814516724990057
"526197",0.0212011882728887,0.0268831815094185,0.0239809922242304,0.00290218928518806,0.00568199323652981,0.00277980395134175
"302219",0.262613556049663,0.148753182793772,0.202795413724859,-0.0540422309310861,-0.11386037325589,-0.0598181423248039
"133373",0.0480754527872147,0.0335808610668796,0.039928964593116,-0.00634810352623637,-0.0144945917203351,-0.00814648819409877
"236387",0.123138865775438,0.0375042555022967,0.0773227882438919,-0.0398185327415952,-0.0856346102731417,-0.0458160775315465
"450994",0.312519418269927,0.192324735936691,0.252362127076266,-0.0600373911395746,-0.120194682333236,-0.0601572911936609
"70420",0.190376079589664,0.0905322978586324,0.137998053904532,-0.0474657560458993,-0.0998437817310312,-0.0523780256851319
"268166",0.928717108409463,0.140335908560939,0.928717108409463,-0.788381199848523,-0.788381199848523,0
"56738",0.0714815970201325,0.0570006018679907,0.0638745187033322,-0.00687391683534148,-0.0144809951521418,-0.00760707831680027
"99990",0.0648425033510951,0.0505984390865649,0.0573412209406283,-0.00674278185406343,-0.0142440642645303,-0.00750128241046686
"114497",0.149364424554703,0.0742916869226189,0.111158956071412,-0.0368672691487927,-0.0750727376320845,-0.0382054684832918
"29431",0.0923352019334121,0.0685627117005156,0.080206813137958,-0.0116441014374424,-0.0237724902328965,-0.0121283887954541
"432729",0.0491243439728035,0.0354226379736105,0.0422730680489634,-0.00685043007535289,-0.013701705999193,-0.00685127592384015
"475757",0.0462649754880292,0.0244222565492534,0.0347242192375731,-0.0103019626883197,-0.0218427189387759,-0.0115407562504562
"115564",0.314701658886364,0.0928775900356004,0.193504493720829,-0.100626903685229,-0.221824068850764,-0.121197165165535
"206172",0.0249629212655462,0.0294174028178331,0.0271328889325573,0.0022845138852758,0.00445448155228693,0.00216996766701114
"424793",1.13659384939054,0.149384976920155,1.13659384939054,-0.987208872470389,-0.987208872470389,0
"478669",0.168715337556795,0.108257209740145,0.137551491917601,-0.0292942821774562,-0.0604581278166498,-0.0311638456391937
"49540",0.0740751878481418,0.063097197860795,0.0684575603972374,-0.00536036253644241,-0.0109779899873468,-0.0056176274509044
"233211",0.0431298318830499,0.0382029602085994,0.0404122063978393,-0.00220924618923989,-0.00492687167445051,-0.00271762548521062
"284238",0.129286483339255,0.0702468262625818,0.0973978886069787,-0.0271510623443969,-0.0590396570766728,-0.0318885947322759
"133122",0.0481398946138015,0.0261822688749754,0.0372981548032329,-0.0111158859282575,-0.021957625738826,-0.0108417398105686
"552736",0.144588806865323,0.0766022965676192,0.107695325410334,-0.0310930288427149,-0.0679865102977037,-0.0368934814549888
"354118",0.0418906196636562,0.0416917914987646,0.0417840633514538,-9.22718526891741e-05,-0.000198828164891619,-0.000106556312202445
"6610",0.316714759708438,0.118591440265997,0.210858485251642,-0.0922670449856455,-0.198123319442442,-0.105856274456796
"310009",0.110015035982791,0.0561124780221756,0.079960487032277,-0.0238480090101014,-0.0539025579606153,-0.0300545489505139
"372854",0.306546041057974,0.117477572489183,0.210702661105348,-0.0932250886161651,-0.189068468568791,-0.0958433799526263
"351418",0.301017277475229,0.110304339392068,0.196362263417991,-0.0860579240259225,-0.190712938083161,-0.104655014057238
"8657",0.479267254463438,0.248457013525714,0.365933090944762,-0.117476077419048,-0.230810240937724,-0.113334163518676
"224280",0.264987123157073,0.0645984179677214,0.157103848806322,-0.0925054308386009,-0.200388705189351,-0.10788327435075
"493448",0.111499247460217,0.0417993716475818,0.0754231224071398,-0.033623750759558,-0.0696998758126349,-0.0360761250530769
"8755",0.0276164645184965,0.0330575772585582,0.0302667229565167,0.00279085430204155,0.0054411127400617,0.00265025843802015
"265810",0.126146818305063,0.056344618471784,0.0894026022955118,-0.0330579838237278,-0.0698021998332792,-0.0367442160095514
"465906",0.20048224697124,0.0775672384069065,0.13480981884298,-0.0572425804360737,-0.122915008564333,-0.0656724281282595
"55868",0.0678049230753114,0.0609112962553452,0.0642549485899411,-0.00334365233459581,-0.00689362681996612,-0.00354997448537031
"196472",0.237926994978737,0.0894360086245291,0.159704742306425,-0.0702687336818961,-0.148490986354208,-0.0782222526723116
"484273",0.0981493362171859,0.0602053584582733,0.0776613565037018,-0.0174559980454285,-0.0379439777589126,-0.0204879797134842
"511109",0.0683788066460502,0.0246357526692311,0.0453772950938282,-0.0207415424245971,-0.0437430539768191,-0.023001511552222
"448526",0.195885700230907,0.0693015856061093,0.126950288777059,-0.0576487031709493,-0.126584114624798,-0.0689354114538487
"262296",0.0672320492582843,0.0676084484636197,0.0674406384014263,0.000167810062193421,0.00037639920533547,0.000208589143142049
"100446",0.0101058802798718,0.0325624803232807,0.0214910347292412,0.0110714455940395,0.0224566000434089,0.0113851544493694
"341240",0.284804732259099,0.03992059707104,0.284804732259099,-0.244884135188059,-0.244884135188059,0
"294159",0.285567131164665,0.136808415602955,0.202341274371548,-0.0655328587685933,-0.14875871556171,-0.0832258567931167
"18711",0.117277494254464,0.0553847038270339,0.0851505214935397,-0.0297658176665058,-0.0618927904274299,-0.0321269727609241
"18647",0.105277449021397,0.0448457274541991,0.0725019260264758,-0.0276561985722767,-0.060431721567198,-0.0327755229949213
"288949",0.107076777568879,0.0595089892146989,0.0823542730112173,-0.0228452837965184,-0.0475677883541797,-0.0247225045576613
"106545",0.149241299695643,0.0872989433365605,0.115016031288661,-0.0277170879521008,-0.0619423563590826,-0.0342252684069818
"26617",0.0363224735502774,0.0304824455044956,0.0332793848538545,-0.00279693934935894,-0.00584002804578185,-0.00304308869642291
"22457",0.956070915495241,0.184911685000394,0.956070915495241,-0.771159230494846,-0.771159230494846,0
"196815",0.0584041151286866,0.0456713329207119,0.0522410313655015,-0.00656969844478965,-0.0127327822079747,-0.00616308376318505
"326512",0.699126804465831,0.0945609438431941,0.699126804465831,-0.604565860622637,-0.604565860622637,0
"163252",0.139506977457783,0.0802323258806447,0.108039332549499,-0.0278070066688541,-0.0592746515771386,-0.0314676449082845
"433356",0.0917338490637949,0.0500515992180751,0.068782272266949,-0.0187306730488739,-0.0416822498457198,-0.0229515767968459
"290196",0.028022799629961,0.0428547159300172,0.0361092339062186,0.00674548202379859,0.0148319163000562,0.00808643427625759
"254385",0.22615131718512,0.0830568774249757,0.149193558041237,-0.0661366806162617,-0.143094439760144,-0.0769577591438828
"246429",0.180152282298622,0.0743630122115974,0.123740996341137,-0.0493779841295394,-0.105789270087024,-0.0564112859574848
"486839",0.561417106640738,0.139835580529299,0.284166987108715,-0.144331406579416,-0.421581526111438,-0.277250119532022
"88744",0.0814267817285232,0.0299975192354247,0.0533677073248144,-0.0233701880893898,-0.0514292624930985,-0.0280590744037088
"406194",0.0948758366675482,0.0719903182678304,0.0830634281381824,-0.011073109870352,-0.0228855183997178,-0.0118124085293658
"437711",0.593071994995378,0.116399351831554,0.593071994995378,-0.476672643163825,-0.476672643163825,0
"467637",0.0743739831506045,0.0587722738311751,0.0661459816281383,-0.00737370779696318,-0.0156017093194294,-0.00822800152246622
"49031",1.71112814294816,0.177357090782931,1.71112814294816,-1.53377105216523,-1.53377105216523,0
"177111",0.215821680233753,0.106688130617735,0.157502275476033,-0.0508141448582982,-0.109133549616018,-0.0583194047577196
"8271",0.0297977528004105,0.0236410527798571,0.0268226265725506,-0.00318157379269349,-0.00615670002055345,-0.00297512622785996
"223723",0.0344595536114809,0.0471907556761045,0.0410446030879668,0.00614615258813771,0.0127312020646236,0.00658504947648592
"121012",0.18682764767822,0.0935396468522281,0.135718354887893,-0.0421787080356648,-0.0932880008259914,-0.0511092927903266
"545928",0.752084998915517,0.1541570400468,0.376897896112007,-0.222740856065207,-0.597927958868716,-0.375187102803509
"54184",0.0713131303074883,0.0251048018068683,0.047024293189287,-0.0219194913824187,-0.04620832850062,-0.0242888371182013
"397957",0.0439081973909884,0.0253602671411695,0.0340414289951508,-0.00868116185398127,-0.0185479302498189,-0.00986676839583767
"205201",0.346330858982217,0.0824167341949985,0.197463739426741,-0.115047005231742,-0.263914124787219,-0.148867119555476
"299165",0.0357019554739477,0.043413242301619,0.0396483104496441,0.00376493185197483,0.00771128682767128,0.00394635497569645
"138667",0.0547993589174399,0.0429865276849467,0.0485494801196465,-0.00556295243469974,-0.0118128312324932,-0.00624987879779348
"242900",0.376640974672492,0.109702458067745,0.230995576140482,-0.121293118072737,-0.266938516604747,-0.145645398532011
"39389",3.29134068687078,0.180676568670527,3.29134068687078,-3.11066411820025,-3.11066411820025,0
"546029",0.403602297133634,0.154100644336271,0.272636014142431,-0.11853536980616,-0.249501652797363,-0.130966282991203
"387551",0.0232140162970737,0.0456426737051956,0.0352723650238856,0.01037030868131,0.022428657408122,0.0120583487268119
"165438",0.762582186452272,0.229285463209187,0.453140372349038,-0.223854909139851,-0.533296723243086,-0.309441814103235
"22243",0.169999647621458,0.0584710519720227,0.110848467674851,-0.0523774157028282,-0.111528595649435,-0.0591511799466067
"5699",0.0823759736217626,0.0768369281354888,0.079467661565282,-0.00263073342979314,-0.00553904548627374,-0.00290831205648059
"157864",0.0998494887067795,0.0546778542045613,0.074563720533506,-0.0198858663289447,-0.0451716345022182,-0.0252857681732735
"179917",0.74949182103069,0.0544305419112337,0.74949182103069,-0.695061279119456,-0.695061279119456,0
"74442",0.529988225253379,0.134073878570935,0.315845773206348,-0.181771894635413,-0.395914346682444,-0.214142452047032
"376612",0.0502411630297567,0.043857387114468,0.0469790701074956,-0.00312168299302755,-0.00638377591528869,-0.00326209292226114
"474948",0.40828468316293,0.124130128050498,0.256752593744171,-0.132622465693673,-0.284154555112432,-0.151532089418759
"111881",0.271427659123433,0.0554551345126818,0.152090497681246,-0.096635363168564,-0.215972524610751,-0.119337161442187
"301934",0.739315003034011,0.131806245505154,0.739315003034011,-0.607508757528857,-0.607508757528857,0
"408057",0.0449752785639547,0.0558112384829846,0.0506574775277472,0.0051537609552374,0.0108359599190299,0.00568219896379253
"551567",0.0424733367383416,0.0510370190815783,0.0468706731047359,0.00416634597684243,0.00856368234323674,0.00439733636639431
"113245",0.0342144395969845,0.0395701731696819,0.0369632899195182,0.00260688325016374,0.00535573357269738,0.00274885032253364
"133464",0.234293365504655,0.0887026452291937,0.148314035479131,-0.0596113902499373,-0.145590720275461,-0.0859793300255241
"522798",0.53951937507396,0.076514625909131,0.53951937507396,-0.463004749164829,-0.463004749164829,0
"25499",0.00101647011322363,0.0202954231795901,0.0103448459285641,0.00995057725102599,0.0192789530663665,0.00932837581534048
"480570",0.380350120429107,0.107877544547179,0.230597708547598,-0.122720164000418,-0.272472575881928,-0.14975241188151
"85211",1.47493944463125,0.202341896887411,1.47493944463125,-1.27259754774384,-1.27259754774384,0
"133241",0.00990044529945487,0.0341247585209375,0.0217983511410822,0.0123264073798552,0.0242243132214826,0.0118979058416274
"265560",0.149563453164946,0.0712115411438305,0.107514310061149,-0.0363027689173182,-0.0783519120211158,-0.0420491431037976
"78024",0.207515051339577,0.053721008228871,0.122256091285432,-0.0685350830565609,-0.153794043110706,-0.0852589600541455
"341760",0.0846570725058787,0.0745068447492671,0.0793878655174056,-0.00488102076813852,-0.0101502277566116,-0.00526920698847304
"338563",0.142921404686787,0.0647148021030376,0.0980780238351394,-0.0333632217321018,-0.0782066025837494,-0.0448433808516475
"45798",0.0543880255962222,0.0262040913988188,0.0396908220586048,-0.0134867306597859,-0.0281839341974033,-0.0146972035376174
"356337",0.0368806497364866,0.0437075585928045,0.040269521928119,0.00343803666468557,0.0068269088563179,0.00338887219163233
"566113",0.0219661631374905,0.028087619725609,0.0249748150537582,0.00311280467185075,0.00612145658811843,0.00300865191626769
"564973",0.102197691307957,0.0628085346175753,0.0800808234660202,-0.0172722888484448,-0.0393891566903814,-0.0221168678419366
"6411",0.165007399996412,0.123564627415653,0.143320568011542,-0.0197559405958888,-0.0414427725807589,-0.0216868319848701
"169481",0.124254418639086,0.0739895903070216,0.0991398535384605,-0.0251502632314389,-0.0502648283320646,-0.0251145651006257
"26166",0.0320670292606089,0.0196284755185658,0.0260807283159332,-0.00645225279736735,-0.0124385537420431,-0.00598630094467579
"218521",0.316790276348818,0.141839749041446,0.224902798351555,-0.0830630493101095,-0.174950527307372,-0.0918874779972628
"65317",0.165219266266385,0.115245022090916,0.138349847138641,-0.0231048250477252,-0.0499742441754684,-0.0268694191277432
"532202",1.41921597835854,0.235945949553724,1.41921597835854,-1.18327002880482,-1.18327002880482,0
"294631",0.0659448525050363,0.0424922473738235,0.0535434183589234,-0.0110511709850999,-0.0234526051312129,-0.0124014341461129
"561043",0.0514313365920858,0.0505611780430482,0.0509954416574092,-0.000434263614361032,-0.000870158549037665,-0.000435894934676634
"505465",0.35797263482588,0.178942734140054,0.265010043149567,-0.0860673090095137,-0.179029900685826,-0.0929625916763122
"375853",0.0130472887083211,0.0359625389415945,0.0252937400554788,0.0106687988861157,0.0229152502332734,0.0122464513471577
"447197",0.421622678401831,0.132900414302534,0.265338915374527,-0.132438501071994,-0.288722264099297,-0.156283763027303
"77036",0.0557588915440188,0.0626509642041597,0.0592948601471048,0.00335610405705486,0.00689207266014094,0.00353596860308608
"249965",0.0596075330440577,0.0175057293518053,0.0375970448574943,-0.020091315505689,-0.0421018036922524,-0.0220104881865634
"261649",0.390933166105747,0.103881444907801,0.238557038710759,-0.134675593802958,-0.287051721197946,-0.152376127394988
"515324",0.0470936781770043,0.0395872302533431,0.0430524611472465,-0.00346523089390348,-0.0075064479236612,-0.00404121702975772
"494157",0.0314804665908732,0.0340408074783694,0.032785250998702,0.00125555647966741,0.00256034088749625,0.00130478440782884
"161572",0.115789739280916,0.0437408802656267,0.0764430601713193,-0.0327021799056926,-0.0720488590152897,-0.0393466791095971
"567749",0.113396928730061,0.0791498099698514,0.0952066211762369,-0.0160568112063855,-0.0342471187602093,-0.0181903075538238
"40590",0.392272038290609,0.0914609008773644,0.220548302257654,-0.12908740138029,-0.300811137413245,-0.171723736032955
"526786",0.102085859083802,0.0613477831106549,0.0814188685489403,-0.0200710854382854,-0.0407380759731476,-0.0206669905348622
"449620",0.129844950788866,0.0729846580115767,0.0992192336357312,-0.0262345756241544,-0.056860292777289,-0.0306257171531346
"503521",0.0803512457826182,0.0528061169940164,0.0658225788268558,-0.0130164618328394,-0.0275451287886018,-0.0145286669557624
"337941",0.22327086570876,0.161713167253879,0.190487234186528,-0.0287740669326492,-0.0615576984548803,-0.0327836315222312
"197105",0.0932738658975835,0.0754554602883054,0.084089603275662,-0.0086341429873566,-0.0178184056092781,-0.00918426262192153
"315593",0.847811005334496,0.14701251479461,0.847811005334496,-0.700798490539886,-0.700798490539886,0
"184752",0.0595875624781409,0.0323968655349583,0.0455236394080292,-0.0131267738730709,-0.0271906969431827,-0.0140639230701117
"257313",0.134371676442092,0.0589653173316374,0.0956441625449182,-0.0366788452132808,-0.0754063591104542,-0.0387275138971735
"256292",0.177266208610495,0.10053583711113,0.131300828786285,-0.0307649916751548,-0.0767303714993645,-0.0459653798242097
"149404",0.0241829633491367,0.0363791527911596,0.0305910202669124,0.00578813252424715,0.0121961894420229,0.0064080569177757
"398850",0.677328417211668,0.148983544851385,0.347536026399101,-0.198552481547716,-0.528344872360283,-0.329792390812567
"499613",3.31363066999911,0.255145144349473,3.31363066999911,-3.05848552564964,-3.05848552564964,0
"551898",0.326518690276403,0.136980313623328,0.23023416601409,-0.0932538523907619,-0.189538376653075,-0.0962845242623136
"85889",0.0552327837075689,0.0337451425737093,0.043533710456332,-0.00978856788262261,-0.0214876411338596,-0.0116990732512369
"351154",1.41799456619249,0.265224873633895,1.41799456619249,-1.15276969255859,-1.15276969255859,0
"406315",0.0667916661551455,0.0738481869514543,0.0703558775783548,0.00349230937309947,0.00705652079630886,0.0035642114232094
"350231",2.45738638925641,0.428641061220123,2.45738638925641,-2.02874532803629,-2.02874532803629,0
"139219",0.0139439398243567,0.0344523281713305,0.0241879622949393,0.0102643658763912,0.0205083883469738,0.0102440224705826
"514000",0.0666197420469782,0.0394049264578336,0.0526663012134164,-0.0132613747555828,-0.0272148155891446,-0.0139534408335618
"511485",0.0216378400720617,0.0432585357937196,0.0328939084863635,0.0103646273073561,0.0216206957216579,0.0112560684143018
"300560",0.104657166962375,0.0439687875169858,0.0730618321832833,-0.0290930446662975,-0.0606883794453888,-0.0315953347790912
"356456",0.0693590428444989,0.0434572191103431,0.0554706867484809,-0.0120134676381379,-0.0259018237341558,-0.0138883560960179
"124581",0.0261877299329543,0.0357274358459758,0.0310727334852221,0.00465470236075369,0.00953970591302152,0.00488500355226783
"261871",0.704098465980095,0.136360817130539,0.704098465980095,-0.567737648849556,-0.567737648849556,0
"369625",0.170107102467775,0.0967041371885471,0.130224050812056,-0.0335199136235093,-0.073402965279228,-0.0398830516557187
"119969",0.0343650577153706,0.0355652464350794,0.0350235680401845,0.000541678394894905,0.00120018871970885,0.000658510324813948
"264324",0.0564377548167817,0.0302860642875032,0.0426927621047577,-0.0124066978172545,-0.0261516905292785,-0.013744992712024
"419026",0.112945502547222,0.0616514593283206,0.0849312476110976,-0.023279788282777,-0.0512940432189016,-0.0280142549361246
"328999",0.353535167324972,0.0902588600936706,0.213547145870181,-0.12328828577651,-0.263276307231301,-0.139988021454791
"447905",0.0347854486137769,0.0268023694869093,0.0305103582760718,-0.00370798878916247,-0.00798307912686754,-0.00427509033770507
"237560",0.111283170993109,0.0843585471596296,0.0973730822134111,-0.0130145350537815,-0.0269246238334795,-0.013910088779698
"347926",0.143808318535855,0.142811790147482,0.142846916180634,-3.51260331515058e-05,-0.000996528388372497,-0.000961402355220992
"85953",0.00863681938779422,0.0310006369181734,0.0198366539611187,0.0111639829570547,0.0223638175303792,0.0111998345733245
"68847",0.165409678697076,0.101710666249128,0.132021752106077,-0.0303110858569483,-0.0636990124479472,-0.0333879265909989
"278516",0.168749337463505,0.108390655706623,0.136004408341922,-0.0276137526352992,-0.0603586817568816,-0.0327449291215824
"214530",0.0257346603719068,0.0329706241574891,0.0295099339820933,0.0034606901753958,0.00723596378558235,0.00377527361018656
"540390",0.0706721288145463,0.0427303650481032,0.0553971162347661,-0.0126667511866629,-0.0279417637664431,-0.0152750125797802
"510202",0.0274427376024762,0.0376345162214186,0.0323268502650798,0.00530766595633878,0.0101917786189424,0.00488411266260361
"410035",0.177556463874757,0.125500010161355,0.150475555935445,-0.0249755457740901,-0.0520564537134025,-0.0270809079393124
"572693",0.449048188205099,0.135708698219,0.278201976518595,-0.142493278299594,-0.313339489986099,-0.170846211686504
"484924",0.180846700628393,0.0699971916173331,0.120686335499351,-0.050689143882018,-0.110849509011059,-0.0601603651290414
"97902",0.392083589796496,0.114784405180385,0.244059283665876,-0.12927487848549,-0.27729918461611,-0.14802430613062
"300170",0.200496984324237,0.10237076761521,0.148376973130516,-0.0460062055153059,-0.0981262167090274,-0.0521200111937214
"533805",0.0992992766835218,0.0479532806692945,0.0709792687175489,-0.0230259880482544,-0.0513459960142273,-0.0283200079659729
"9064",0.342521761669959,0.196121160261023,0.266012728438929,-0.0698915681779058,-0.146400601408936,-0.0765090332310302
"152861",0.187880175160292,0.096145366569033,0.137593357365242,-0.0414479907962092,-0.0917348085912592,-0.05028681779505
"403408",0.103246139473116,0.0573204385807631,0.0791429196051065,-0.0218224810243433,-0.0459257008923528,-0.0241032198680095
"458752",0.483744379127702,0.17083996919549,0.320124009695451,-0.149284040499961,-0.312904409932212,-0.163620369432251
"21849",0.0704257064237527,0.0410845091413236,0.0545933746947043,-0.0135088655533807,-0.0293411972824291,-0.0158323317290483
"170999",0.615413679493699,0.15585186565541,0.32748850690758,-0.17163664125217,-0.45956181383829,-0.287925172586119
"247895",0.103115804127047,0.0690661422450643,0.08518392778966,-0.0161177855445956,-0.0340496618819826,-0.0179318763373869
"418914",0.0998815738174331,0.0374010762329979,0.0664078031433731,-0.0290067269103752,-0.0624804975844352,-0.03347377067406
"2513",0.0483046875088912,0.0340348474196517,0.0415060755217768,-0.00747122810212501,-0.0142698400892394,-0.00679861198711442
"531199",7.5179830658739,0.258090939229246,7.5179830658739,-7.25989212664465,-7.25989212664465,0
"302104",0.233688300970835,0.138566951584967,0.186143827719092,-0.0475768761341248,-0.0951213493858678,-0.047544473251743
"563582",0.0314972392099764,0.0404676843870817,0.0361559589834093,0.00431172540367242,0.00897044517710529,0.00465871977343287
"474491",0.0820777781842781,0.0659490546261483,0.0735325268023432,-0.00758347217619496,-0.0161287235581299,-0.0085452513819349
"567264",0.904380395107502,0.149269586699606,0.904380395107502,-0.755110808407895,-0.755110808407895,0
"116041",0.0112743742369957,0.0304383585849837,0.0209270013519403,0.00951135723304338,0.019163984347988,0.00965262711494458
"255297",1.34366383626113,0.293034114830609,0.691075446014126,-0.398041331183517,-1.05062972143052,-0.652588390247001
"307002",0.454109173260981,0.0636279892538674,0.454109173260981,-0.390481184007114,-0.390481184007114,0
"480986",0.190091324084958,0.120710853798548,0.155860751917401,-0.0351498981188532,-0.06938047028641,-0.0342305721675568
"183207",0.371620022154529,0.121427076365958,0.240192924120584,-0.118765847754626,-0.250192945788571,-0.131427098033946
"281077",0.0265343223445962,0.0435470679949598,0.0351885577211528,0.00835851027380701,0.0170127456503636,0.00865423537655661
"131467",1.36262615104089,0.246676280280243,1.36262615104089,-1.11594987076065,-1.11594987076065,0
"360115",0.192094149824736,0.0932769231224163,0.140775247685834,-0.0474983245634182,-0.0988172267023194,-0.0513189021389012
"505978",0.0363819124815723,0.0405140606098769,0.0384525354546135,0.00206152515526331,0.00413214812830452,0.0020706229730412
"81474",0.705537952982516,0.131038572058462,0.705537952982516,-0.574499380924054,-0.574499380924054,0
"253286",0.224482763612173,0.0976180916608142,0.156649159716582,-0.0590310680557681,-0.126864671951358,-0.0678336038955903
"196913",0.590662207863501,0.122178225126451,0.285811364755842,-0.163633139629391,-0.46848398273705,-0.304850843107659
"454366",0.112131979268949,0.089985699507113,0.100202282808461,-0.010216583301348,-0.0221462797618358,-0.0119296964604878
"146387",0.0433500724696087,0.0167531037987101,0.0308365627104543,-0.0140834589117443,-0.0265969686708987,-0.0125135097591544
"202491",0.101166178469183,0.0595844593990698,0.0787250264147764,-0.0191405670157065,-0.0415817190701132,-0.0224411520544067
"76584",0.140967519668263,0.0939617170537582,0.117008694232209,-0.0230469771784507,-0.0470058026145047,-0.023958825436054
"189380",0.0732929436301805,0.0621029908707828,0.0670187426478104,-0.0049157517770276,-0.0111899527593977,-0.0062742009823701
"455328",0.211872130120748,0.0720324644040688,0.136565839090754,-0.064533374686685,-0.139839665716679,-0.0753062910299937
"242625",0.844586477051594,0.197360231094481,0.453996416797121,-0.25663618570264,-0.647226245957113,-0.390590060254473
"275298",1.69018520864822,0.238030287027085,1.69018520864822,-1.45215492162113,-1.45215492162113,0
"563732",0.0371669782773801,0.0295636133928085,0.0330582037465273,-0.00349459035371877,-0.00760336488457158,-0.00410877453085281
"576041",0.783269767227809,0.157825935707769,0.446030628397008,-0.288204692689239,-0.625443831520039,-0.3372391388308
"121320",0.975243033036,0.119216481252947,0.975243033036,-0.856026551783053,-0.856026551783053,0
"334144",0.0104706131609706,0.0250679481924214,0.0180219923809053,0.0070459558115161,0.0145973350314508,0.00755137921993473
"108321",0.0858953347883319,0.0696828694078185,0.0774520991661169,-0.00776922975829841,-0.0162124653805134,-0.00844323562221501
"81452",0.172167054291674,0.116080036205108,0.141865417660817,-0.0257853814557083,-0.0560870180865653,-0.030301636630857
"2816",0.143865301838049,0.0859119150165963,0.114296056596182,-0.0283841415795857,-0.0579533868214526,-0.0295692452418669
"409003",0.247742083163676,0.0828443048685936,0.160847890950708,-0.0780035860821147,-0.164897778295083,-0.0868941922129679
"521497",0.0420261986365281,0.0357344796066544,0.0380487027212163,-0.00231422311456191,-0.00629171902987368,-0.00397749591531177
"529764",0.0565172939656703,0.0529369715227315,0.0546087136517994,-0.00167174212906793,-0.00358032244293885,-0.00190858031387092
"484564",0.136294526500936,0.0786694459189696,0.106400603510951,-0.0277311575919815,-0.0576250805819662,-0.0298939229899847
"25384",0.102783214368457,0.082319921305496,0.0918411484368789,-0.0095212271313829,-0.0204632930629607,-0.0109420659315778
"457423",0.0859903194041803,0.0456029566878687,0.0644331683427184,-0.0188302116548496,-0.0403873627163115,-0.0215571510614619
"104836",6.36604445670721,0.376012191003757,6.36604445670721,-5.99003226570346,-5.99003226570346,0
"209562",0.162993873102091,0.0857609343857052,0.122275648000802,-0.0365147136150969,-0.0772329387163861,-0.0407182251012892
"399828",0.164423338001963,0.0791469777881489,0.119533217256175,-0.0403862394680257,-0.0852763602138145,-0.0448901207457888
"77121",0.0733415712335455,0.0526046043374825,0.0624431131782511,-0.00983850884076862,-0.020736966896063,-0.0108984580552943
"145253",0.0404223738606758,0.0616157212853873,0.051429107384373,0.0101866139010142,0.0211933474247115,0.0110067335236972
"143319",0.149172240591638,0.0787769585342343,0.11229863226811,-0.0335216737338758,-0.0703952820574033,-0.0368736083235275
"359686",0.11575145733161,0.0594842737667104,0.0832588268489959,-0.0237745530822855,-0.0562671835649,-0.0324926304826145
"391889",0.0916963241470048,0.066828547791692,0.0783446872363577,-0.0115161394446657,-0.0248677763553128,-0.0133516369106471
"454277",0.0578609431698369,0.040625556759327,0.0491017578779734,-0.00847620111864639,-0.0172353864105099,-0.00875918529186349
"153693",0.3914804198515,0.097242068540978,0.231236696440016,-0.133994627899038,-0.294238351310522,-0.160243723411484
"322581",0.0103105746126876,0.0146794874308912,0.0123210281080633,0.00235845932282794,0.00436891281820364,0.0020104534953757
"472456",0.0200386910023687,0.0452049812505167,0.032865266911981,0.0123397143385357,0.025166290248148,0.0128265759096123
"24918",1.66876872191801,0.354263199395022,0.88681760624703,-0.532554406852009,-1.31450552252299,-0.781951115670981
"306218",3.40809830173639,0.171157809648445,3.40809830173639,-3.23694049208795,-3.23694049208795,0
"8279",0.357452317861305,0.0674369317094487,0.357452317861305,-0.290015386151857,-0.290015386151857,0
"243161",0.280933517241728,0.133344330030738,0.20448406736838,-0.0711397373376414,-0.14758918721099,-0.0764494498733489
"415787",0.0689881916815424,0.0530645170974991,0.0604011208761881,-0.00733660377868892,-0.0159236745840432,-0.00858707080535432
"272316",0.0577968175863013,0.042243264154619,0.0494521410377586,-0.00720887688313964,-0.0155535534316823,-0.00834467654854269
"471344",0.189532189581763,0.0935587647892189,0.137517311248507,-0.0439585464592884,-0.0959734247925441,-0.0520148783332557
"327386",0.144342350421697,0.0748119983278163,0.107329925059006,-0.0325179267311897,-0.0695303520938811,-0.0370124253626914
"321973",0.155964262262912,0.0844645098565198,0.116142367780317,-0.0316778579237968,-0.0714997524063922,-0.0398218944825954
"69268",0.103815358032243,0.0764305094588606,0.0894864396289049,-0.0130559301700444,-0.0273848485733824,-0.014328918403338
"57399",0.455926477492043,0.155017024279715,0.300644412475397,-0.145627388195683,-0.300909453212328,-0.155282065016645
"145681",0.134374942085392,0.0805866659280285,0.105314574218822,-0.024727908290794,-0.0537882761573637,-0.0290603678665698
"463987",0.0214262799020862,0.0329888945195157,0.027159359400569,0.00582953511894676,0.0115626146174296,0.0057330794984828
"317833",0.185042054503956,0.133315626155247,0.158565240763497,-0.0252496146082496,-0.0517264283487091,-0.0264768137404595
"129662",0.512747899555691,0.129683317577122,0.313872270364863,-0.18418895278774,-0.383064581978569,-0.198875629190829
"87741",0.126905087019525,0.0858710558878032,0.105121835445909,-0.0192507795581058,-0.0410340311317214,-0.0217832515736156
"377222",0.110955227522298,0.0566572071813936,0.0817288726551219,-0.0250716654737284,-0.0542980203409044,-0.029226354867176
"54062",0.0739726437531162,0.0526528140124517,0.0632121122953778,-0.0105592982829261,-0.0213198297406645,-0.0107605314577384
"187050",0.0796280632398375,0.0629788572315049,0.0711444438536044,-0.00816558662209944,-0.0166492060083325,-0.00848361938623308
"336258",0.0932641508180581,0.0979477871695953,0.095743921048798,0.00220386612079725,0.00468363635153719,0.00247977023073995
"320223",0.0246766640693481,0.0388897593830005,0.031853921712136,0.00703583767086445,0.0142130953136524,0.00717725764278793
"178984",0.441282987207162,0.14146830322872,0.279177103220466,-0.137708799991746,-0.299814683978442,-0.162105883986696
"65332",0.0675506252945633,0.0548945708927306,0.0611305707480781,-0.00623599985534741,-0.0126560544018326,-0.00642005454648521
"552827",0.222099893830154,0.109849138263416,0.165141019541921,-0.0552918812785056,-0.112250755566738,-0.0569588742882326
"283592",0.0307351839101772,0.0550383256755545,0.0435894192929008,0.0114489063826536,0.0243031417653772,0.0128542353827236
"513232",0.0535489713103737,0.0234296242103411,0.0373124163056033,-0.0138827920952622,-0.0301193471000326,-0.0162365550047704
"80919",0.071464570148821,0.0367175095661801,0.0536376981936041,-0.0169201886274239,-0.0347470605826409,-0.017826871955217
"27386",0.0643046404938205,0.0278575939609445,0.0453615260588201,-0.0175039320978756,-0.036447046532876,-0.0189431144350004
"567122",0.0288800685080722,0.0502601159672943,0.03920126276671,0.0110588532005843,0.0213800474592221,0.0103211942586378
"220852",1.65839061859351,0.225910405177303,1.65839061859351,-1.4324802134162,-1.4324802134162,0
"26292",0.0492777978108229,0.0407683719784854,0.04466031779328,-0.00389194581479467,-0.00850942583233756,-0.00461748001754289
"257551",0.396482834950814,0.0884161635721864,0.229150109831144,-0.140733946258958,-0.308066671378627,-0.16733272511967
"153462",0.00749249903291254,0.0178179238472736,0.012022463116552,0.0057954607307216,0.0103254248143611,0.00452996408363946
"115553",0.0751778277528168,0.0705572704992602,0.0727067926149486,-0.00214952211568843,-0.00462055725355665,-0.00247103513786821
"138115",0.480000606841601,0.117066651482297,0.282765038249595,-0.165698386767297,-0.362933955359304,-0.197235568592007
"439664",0.0669213775729729,0.085367222454655,0.0762264744779068,0.00914074797674821,0.0184458448816821,0.00930509690493393
"440689",1.22904408891239,0.119579228211625,1.22904408891239,-1.10946486070076,-1.10946486070076,0
"429458",0.352853691274938,0.12573697143667,0.230919497424651,-0.10518252598798,-0.227116719838268,-0.121934193850288
"453239",0.064217000009998,0.0435384043168325,0.0533246406485414,-0.00978623633170889,-0.0206785956931655,-0.0108923593614567
"42537",0.0223883831621527,0.0361561456061172,0.029755185143017,0.00640096046310015,0.0137677624439645,0.00736680198086432
"20415",0.0197402686911433,0.0315513492068383,0.0267255816760912,0.00482576753074709,0.011811080515695,0.0069853129849479
"523213",0.0441169529588537,0.0434531742838026,0.0437719177820398,-0.000318743498237128,-0.000663778675051067,-0.000345035176813939
"251938",0.290340708865782,0.0809543775456295,0.172361805716747,-0.0914074281711171,-0.209386331320153,-0.117978903149036
"439532",0.380941266670057,0.118553552366271,0.240231140563518,-0.121677588197247,-0.262387714303786,-0.140710126106539
"465557",0.0486578090870633,0.0541316556194368,0.0515294004204648,0.002602255198972,0.00547384653237349,0.00287159133340149
"158800",0.149460517021701,0.0594199505224508,0.101812025551975,-0.0423920750295241,-0.0900405664992503,-0.0476484914697262
"357729",0.0644288431914914,0.0364803337588957,0.0491549944749972,-0.0126746607161015,-0.0279485094325957,-0.0152738487164942
"481358",0.0806298479258502,0.0409862448075641,0.0589771418950919,-0.0179908970875278,-0.0396436031182861,-0.0216527060307583
"372469",0.497448955520764,0.110591939091401,0.285055397417094,-0.174463458325693,-0.386857016429363,-0.21239355810367
"280602",0.275360567177129,0.115687598850575,0.193809023416907,-0.0781214245663312,-0.159672968326553,-0.0815515437602221
"215333",0.138242888358761,0.0594417218812648,0.0951399187550515,-0.0356981968737867,-0.078801166477496,-0.0431029696037093
"184016",0.263447907973814,0.100052411229902,0.169170374672971,-0.0691179634430688,-0.163395496743912,-0.094277533300843
"68641",0.534662617654647,0.111065874786611,0.300110474102228,-0.189044599315617,-0.423596742868035,-0.234552143552418
"578621",0.343342513974408,0.223233838617725,0.282501166486328,-0.0592673278686032,-0.120108675356683,-0.0608413474880801
"490485",0.509099758828856,0.104255763392365,0.289889663501734,-0.18563390010937,-0.404843995436491,-0.219210095327122
"351506",1.09837891590143,0.152100221377444,1.09837891590143,-0.946278694523987,-0.946278694523987,0
"300061",0.109011847194003,0.0883857665784687,0.0978100566423994,-0.00942429006393071,-0.0206260806155346,-0.0112017905516039
"85476",0.103442044955394,0.120149240738007,0.111935995359912,0.00821324537809454,0.0167071957826127,0.00849395040451814
"71259",10,0.686382645727226,10,-9.31361735427277,-9.31361735427277,0
"140719",0.471559962361182,0.0882030394461647,0.471559962361182,-0.383356922915017,-0.383356922915017,0
"316119",0.0610223210961891,0.0630299796107981,0.0620485451002997,0.000981434510498355,0.00200765851460901,0.00102622400411066
"426357",0.147377264092279,0.082662635313669,0.11434257475597,-0.0316799394423013,-0.0647146287786103,-0.033034689336309
"55225",1.66647807292663,0.221890602819385,1.66647807292663,-1.44458747010724,-1.44458747010724,0
"538950",0.136505830660388,0.0617980242399339,0.0944118011006681,-0.0326137768607342,-0.0747078064204542,-0.04209402955972
"149219",0.410481911175955,0.110619078439123,0.249005970830425,-0.138386892391302,-0.299862832736831,-0.161475940345529
"476042",0.0766729416856339,0.0448692591151365,0.0586827748761854,-0.0138135157610488,-0.0318036825704974,-0.0179901668094486
"45633",0.225868332467066,0.103923711910419,0.163724702849601,-0.0598009909391814,-0.121944620556647,-0.0621436296174658
"1955",0.069930895704625,0.0661999241884529,0.0678748082799581,-0.00167488409150514,-0.00373097151617206,-0.00205608742466692
"254506",0.958797858926993,0.156972576062131,0.958797858926993,-0.801825282864861,-0.801825282864861,0
"131472",0.279191430399833,0.113749435144126,0.194699086463475,-0.080949651319349,-0.165441995255707,-0.0844923439363578
"173462",0.146956472808712,0.0912206758121385,0.116689251472027,-0.0254685756598887,-0.0557357969965738,-0.0302672213366851
"577798",0.140628063351076,0.122067888195384,0.130964519783417,-0.00889663158803267,-0.0185601751556921,-0.00966354356765944
"523129",0.08616970819087,0.103878131031379,0.0949471073583683,0.00893102367301103,0.0177084228405093,0.00877739916749831
"450646",0.0872119761337123,0.0698003969670445,0.0775411450562706,-0.00774074808922606,-0.0174115791666678,-0.0096708310774417
"167135",0.0461301252180997,0.0567872149276423,0.05155078461978,0.00523643030786228,0.0106570897095426,0.00542065940168028
"568260",0.209646666802785,0.131710932716284,0.170500958663825,-0.0387900259475411,-0.0779357340865013,-0.0391457081389603
"539434",0.480666531149566,0.223378303685426,0.34788876711601,-0.124510463430583,-0.257288227464139,-0.132777764033556
"29901",0.0173061623315284,0.0299164445368927,0.0236572295758381,0.00625921496105463,0.0126102822053643,0.00635106724430967
"4760",0.570152120363216,0.151472652800804,0.343202836665364,-0.19173018386456,-0.418679467562412,-0.226949283697852
"202368",0.0638782635207413,0.0373004038581884,0.0493437351120471,-0.0120433312538587,-0.0265778596625529,-0.0145345284086943
"208265",0.308080477274524,0.115702475636979,0.200883089854305,-0.0851806142173266,-0.192378001637545,-0.107197387420218
"330396",0.0297466795308138,0.0221542185243995,0.026006273823105,-0.00385205529870549,-0.00759246100641428,-0.00374040570770879
"541758",0.201197909057513,0.0936511086359287,0.142847467749404,-0.0491963591134753,-0.107546800421585,-0.0583504413081094
"170350",0.0607406972558349,0.0510457670124615,0.055362878795076,-0.00431711178261447,-0.00969493024337338,-0.00537781846075891
"351472",0.276480035428769,0.104961335368352,0.188003564099514,-0.0830422287311616,-0.171518700060417,-0.0884764713292553
"176071",0.0322152581482519,0.0401201863149562,0.0363657570981683,0.00375442921678794,0.00790492816670429,0.00415049894991635
"138354",0.26678518670537,0.129514819999165,0.193508605536473,-0.0639937855373082,-0.137270366706206,-0.0732765811688974
"437862",0.0668411988118308,0.0687919827916312,0.0678758729876009,0.000916109804030313,0.00195078397980045,0.00103467417577013
"126508",0.0148350347353512,0.0202624816396789,0.0174699976308135,0.00279248400886539,0.00542744690432771,0.00263496289546232
"60909",0.0619127404099033,0.0382684002907676,0.0497724537220665,-0.0115040534312989,-0.0236443401191357,-0.0121402866878367
"381647",0.0383474838521156,0.0300989492458072,0.0341906960040334,-0.00409174675822626,-0.00824853460630837,-0.00415678784808211
"308754",0.108434025525131,0.022399225486267,0.0618809186093216,-0.0394816931230546,-0.0860348000388641,-0.0465531069158095
"357222",0.120895811358981,0.0583663360148892,0.0865289915553108,-0.0281626555404215,-0.0625294753440917,-0.0343668198036702
"22463",2.52834191174138,0.243455781572421,2.52834191174138,-2.28488613016896,-2.28488613016896,0
"134423",0.593811049433051,0.137119955643594,0.340519111668352,-0.203399156024758,-0.456691093789457,-0.253291937764699
"210771",0.238274558319863,0.12265901860221,0.179477849420014,-0.0568188308178047,-0.115615539717653,-0.0587967088998484
"333815",0.118486102314002,0.0767537921595914,0.09648940612952,-0.0197356139699286,-0.0417323101544107,-0.0219966961844821
"188497",0.454326195192817,0.173177460070917,0.310375871533217,-0.137198411462299,-0.281148735121899,-0.1439503236596
"535905",1.70978140584806,0.105560993992136,1.70978140584806,-1.60422041185593,-1.60422041185593,0
"237780",0.064485509249683,0.0529251016962304,0.0583779294228487,-0.00545282772661828,-0.0115604075534526,-0.00610757982683433
"322692",0.122243235924745,0.063200597531384,0.0910777105509124,-0.0278771130195284,-0.0590426383933612,-0.0311655253738328
"251394",0.364995511018206,0.159065636050804,0.257009413458128,-0.0979437774073249,-0.205929874967402,-0.107986097560077
"191751",0.648073685171314,0.105593601745929,0.648073685171314,-0.542480083425385,-0.542480083425385,0
"150878",0.0499162793814631,0.0559691699329454,0.0530120892520948,0.00295708068085059,0.0060528905514823,0.0030958098706317
"203880",0.181109978173327,0.104794485978333,0.139138787601277,-0.0343443016229437,-0.0763154921949939,-0.0419711905720501
"360314",0.0474173638356212,0.053013063089442,0.0501676944380583,0.00284536865138369,0.00559569925382079,0.0027503306024371
"178927",0.249672835435128,0.107294572477327,0.175118347013621,-0.067823774536294,-0.142378262957801,-0.0745544884215071
"149237",1.32056812274158,0.0843800703415795,1.32056812274158,-1.2361880524,-1.2361880524,0
"91879",0.174632261577969,0.106509396492467,0.138622658301754,-0.0321132618092871,-0.068122865085502,-0.0360096032762149
"255132",0.0352783424685753,0.0473862277180938,0.0412485518756747,0.00613767584241918,0.0121078852495186,0.00597020940709939
"425266",0.372491842177481,0.065178087422905,0.372491842177481,-0.307313754754576,-0.307313754754576,0
"169910",0.126625746458297,0.0647751268404338,0.0940927031961748,-0.029317576355741,-0.0618506196178633,-0.0325330432621223
"377033",0.153097235637674,0.0989722527848922,0.123628956105711,-0.0246567033208187,-0.054124982852782,-0.0294682795319633
"146876",0.0117084022732206,0.0313797078559622,0.0211029132317017,0.0102767946242605,0.0196713055827415,0.00939451095848108
"73354",0.0591018454621324,0.0564197591742586,0.0576454048695227,-0.00122564569526404,-0.00268208628787375,-0.00145644059260971
"46012",0.548946504828261,0.129439797841664,0.315781809102009,-0.186342011260345,-0.419506706986596,-0.233164695726252
"29890",0.148067989995219,0.0745738745798774,0.108742941866765,-0.0341690672868879,-0.0734941154153417,-0.0393250481284538
"352385",0.0774488247648721,0.0589830986129893,0.0670272929924302,-0.00804419437944084,-0.0184657261518828,-0.0104215317724419
"498476",0.0446475593158729,0.0522566601894006,0.0490068249314932,0.00324983525790747,0.00760910087352778,0.00435926561562031
"530244",0.0368169533779914,0.0443600219815771,0.0406683358804912,0.00369168610108594,0.00754306860358576,0.00385138250249981
"359670",0.16848287538939,0.0988519251259528,0.129263836701681,-0.0304119115757285,-0.0696309502634375,-0.039219038687709
"214757",0.12917773826103,0.0815280299652165,0.104515273994512,-0.0229872440292954,-0.047649708295813,-0.0246624642665176
"31",0.239431202119676,0.13389679136383,0.186347247826658,-0.0524504564628279,-0.105534410755846,-0.0530839542930182
"543368",0.0240797089748086,0.0251295899904,0.0246355361612088,0.000494053829191213,0.0010498810155914,0.000555827186400182
"315316",0.0968366424532147,0.0747464875804632,0.0853213800376521,-0.0105748924571889,-0.0220901548727515,-0.0115152624155626
"179956",0.102372898660349,0.0616388245180359,0.0810527480080732,-0.0194139234900373,-0.0407340741423131,-0.0213201506522757
"300240",0.0674083591318549,0.088250245432916,0.0780434974947756,0.0102067479381404,0.0208418863010611,0.0106351383629207
"323120",0.0253550928405454,0.0579748099973673,0.0431536164960201,0.0148211935013471,0.0326197171568219,0.0177985236554747
"116183",0.225652520961238,0.0931317402617663,0.154977205836435,-0.0618454655746687,-0.132520780699472,-0.0706753151248033
"400668",0.986374005493078,0.185114631067172,0.986374005493078,-0.801259374425906,-0.801259374425906,0
"210794",0.0758433792886018,0.101053959416489,0.0883857605378775,0.0126681988786114,0.0252105801278871,0.0125423812492757
"332218",0.268511849876794,0.112960177797064,0.18776937404035,-0.0748091962432859,-0.15555167207973,-0.0807424758364439
"296213",0.0989369042069724,0.106725729808949,0.103161565332136,0.00356416447681329,0.00778882560197661,0.00422466112516331
"462641",0.0935961230911837,0.0777621796700123,0.0853125931469485,-0.0075504134769362,-0.0158339434211714,-0.00828352994423524
"305073",1.39552235673887,0.200485209219978,1.39552235673887,-1.19503714751889,-1.19503714751889,0
"346735",0.498820760944826,0.114006216883135,0.236868804663523,-0.122862587780387,-0.38481454406169,-0.261951956281303
"506928",0.0763391468169388,0.0350180986411198,0.0527865753214273,-0.0177684766803075,-0.041321048175819,-0.0235525714955115
"572804",0.188404987150881,0.108016158785493,0.142042278557282,-0.034026119771789,-0.0803888283653875,-0.0463627085935986
"533731",0.0218491783814043,0.0352716198083512,0.0291847208046909,0.00608689900366028,0.0134224414269469,0.00733554242328665
"415873",0.0398918118650453,0.0382413985522388,0.0389989140177569,-0.000757515465518097,-0.00165041331280643,-0.000892897847288333
"561809",0.0716485278878929,0.0213618513272116,0.0442935482891959,-0.0229316969619843,-0.0502866765606814,-0.0273549795986971
"76992",0.474182722538729,0.167613366028221,0.314186028211077,-0.146572662182857,-0.306569356510508,-0.159996694327652
"475749",0.138881220202168,0.0979537871690866,0.117243738801555,-0.0192899516324683,-0.0409274330330818,-0.0216374814006135
"263644",0.137999993578423,0.129360746144459,0.133610860626839,-0.0042501144823805,-0.00863924743396402,-0.00438913295158352
"148906",0.0510827740589363,0.0701207148817375,0.0608531610176673,0.00926755386407024,0.0190379408228012,0.00977038695873097
"79830",0.265226527581225,0.155412153030806,0.210663342633599,-0.0552511896027932,-0.109814374550419,-0.0545631849476263
"541918",0.0779929206205443,0.0442682729152346,0.0603816470023279,-0.0161133740870933,-0.0337246477053097,-0.0176112736182164
"261704",0.0970202083377893,0.0955386783445843,0.0963225317038067,-0.000783853359222361,-0.00148152999320501,-0.000697676633982652
"451048",0.960143550343107,0.178006684475629,0.960143550343107,-0.782136865867478,-0.782136865867478,0
"327632",0.276353592806223,0.16313902783612,0.221195669547892,-0.0580566417117721,-0.113214564970102,-0.0551579232583301
"530096",0.0253518618716115,0.0610667608910658,0.0435428526692686,0.0175239082217973,0.0357148990194543,0.0181909907976571
"176675",0.267073956399064,0.143424836889156,0.202126411560699,-0.0587015746715432,-0.123649119509908,-0.0649475448383647
"229696",0.109220336822326,0.0570231560362644,0.0807118524613808,-0.0236886964251164,-0.0521971807860615,-0.0285084843609451
"223467",0.352605280716496,0.0527100512760179,0.352605280716496,-0.299895229440478,-0.299895229440478,0
"484484",0.0517884802830728,0.0583070372756206,0.0551807323066863,0.0031263049689343,0.0065185569925478,0.00339225202361351
"255366",0.0737290917421716,0.0283405643342403,0.0502468531412248,-0.0219062888069845,-0.0453885274079313,-0.0234822386009468
"56761",0.523082695633488,0.129126496143067,0.258726548036298,-0.129600051893231,-0.393956199490422,-0.26435614759719
"530371",0.00638947336802194,0.0304535924380583,0.0188628777466499,0.0115907146914084,0.0240641190700364,0.012473404378628
"433610",0.0614307751668004,0.0693345791590117,0.0653828661790725,0.00395171297993926,0.00790380399221132,0.00395209101227206
"416513",0.07185481969524,0.0254177439027069,0.0465848974439945,-0.0211671535412875,-0.0464370757925331,-0.0252699222512456
"331125",0.198586444815249,0.111193940552206,0.15215447818859,-0.0409605376363845,-0.087392504263043,-0.0464319666266585
"61444",0.281110710961026,0.0868257290552611,0.177614248667468,-0.0907885196122074,-0.194284981905765,-0.103496462293558
"529328",0.0796762758461003,0.0437392403794105,0.0610506671679007,-0.0173114267884901,-0.0359370354666898,-0.0186256086781996
"365459",0.112982388720597,0.0637686068984345,0.0873635557247738,-0.0235949488263394,-0.049213781822163,-0.0256188329958236
"60411",0.10017976311106,0.0830045523497021,0.0912130309022343,-0.00820847855253225,-0.0171752107613579,-0.00896673220882566
"116400",0.140898711577089,0.0618734277309143,0.0999557209986206,-0.0380822932677064,-0.0790252838461747,-0.0409429905784684
"287676",0.0480418932027145,0.062295166538841,0.055260495340732,0.00703467119810897,0.0142532733361265,0.00721860213801748
"282037",0.418915176203902,0.118492950010667,0.256332945821553,-0.137839995810886,-0.300422226193236,-0.162582230382349
"413801",0.924215056653211,0.160016050420523,0.924215056653211,-0.764199006232688,-0.764199006232688,0
"23285",0.130557669146723,0.0421136031212455,0.0840110127926182,-0.0418974096713728,-0.0884440660254778,-0.0465466563541051
"63089",0.187751368254654,0.0898069442609667,0.132395150497576,-0.0425882062366093,-0.0979444239936876,-0.0553562177570784
"292976",0.15814963240982,0.0811664538745002,0.117072801406001,-0.035906347531501,-0.07698317853532,-0.041076831003819
"415407",0.283007412875839,0.157284591852783,0.220947294676299,-0.0636627028235162,-0.125722821023056,-0.06206011819954
"301221",0.0198832367790632,0.0293563233281622,0.0249117602278194,0.00444456310034283,0.00947308654909904,0.00502852344875621
"459309",0.23547312258511,0.102321515631643,0.16484342357375,-0.0625219079421077,-0.133151606953467,-0.0706296990113591
"89414",0.131818637970945,0.0531646550122435,0.0897213481828371,-0.0365566931705936,-0.0786539829587012,-0.0420972897881076
"88944",0.022513375837272,0.0232215894710474,0.023243851595171,-2.22621241235746e-05,0.000708213633775445,0.000730475757899019
"57759",0.0611151987910676,0.0555434835825931,0.0587405728316506,-0.00319708924905741,-0.00557171520847449,-0.00237462595941708
"86277",0.546695260405633,0.16608282702226,0.345608164934931,-0.179525337912672,-0.380612433383374,-0.201087095470702
"89420",0.156117819672977,0.0712714217388723,0.109682768118301,-0.0384113463794282,-0.0848463979341047,-0.0464350515546765
"196492",0.0477196463981515,0.0490373933494525,0.0484883752325799,0.000549018116872579,0.00131774695130094,0.000768728834428363
"53366",0.0769104130255312,0.0415845112048471,0.0585594977485912,-0.0169749865437442,-0.0353259018206841,-0.0183509152769399
"484083",0.889439033360457,0.187458111195317,0.475123919580072,-0.287665808384756,-0.70198092216514,-0.414315113780385
"508996",0.101404110001095,0.0363443978449141,0.0663072457190906,-0.0299628478741766,-0.0650597121561808,-0.0350968642820043
"94853",1.42406286625747,0.126627742112637,1.42406286625747,-1.29743512414483,-1.29743512414483,0
"181655",0.647114647819141,0.0886962300975495,0.647114647819141,-0.558418417721592,-0.558418417721592,0
"417347",0.0930834718950159,0.0485848205500688,0.0689505567598534,-0.0203657362097847,-0.0444986513449471,-0.0241329151351624
"522875",0.0986964960391809,0.0947858907700877,0.096570339716325,-0.00178444894623726,-0.0039106052690932,-0.00212615632285594
"425704",0.187368840399954,0.0913981018675038,0.13743052711793,-0.0460324252504262,-0.0959707385324498,-0.0499383132820236
"568566",0.324568671295347,0.153203764499783,0.234159881107063,-0.0809561166072799,-0.171364906795563,-0.0904087901882835
"378959",0.286376723496254,0.12693415020793,0.20397644703243,-0.0770422968244993,-0.159442573288324,-0.0824002764638243
"437533",0.0605798387886181,0.0600225338363155,0.060269835935514,-0.000247302099198474,-0.000557304952302599,-0.000310002853104126
"453559",0.0296691370863304,0.0345587859004152,0.0322089854300189,0.00234980047039638,0.00488964881408483,0.00253984834368845
"38366",0.358816752640712,0.198047697186096,0.27294473718157,-0.0748970399954733,-0.160769055454616,-0.0858720154591425
"305642",0.86962257346779,0.194792559049673,0.460923934356361,-0.266131375306688,-0.674830014418118,-0.408698639111429
"492995",0.0866881095827654,0.0663839637749945,0.0760784509857283,-0.00969448721073374,-0.0203041458077709,-0.0106096585970371
"80132",0.202796536683635,0.094713644887125,0.144707789941154,-0.049994145054029,-0.10808289179651,-0.0580887467424806
"475616",0.0318631700073132,0.0159672589866945,0.0241265934067038,-0.00815933442000937,-0.0158959110206188,-0.00773657660060938
"95204",0.144259929815292,0.0510210751798658,0.0922959789938626,-0.0412749038139968,-0.0932388546354262,-0.0519639508214294
"542717",0.338631512219481,0.143125561447756,0.239310992633372,-0.0961854311856151,-0.195505950771724,-0.0993205195861089
"437712",1.04054256053678,0.266535745838731,0.60232115630809,-0.335785410469359,-0.774006814698053,-0.438221404228694
"289470",0.38081638733231,0.138952467440209,0.252872632967822,-0.113920165527614,-0.241863919892102,-0.127943754364488
"287749",0.293081634728956,0.128361739394985,0.207402656323261,-0.0790409169282759,-0.164719895333971,-0.0856789784056954
"416348",0.0167247073419292,0.0174750732988302,0.017082179757469,0.000392893541361183,0.000750365956901013,0.000357472415539829
"9952",0.291204617860868,0.145219862430949,0.217323916478477,-0.0721040540475281,-0.14598475542992,-0.0738807013823914
"535069",0.0356902134086784,0.0562733771003767,0.0465654638352283,0.00970791326514842,0.0205831636916982,0.0108752504265498
"101497",0.106860581808695,0.075393916153341,0.09033894600314,-0.014945029849799,-0.0314666656553541,-0.0165216358055551
"164522",0.638472022829098,0.188212822136944,0.364151259061725,-0.175938436924781,-0.450259200692154,-0.274320763767373
"436506",0.257874974497453,0.0899182434802788,0.165725496054319,-0.0758072525740407,-0.167956731017174,-0.0921494784431335
"340320",0.613813776417082,0.116148655752428,0.613813776417082,-0.497665120664653,-0.497665120664653,0
"80905",0.0227937986381231,0.0434045509523152,0.0333373454762719,0.0100672054760433,0.0206107523141921,0.0105435468381488
"25442",0.0461532876785343,0.0426478841356634,0.0443564525901244,-0.00170856845446101,-0.00350540354287084,-0.00179683508840982
"268268",0.0698961009690212,0.085181036292039,0.0776118859784966,0.00756915031354244,0.0152849353230178,0.00771578500947537
"507449",0.325882122552581,0.143083402382404,0.233081563164899,-0.0899981607824941,-0.182798720170176,-0.092800559387682
"471352",0.0416573052548263,0.0198590323099463,0.0305520312424596,-0.0106929989325133,-0.02179827294488,-0.0111052740123667
"248469",0.103789439862537,0.0450783852196359,0.0727132519229069,-0.027634866703271,-0.0587110546429011,-0.0310761879396301
"106884",0.144835694984081,0.0573367312222366,0.0980670793710612,-0.0407303481488246,-0.087498963761844,-0.0467686156130193
"422577",0.0113579301458918,0.0228045933329778,0.0167359424528998,0.00606865088007804,0.011446663187086,0.005378012307008
"325040",0.168094748172627,0.0839857583420835,0.123481902982787,-0.0394961446407032,-0.0841089898305439,-0.0446128451898407
"72057",0.0663618594170169,0.0823985644009734,0.0749057698899816,0.00749279451099179,0.0160367049839565,0.00854391047296475
"346218",0.188352557229697,0.099238212642107,0.138032122834939,-0.0387939101928324,-0.0891143445875901,-0.0503204343947577
"465369",0.287219210488044,0.124372531001686,0.193498568391067,-0.0691260373893812,-0.162846679486358,-0.0937206420969765
"529305",0.180169845720538,0.0748074744460951,0.117849622950961,-0.0430421485048661,-0.105362371274443,-0.0623202227695769
"393776",0.301706781059253,0.114785290791055,0.196295355668292,-0.0815100648772375,-0.186921490268199,-0.105411425390961
"205157",0.260661921612416,0.111450554019241,0.179414404039849,-0.0679638500206078,-0.149211367593175,-0.0812475175725672
"321534",0.0190896169405202,0.0337791886920892,0.0266067773333321,0.00717241135875712,0.014689571751569,0.00751716039281186
"308879",0.130041338106187,0.115025375579877,0.122428770454221,-0.00740339487434338,-0.0150159625263093,-0.00761256765196594
"420610",0.0495570158651597,0.0505554583328831,0.0500174724102393,0.000537985922643813,0.000998442467723404,0.000460456545079591
"69986",0.191814877889091,0.105425156787872,0.143482708852542,-0.0380575520646695,-0.0863897211012187,-0.0483321690365492
"557908",0.166699468738583,0.0636235118655341,0.110028501330828,-0.0464049894652935,-0.103075956873049,-0.0566709674077554
"113277",1.20147595831012,0.282375990683229,0.697337352488787,-0.414961361805558,-0.919099967626893,-0.504138605821335
"421764",0.0924747339988893,0.0681575679452979,0.0793185982869498,-0.0111610303416519,-0.0243171660535914,-0.0131561357119395
"71634",0.0845963020508759,0.0631482780517888,0.0732560061896132,-0.0101077281378244,-0.0214480239990871,-0.0113402958612627
"232102",0.085428894180764,0.0759180331491271,0.0806322656257909,-0.00471423247666382,-0.00951086103163697,-0.00479662855497315
"483513",0.0243643376828746,0.0347042714421333,0.0294448630110217,0.0052594084311116,0.0103399337592587,0.00508052532814711
"172080",0.320726597526605,0.245569931227128,0.283953272804706,-0.0383833415775779,-0.075156666299477,-0.0367733247218991
"470001",0.0863635358317023,0.0343132415626874,0.0591163399530636,-0.0248030983903762,-0.0520502942690149,-0.0272471958786387
"12317",0.486631260524416,0.146625182756604,0.309572260459877,-0.162947077703273,-0.340006077767812,-0.177059000064539
"336815",0.47699487392991,0.111759790633388,0.279737256842017,-0.16797746620863,-0.365235083296523,-0.197257617087893
"239113",1.55681090148583,0.24342810570141,1.55681090148583,-1.31338279578442,-1.31338279578442,0
"446659",0.174535899670853,0.0910617320318162,0.130750593894157,-0.0396888618623411,-0.0834741676390366,-0.0437853057766955
"260353",0.0876165690288143,0.0377126945333191,0.0604539010996928,-0.0227412065663737,-0.0499038744954952,-0.0271626679291215
"256189",0.0663980431151634,0.0611350231468102,0.063558651170928,-0.00242362802411782,-0.00526301996835317,-0.00283939194423535
"22808",0.1869187440992,0.078441780244063,0.128175420023021,-0.0497336397789585,-0.108476963855137,-0.0587433240761785
"102598",0.355977944923729,0.137087852225852,0.234642517213196,-0.0975546649873445,-0.218890092697877,-0.121335427710533
"264670",0.0375308091217244,0.0473556076069799,0.0425469205239882,0.00480868708299165,0.00982479848525551,0.00501611140226385
"299208",1.18883731520962,0.182336822694712,1.18883731520962,-1.0065004925149,-1.0065004925149,0
"512707",0.0201078426860557,0.0311256239626963,0.0256184922711586,0.00550713169153768,0.0110177812766406,0.00551064958510291
"222341",0.842882683890741,0.134733532537292,0.842882683890741,-0.708149151353449,-0.708149151353449,0
"102810",0.0891219409174802,0.0794205526985751,0.0840995555461052,-0.00467900284753009,-0.00970138821890509,-0.005022385371375
"455850",0.221554904274524,0.0956684075701009,0.153403145292052,-0.0577347377219511,-0.125886496704423,-0.068151758982472
"245105",0.0564892597898822,0.0346978991558887,0.0455085370654486,-0.0108106379095599,-0.0217913606339935,-0.0109807227244336
"566170",0.127733538088507,0.075387734246861,0.100155419931292,-0.0247676856844305,-0.0523458038416463,-0.0275781181572158
"161770",0.397008237878965,0.18119050932343,0.278560960583907,-0.0973704512604776,-0.215817728555535,-0.118447277295057
"85951",0.178876768058138,0.116619620456112,0.146406692393992,-0.0297870719378798,-0.0622571476020251,-0.0324700756641454
"17268",0.00576382086042792,0.0276384568932731,0.0158818538726136,0.0117566030206594,0.0218746360328452,0.0101180330121857
"550835",0.225318977154998,0.0977533171299759,0.15730101120862,-0.0595476940786444,-0.127565660025022,-0.0680179659463773
"118923",0.0752436020287885,0.0950053680566854,0.0853316048675866,0.00967376318909874,0.0197617660278969,0.0100880028387981
"340996",0.03405628240272,0.0427626793562547,0.0384857753327685,0.0042769040234862,0.00870639695353467,0.00442949293004847
"474258",0.875699411483416,0.105595413272749,0.875699411483416,-0.770103998210667,-0.770103998210667,0
"51011",0.948461076318524,0.191980332805884,0.496739818781532,-0.304759485975648,-0.75648074351264,-0.451721257536992
"214997",0.511545642514653,0.206658081831422,0.359982680270707,-0.153324598439285,-0.304887560683231,-0.151562962243945
"565459",0.373479752109251,0.129849300616373,0.239786361589681,-0.109937060973308,-0.243630451492879,-0.13369339051957
"202117",0.110307338878279,0.0667571043580644,0.0877841579931198,-0.0210270536350554,-0.0435502345202144,-0.0225231808851589
"141205",0.033480793573959,0.06355940679717,0.0499547872588297,0.0136046195383403,0.030078613223211,0.0164739936848707
"316072",0.574853682912295,0.252316080809536,0.407744367849209,-0.155428287039673,-0.322537602102759,-0.167109315063085
"77662",0.215282119538693,0.0976720637106113,0.150850161551244,-0.0531780978406331,-0.117610055828081,-0.0644319579874482
"234917",0.188893880049416,0.0989419024179542,0.140172520953695,-0.0412306185357407,-0.0899519776314619,-0.0487213590957212
"341996",2.90659393604145,0.213342374104578,2.90659393604145,-2.69325156193688,-2.69325156193688,0
"543307",0.0588464341976836,0.0552251483082128,0.0569150035484958,-0.00168985524028303,-0.00362128588947084,-0.00193143064918781
"386862",0.0726899422867357,0.0472441190316742,0.0592803903915897,-0.0120362713599155,-0.0254458232550615,-0.013409551895146
"529393",0.0331592196330368,0.0320460297858851,0.0325565257986555,-0.000510496012770374,-0.00111318984715161,-0.000602693834381239
"389356",0.0300755188968568,0.0326331008462109,0.0313273285957762,0.0013057722504347,0.00255758194935413,0.00125180969891943
"355286",0.741103411826291,0.152304739577776,0.368941170144266,-0.21663643056649,-0.588798672248514,-0.372162241682024
"351413",0.220783995211709,0.0834986735168363,0.147581875022374,-0.064083201505538,-0.137285321694873,-0.0732021201893351
"259918",0.0629426216227885,0.0514570288668952,0.0568605577389243,-0.00540352887202904,-0.0114855927558933,-0.00608206388386425
"340412",0.030217140588473,0.0540748387572765,0.0426902292746867,0.0113846094825898,0.0238576981688035,0.0124730886862136
"420641",0.0746356609818174,0.058096155089873,0.0666257353375272,-0.00852958024765413,-0.0165395058919444,-0.00800992564429027
"148095",0.389079016460218,0.16651560825617,0.271841838635801,-0.105326230379631,-0.222563408204048,-0.117237177824417
"543003",0.0567816008283987,0.0772456488327878,0.0678361256231753,0.00940952320961255,0.0204640480043891,0.0110545247947766
"48040",0.266871097040553,0.116285952827635,0.183386714636482,-0.0671007618088472,-0.150585144212918,-0.0834843824040705
"390409",1.54528880413976,0.214407810948275,1.54528880413976,-1.33088099319149,-1.33088099319149,0
"440680",0.031981214538515,0.049349057903598,0.0411381195297411,0.00821093837385695,0.017367843365083,0.00915690499122601
"97336",0.0764626233560172,0.0541750766651392,0.0650521060337566,-0.0108770293686173,-0.0222875466908779,-0.0114105173222606
"124592",0.0532918008767552,0.04430346570448,0.0483873293005032,-0.00408386359602324,-0.00898833517227525,-0.004904471576252
"470492",0.431515056094205,0.218306714242585,0.318085517786594,-0.0997788035440093,-0.21320834185162,-0.11342953830761
"24645",0.377470540941471,0.13934017495869,0.247895771848068,-0.108555596889378,-0.238130365982781,-0.129574769093402
"161069",0.0369215534652922,0.0484783510113262,0.0429886438617371,0.00548970714958911,0.011556797546034,0.0060670903964449
"223334",0.0214642705123788,0.0250946166695337,0.0232288939177845,0.00186572275174924,0.00363034615715487,0.00176462340540563
"81431",0.0195243692744317,0.0209088473037831,0.0201995462861338,0.000709301017649298,0.00138447802935144,0.000675177011702142
"316688",0.037958514867773,0.0506598971546686,0.0445713696327167,0.00608852752195189,0.0127013822868956,0.00661285476494367
"11806",0.0278548086627307,0.0263131698949872,0.0270194890269742,-0.000706319131986991,-0.00154163876774347,-0.00083531963575648
"22582",6.44728405328219,0.240913631653524,6.44728405328219,-6.20637042162866,-6.20637042162866,0
"120306",0.179995848279953,0.092964493892713,0.134191086461499,-0.0412265925687862,-0.0870313543872397,-0.0458047618184534
"564096",0.0496571820908915,0.02441676404818,0.0363287495657453,-0.0119119855175653,-0.0252404180427115,-0.0133284325251462
"80185",0.129827544398275,0.0974973135309498,0.112069728644048,-0.0145724151130982,-0.0323302308673251,-0.0177578157542269
"119010",0.432783703669296,0.0865932168168919,0.242517250628904,-0.155924033812012,-0.346190486852404,-0.190266453040392
"347316",0.258851001775511,0.118912739811547,0.183133870511658,-0.0642211307001109,-0.139938261963964,-0.0757171312638533
"231664",0.0811298378126082,0.0533980766813741,0.0668357386734744,-0.0134376619921002,-0.027731761131234,-0.0142940991391338
"361358",0.0843920657643061,0.0598774199951535,0.0714886546180887,-0.0116112346229353,-0.0245146457691527,-0.0129034111462174
"276978",0.0876282357787148,0.0435909139821513,0.0631222439637313,-0.0195313299815801,-0.0440373217965635,-0.0245059918149835
"159990",0.13271175022377,0.0451412458513065,0.0866892521184864,-0.0415480062671799,-0.0875705043724634,-0.0460224981052836
"346112",0.0210010795610444,0.0268562043187426,0.0240049094947797,0.00285129482396293,0.00585512475769827,0.00300382993373535
"239750",0.0808777132360892,0.0579098897582289,0.0686676250802726,-0.0107577353220436,-0.0229678234778602,-0.0122100881558166
"196855",0.0238131045658112,0.016265707149056,0.0195304130721956,-0.0032647059231396,-0.00754739741675513,-0.00428269149361553
"516233",0.27598938524684,0.0666453747820056,0.162863225111302,-0.0962178503292964,-0.209344010464835,-0.113126160135538
"50435",0.0568444383330502,0.0490477683338816,0.052683986483068,-0.00363621814918637,-0.00779666999916855,-0.00416045184998218
"446258",0.02074173027352,0.0315568770283003,0.026373567702035,0.00518330932626532,0.0108151467547803,0.00563183742851502
"144255",0.0725762367370823,0.0286469459273477,0.0491096167294361,-0.0204626708020884,-0.0439292908097347,-0.0234666200076462
"505518",0.127306448676635,0.109428146709199,0.118095360089287,-0.0086672133800875,-0.0178783019674364,-0.00921108858734887
"573590",0.134523808606519,0.0998837465271791,0.115412339343255,-0.015528592816076,-0.0346400620793402,-0.0191114692632641
"395216",0.356423687242947,0.139871033405262,0.238287697981791,-0.098416664576529,-0.216552653837686,-0.118135989261157
"506292",3.87568841326067,0.596468598642662,3.87568841326067,-3.279219814618,-3.279219814618,0
"352485",0.0529350076689109,0.0401910003200375,0.0463790913340919,-0.00618809101405447,-0.0127440073488735,-0.00655591633481899
"62451",1.09890215096122,0.239506017800894,0.608269049885623,-0.36876303208473,-0.859396133160321,-0.490633101075592
"456871",0.23784079211536,0.127961227714708,0.181624972923226,-0.0536637452085184,-0.109879564400653,-0.0562158191921341
"408014",0.0520305284714504,0.0438850933537524,0.0477082696724356,-0.00382317631868317,-0.008145435117698,-0.00432225879901483
"65612",0.0461729669037159,0.0422178642431318,0.044238417347081,-0.00202055310394923,-0.00395510266058414,-0.00193454955663492
"65982",0.254073690295028,0.112228046248441,0.1796542986617,-0.0674262524132586,-0.141845644046587,-0.0744193916333286
"557920",0.014055222312833,0.0192736057159678,0.0164363306820284,0.00283727503393947,0.00521838340313483,0.00238110836919535
"465872",0.0474646119483072,0.0259196328134448,0.0367538618772374,-0.0108342290637926,-0.0215449791348624,-0.0107107500710698
"438551",0.184009008381661,0.0777009067030547,0.128869712815467,-0.0511688061124124,-0.106308101678607,-0.0551392955661941
"187106",0.788435099864028,0.180505484013192,0.406918833702223,-0.22641334968903,-0.607929615850836,-0.381516266161805
"215329",0.636366391112986,0.208094270109356,0.375555937730632,-0.167461667621276,-0.42827212100363,-0.260810453382354
"256285",0.0685917336238392,0.0387837946954838,0.0529007109681073,-0.0141169162726235,-0.0298079389283554,-0.0156910226557319
"478875",0.0334807541673307,0.0312347824756414,0.0323373186698756,-0.00110253619423423,-0.00224597169168939,-0.00114343549745516
"329574",0.123134669112706,0.0591233519135364,0.0892648573034525,-0.0301415053899161,-0.0640113171991694,-0.0338698118092533
"66619",0.00557840541383191,0.0210335618861783,0.0127776639083009,0.00825589797787737,0.0154551564723464,0.00719925849446901
"470687",0.0962371634019334,0.0700828714753063,0.0827758554709133,-0.012692983995607,-0.0261542919266271,-0.0134613079310201
"440579",0.0782295241966742,0.074026538895005,0.0760741686183207,-0.00204762972331572,-0.00420298530166921,-0.00215535557835349
"31613",1.0448489106224,0.148553995936249,1.0448489106224,-0.896294914686153,-0.896294914686153,0
"98833",0.532194037490408,0.116499841884454,0.31350792649223,-0.197008084607776,-0.415694195605954,-0.218686110998178
"511721",0.0528442580463858,0.0664010008554563,0.0601173152252561,0.00628368563020018,0.0135567428090705,0.00727305717887027
"438792",0.0733264180752845,0.0498408462081467,0.062278572545447,-0.0124377263373003,-0.0234855718671378,-0.0110478455298375
"163610",0.272971742822356,0.120914806323721,0.190918149657696,-0.0700033433339749,-0.152056936498635,-0.0820535931646597
"486742",0.0248008335009258,0.0366752345181843,0.0307896206928396,0.00588561382534477,0.0118744010172586,0.00598878719191381
"179404",0.326036888744214,0.162645614140043,0.239380982655578,-0.0767353685155351,-0.163391274604171,-0.0866559060886362
"534026",0.0602972292020767,0.0369296315100905,0.0479342148694218,-0.0110045833593313,-0.0233675976919862,-0.0123630143326549
"380170",0.0372174748959151,0.0510521501124642,0.0442167191734332,0.006835430939031,0.0138346752165491,0.0069992442775181
"122498",0.0229238654754098,0.0183589331189653,0.0212000889883911,-0.00284115586942583,-0.00456493235644454,-0.00172377648701871
"148664",0.0916558464941222,0.0539036397329791,0.0723198011949803,-0.0184161614620011,-0.0377522067611431,-0.0193360452991419
"316126",0.155771277469655,0.0709804145628049,0.111315248637381,-0.0403348340745759,-0.08479086290685,-0.0444560288322741
"203566",0.162332672915579,0.0957522176903577,0.126771927761992,-0.0310197100716339,-0.0665804552252214,-0.0355607451535875
"221935",1.69732683218904,0.0938928769599268,1.69732683218904,-1.60343395522911,-1.60343395522911,0
"483215",0.186489472011806,0.0890653422518154,0.135704195359708,-0.0466388531078923,-0.0974241297599904,-0.0507852766520981
"481490",0.0593736596362773,0.0503066265730276,0.0548093393598625,-0.00450271278683484,-0.00906703306324964,-0.0045643202764148
"470320",0.0577721370870483,0.0405948013928712,0.0485448513981417,-0.00795005000527052,-0.0171773356941771,-0.00922728568890663
"120632",0.333076293844405,0.10486917585525,0.202071748231753,-0.0972025723765029,-0.228207117989155,-0.131004545612652
"145688",0.861503253581972,0.25286575337948,0.506708979237587,-0.253843225858107,-0.608637500202491,-0.354794274344384
"141782",0.0513886514455048,0.0524389248125068,0.0519359313294418,0.000502993483065012,0.00105027336700206,0.000547279883937046
"318931",0.682161730400132,0.223301610600801,0.447934899200105,-0.224633288599304,-0.458860119799331,-0.234226831200028
"39959",0.114618320514086,0.0877796543601263,0.0996856692368581,-0.0119060148767319,-0.0268386661539596,-0.0149326512772277
"395443",0.162699464607918,0.098863904948719,0.12767227325659,-0.0288083683078708,-0.0638355596591989,-0.035027191351328
"469171",0.481893456002576,0.135564014028181,0.285105444956926,-0.149541430928745,-0.346329441974396,-0.19678801104565
"418451",0.231720441014876,0.107829516570498,0.16482909825039,-0.0569995816798914,-0.123890924444378,-0.0668913427644864
"485900",0.647011677554728,0.132102032466071,0.369360066988075,-0.237258034522004,-0.514909645088657,-0.277651610566653
"492721",0.0800670450801717,0.0336216592926166,0.0556981816996299,-0.0220765224070132,-0.0464453857875551,-0.0243688633805419
"160757",1.22097404685886,0.427773898581343,0.748289094499103,-0.320515195917761,-0.793200148277519,-0.472684952359759
"95969",2.03347067555722,0.181927602389656,2.03347067555722,-1.85154307316756,-1.85154307316756,0
"502156",0.101456206382502,0.079225278819163,0.0900118848205609,-0.0107866060013979,-0.0222309275633387,-0.0114443215619408
"545687",0.0546203147859014,0.0435773826982722,0.0489355092650199,-0.0053581265667477,-0.0110429320876292,-0.00568480552088152
"361208",1.1959624238672,0.285049103514682,0.603440310894365,-0.318391207379683,-0.910913320352513,-0.592522112972831
"432028",0.112447011568479,0.0652502950753089,0.0874888031359583,-0.0222385080606494,-0.0471967164931699,-0.0249582084325205
"143515",0.844477239011057,0.162838218548641,0.844477239011057,-0.681639020462416,-0.681639020462416,0
"73573",2.76295504487606,0.146163091981938,2.76295504487606,-2.61679195289412,-2.61679195289412,0
"141275",0.455782746079098,0.14685984296227,0.279923970591533,-0.133064127629263,-0.308922903116828,-0.175858775487565
"538388",0.104221827836015,0.120985138862842,0.112854436818356,0.00813070204448585,0.0167633110268269,0.00863260898234104
"46520",0.632689770226885,0.199336506576688,0.367039841789935,-0.167703335213247,-0.433353263650197,-0.26564992843695
"358487",0.0258862222211142,0.0389745396873296,0.0326726852697356,0.006301854417594,0.0130883174662154,0.00678646304862144
"327289",0.175177340506296,0.0923941063462398,0.132008759238676,-0.0396146528924361,-0.0827832341600564,-0.0431685812676203
"259085",0.124091616210287,0.109151752107287,0.11617657569011,-0.00702482358282343,-0.0149398641030002,-0.0079150405201768
"7993",2.13694140243071,0.172305651670999,2.13694140243071,-1.96463575075971,-1.96463575075971,0
"5849",0.0519445879788083,0.0394681504205099,0.0446811216983329,-0.005212971277823,-0.0124764375582984,-0.00726346628047543
"191051",0.321111547380622,0.156467611722443,0.236405369357766,-0.0799377576353229,-0.16464393565818,-0.0847061780228568
"59361",0.0566538827596481,0.0571106966153298,0.0569055265556931,0.00020517005963671,0.000456813855681755,0.000251643796045045
"340067",0.187693308360968,0.117076097345323,0.151157604278866,-0.0340815069335431,-0.0706172110156457,-0.0365357040821025
"552261",0.0913039197344586,0.0787251454643808,0.0850080556305645,-0.00628291016618365,-0.0125787742700778,-0.00629586410389411
"65763",0.221389567001445,0.115182403245065,0.16773351101751,-0.0525511077724448,-0.10620716375638,-0.0536560559839354
"410310",0.218312656135063,0.103058958094868,0.154277813190088,-0.05121885509522,-0.115253698040195,-0.0640348429449749
"127123",0.157873016773476,0.0608869894982669,0.104334585154831,-0.0434475956565643,-0.0969860272752089,-0.0535384316186447
"155690",0.291043040044468,0.169805969131128,0.225114377567426,-0.0553084084362977,-0.12123707091334,-0.0659286624770421
"126389",0.468733946159337,0.167710838884749,0.314058022859795,-0.146347183975045,-0.301023107274587,-0.154675923299542
"16935",0.13881958361038,0.0536968878501383,0.090044690405223,-0.0363478025550847,-0.0851226957602415,-0.0487748932051568
"162940",0.131834600006468,0.111579902507839,0.121278457232769,-0.00969855472493017,-0.0202546974986293,-0.0105561427736991
"51565",0.2249319277825,0.0977430407372674,0.157116460769183,-0.0593734200319157,-0.127188887045233,-0.0678154670133169
"10306",0.0847581645089108,0.0659595587290966,0.0739409032193746,-0.00798134449027797,-0.0187986057798142,-0.0108172612895362
"72695",0.212150622074362,0.0760822765088253,0.139672657942183,-0.0635903814333579,-0.136068345565537,-0.0724779641321786
"9111",0.992671545574466,0.176285014886584,0.992671545574466,-0.816386530687882,-0.816386530687882,0
"539145",0.11187746503515,0.0749592300084506,0.0919841827284645,-0.0170249527200139,-0.036918235026699,-0.0198932823066851
"77824",0.145084358419351,0.125562170932795,0.135207279704697,-0.00964510877190206,-0.0195221874865566,-0.00987707871465454
"172745",5.90658508350937,0.290313902804984,5.90658508350937,-5.61627118070438,-5.61627118070438,0
"367875",0.0453869981620535,0.041179305225976,0.0431712438919727,-0.00199193866599665,-0.00420769293607745,-0.00221575427008081
"410112",0.0250468922762541,0.0211450381745195,0.0232871726300719,-0.00214213445555244,-0.00390185410173457,-0.00175971964618214
"83614",0.500538690671566,0.181999869162734,0.327217926463896,-0.145218057301162,-0.318538821508832,-0.173320764207669
"431039",0.402371518907338,0.131841582692422,0.256464992382511,-0.124623409690089,-0.270529936214916,-0.145906526524827
"159698",0.244476951581949,0.0944348567322941,0.16421177764759,-0.0697769209152958,-0.150042094849655,-0.0802651739343594
"172638",0.976064086294395,0.184745560676413,0.976064086294395,-0.791318525617982,-0.791318525617982,0
"206333",0.522385970671348,0.159503869094276,0.337800743015774,-0.178296873921498,-0.362882101577072,-0.184585227655574
"527540",0.0457007431908748,0.0284234411034609,0.0366363720646457,-0.00821293096118479,-0.0172773020874139,-0.0090643711262291
"119597",0.051170002257364,0.0382683597104793,0.0444006000335366,-0.0061322403230573,-0.0129016425468847,-0.00676940222382741
"337912",0.0802739044828518,0.0495824206082154,0.0636199916777886,-0.0140375710695732,-0.0306914838746364,-0.0166539128050632
"321427",0.235199616877553,0.129739980973593,0.179742172886015,-0.0500021919124226,-0.10545963590396,-0.0554574439915377
"11540",0.299547551898112,0.0738949795371167,0.165571551235533,-0.0916765716984162,-0.225652572360995,-0.133976000662579
"365048",0.0295397313679509,0.0393575828141427,0.0345794858853496,0.00477809692879307,0.00981785144619179,0.00503975451739873
"334188",0.400461572499688,0.133071884836438,0.250613347573552,-0.117541462737114,-0.26738968766325,-0.149848224926136
"118381",0.00874197614492538,0.0337851737894958,0.0222080011849009,0.0115771726045949,0.0250431976445705,0.0134660250399756
"533247",0.135076511485921,0.0717860882999474,0.100442140986448,-0.0286560526865006,-0.063290423185974,-0.0346343704994733
"423817",0.27755925862756,0.0924580515050458,0.179795841932579,-0.0873377904275332,-0.185101207122514,-0.0977634166949806
"564216",0.161802071497075,0.108154844107566,0.132650675373971,-0.0244958312664053,-0.0536472273895093,-0.029151396123104
"169645",1.31771652213037,0.266327882326423,0.734510402655799,-0.468182520329376,-1.05138863980395,-0.583206119474573
"318592",0.105289198489053,0.0619742065433701,0.0824896011135211,-0.0205153945701511,-0.0433149919456824,-0.0227995973755314
"421140",0.215565120933765,0.0644654400717621,0.132711006299802,-0.0682455662280397,-0.151099680862003,-0.0828541146339633
"25067",0.0386018776006363,0.0305888956481387,0.0345880621894828,-0.00399916654134405,-0.00801298195249764,-0.00401381541115359
"277415",0.975225285422912,0.267982964363006,0.576659787182929,-0.308676822819922,-0.707242321059905,-0.398565498239983
"225909",0.0795732493631968,0.0668080835523944,0.0727893812615416,-0.00598129770914722,-0.0127651658108025,-0.00678386810165525
"71724",0.161052598557934,0.0716777000074867,0.111257522892448,-0.0395798228849612,-0.0893748985504477,-0.0497950756654865
"317544",0.138090541783162,0.0744966214291103,0.103498323890366,-0.0290017024612555,-0.0635939203540516,-0.034592217892796
"391696",0.252058555909791,0.194530116350049,0.224025146599496,-0.0294950302494467,-0.0575284395597415,-0.0280334093102949
"576077",0.787895811399522,0.218546672999186,0.444144821002552,-0.225598148003366,-0.569349138400336,-0.34375099039697
"356981",0.102489637705894,0.0359758070875016,0.0657267802350072,-0.0297509731475057,-0.066513830618392,-0.0367628574708863
"196968",0.757974823606519,0.168998188927877,0.395455334655841,-0.226457145727964,-0.588976634678642,-0.362519488950678
"366289",0.208261254524397,0.124187499560573,0.162737724835995,-0.038550225275423,-0.0840737549638248,-0.0455235296884018
"92088",0.243964932092805,0.105663492858069,0.171493861867416,-0.0658303690093464,-0.138301439234736,-0.0724710702253896
"418309",0.033875575392242,0.0359219320791489,0.0348951041067258,0.00102682797242316,0.00204635668690691,0.00101952871448374
"359801",0.159276727974799,0.111819907046587,0.132746800503657,-0.0209268934570694,-0.0474568209282114,-0.0265299274711421
"8738",0.0474744421039584,0.0314020347133808,0.0390748523889129,-0.00767281767553206,-0.0160724073905776,-0.00839958971504554
"518220",0.00414966676641685,0.0244396491254975,0.0134508980580171,0.0109887510674804,0.0202899823590807,0.00930123129160023
"334495",0.110672716036923,0.0924629740717376,0.100860868632929,-0.00839789456119112,-0.0182097419651852,-0.00981184740399409
"540491",0.389685473325069,0.123030044411586,0.242627766331305,-0.119597721919719,-0.266655428913484,-0.147057706993765
"223756",0.308703114477537,0.114830654187152,0.205672022065737,-0.0908413678785854,-0.193872460290386,-0.1030310924118
"217345",0.0229085969423158,0.0502459445850678,0.0368703256037927,0.0133756189812751,0.027337347642752,0.013961728661477
"463610",0.0471803130589372,0.0383025392173614,0.042803954857058,-0.00450141563969662,-0.00887777384157577,-0.00437635820187915
"119715",0.183710979601132,0.085176502231501,0.128810641320222,-0.0436341390887213,-0.0985344773696308,-0.0549003382809095
"54912",0.051161614617562,0.0477272590841824,0.0493727676749307,-0.00164550859074832,-0.00343435553337959,-0.00178884694263127
"509401",0.0828902859165326,0.071300897855169,0.0766907998740432,-0.00538990201887424,-0.0115893880613636,-0.00619948604248939
"322176",0.184312749199616,0.0778405054403627,0.126450305019496,-0.0486097995791333,-0.106472243759253,-0.0578624441801196
"234809",0.145017799900378,0.0549606389624297,0.0890060260432635,-0.0340453870808338,-0.0900571609379482,-0.0560117738571144
"65453",0.30113921437327,0.154567931457353,0.226670968583858,-0.0721030371265055,-0.146571282915917,-0.0744682457894115
"548945",0.205417505402709,0.13954116743221,0.170607087809915,-0.0310659203777053,-0.0658763379704987,-0.0348104175927935
"81289",0.0435503392592728,0.0468362937577148,0.0452284660936436,0.00160782766407117,0.00328595449844197,0.0016781268343708
"514150",0.125894034923592,0.0557998521772982,0.08642112840767,-0.0306212762303718,-0.0700941827462941,-0.0394729065159223
"116149",0.231162636206489,0.127876336108649,0.178680662495928,-0.0508043263872791,-0.10328630009784,-0.0524819737105607
"400579",0.0771131194267456,0.0758986226448659,0.0765307197928695,-0.000632097148003635,-0.00121449678187974,-0.000582399633876102
"247425",0.168416390909232,0.0373466636439439,0.0906940868317948,-0.0533474231878509,-0.131069727265289,-0.0777223040774376
"158167",2.01568471720077,0.555725176451832,1.09599341158265,-0.540268235130817,-1.45995954074894,-0.919691305618124
"119100",0.132580332494089,0.104958730799212,0.118364068168241,-0.0134053373690291,-0.0276216016948771,-0.014216264325848
"525418",0.226614704081385,0.20599274145744,0.216432656418661,-0.0104399149612205,-0.020621962623945,-0.0101820476627245
"569213",0.0254288887385309,0.0293148687990255,0.0274241068036797,0.0018907619953458,0.00388598006049462,0.00199521806514881
"479270",0.0744333351928518,0.0571091470090086,0.0655811423941143,-0.0084719953851057,-0.0173241881838432,-0.00885219279873754
"572397",0.479969094949716,0.161812957627002,0.278166857112447,-0.116353899485445,-0.318156137322714,-0.201802237837269
"199189",0.0245814394932396,0.0508967456551193,0.038556592879925,0.0123401527751943,0.0263153061618798,0.0139751533866855
"225113",0.0152953077648216,0.0262019602482074,0.0209375111151967,0.00526444913301061,0.0109066524833857,0.00564220335037511
"214331",0.0956133013914297,0.0791141327254417,0.0868978812280196,-0.00778374850257789,-0.0164991686659881,-0.00871542016341016
"424496",0.25837807749519,0.137362771430176,0.190320897346862,-0.0529581259166861,-0.121015306065014,-0.0680571801483275
"550173",0.0451692766496511,0.0393656958483166,0.0415925478005151,-0.00222685195219849,-0.00580358080133454,-0.00357672884913605
"248134",1.75316444557308,0.240333478389734,1.75316444557308,-1.51283096718334,-1.51283096718334,0
"164981",0.0465701534654531,0.0404352036960377,0.0433393650910407,-0.00290416139500294,-0.00613494976941534,-0.0032307883744124
"475796",0.303770678237137,0.122823761627113,0.208233933189051,-0.0854101715619372,-0.180946916610024,-0.0955367450480863
"293017",0.146002547721891,0.0975148917673595,0.119529773070442,-0.0220148813030824,-0.0484876559545318,-0.0264727746514493
"415592",0.0402542204714722,0.0559125090291009,0.0482893332539621,0.00762317577513879,0.0156582885576287,0.00803511278248996
"80205",0.142739527874744,0.120904077228103,0.131137910288388,-0.0102338330602842,-0.021835450646641,-0.0116016175863568
"319715",0.104880607483154,0.0877013306653808,0.0958268167551759,-0.00812548608979513,-0.0171792768177736,-0.00905379072797845
"336957",0.0573760970578747,0.0645930019603758,0.0616646618731835,0.00292834008719235,0.00721690490250115,0.0042885648153088
"208603",0.0152344045729078,0.0295646866673225,0.0227699553675314,0.00679473129979116,0.0143302820944147,0.00753555079462351
"479064",1.15188310614368,0.153434136809221,1.15188310614368,-0.99844896933446,-0.99844896933446,0
"273665",0.788829897022145,0.18458504910666,0.430162493288559,-0.245577444181899,-0.604244847915485,-0.358667403733586
"82853",0.0788794286836883,0.0549921531801698,0.0664021901754051,-0.0114100369952352,-0.0238872755035185,-0.0124772385082833
"316116",0.148941898619502,0.0626319252235449,0.102488549606343,-0.0398566243827981,-0.0863099733959571,-0.046453349013159
"34866",0.138838775425826,0.0738529015739855,0.10521558911261,-0.0313626875386241,-0.0649858738518401,-0.033623186313216
"429095",0.0679913785636763,0.0714009697286706,0.0698132049718209,0.00158776475684964,0.00340959116499422,0.00182182640814457
"263350",0.386157338729721,0.146197898469343,0.257630646445856,-0.111432747976513,-0.239959440260378,-0.128526692283865
"449870",0.237900776819706,0.0853206982964671,0.15649645514474,-0.0711757568482726,-0.152580078523239,-0.0814043216749662
"29568",0.135035538959199,0.0658560558370129,0.097531676504782,-0.0316756206677691,-0.0691794831221858,-0.0375038624544167
"28456",0.217425096152943,0.0809802403218142,0.143817355044289,-0.0628371147224747,-0.136444855831129,-0.0736077411086542
"518672",0.304035636468875,0.106438759896688,0.195355661532081,-0.0889169016353928,-0.197596876572187,-0.108679974936794
"127413",0.0214035622339638,0.0260385009127998,0.0236321415888537,0.00240635932394607,0.00463493867883602,0.00222857935488995
"218855",0.153713944663664,0.0733520033307778,0.110364081371077,-0.0370120780402991,-0.0803619413328861,-0.043349863292587
"52323",0.126597765748512,0.0915107297006827,0.108734619531529,-0.0172238898308461,-0.0350870360478295,-0.0178631462169835
"102445",0.551817958147776,0.121375011444723,0.323423215408197,-0.202048203963474,-0.430442946703053,-0.228394742739579
"491013",0.156465632117385,0.144870357024599,0.150180850549432,-0.00531049352483359,-0.0115952750927866,-0.00628478156795301
"245822",0.0590689286228813,0.0459289726789842,0.0520618023366308,-0.00613282965764666,-0.0131399559438972,-0.00700712628625051
"441617",0.690056371818172,0.177160063758273,0.421464939414988,-0.244304875656715,-0.512896308059899,-0.268591432403184
"253628",0.209145800492021,0.108428801602827,0.156132215580751,-0.0477034139779244,-0.100716998889194,-0.0530135849112701
"203822",0.0681434897771014,0.0599709568021685,0.0637739659926864,-0.00380300919051792,-0.00817253297493298,-0.00436952378441506
"390421",0.159950102944253,0.117659220419859,0.137472875184843,-0.0198136547649842,-0.0422908825243941,-0.0224772277594098
"213005",0.0997065672359256,0.0986810758481098,0.0991406633268196,-0.000459587478709791,-0.00102549138781581,-0.000565903909106019
"26074",0.0214538603156484,0.0179112923085053,0.0196492654888941,-0.00173797318038876,-0.00354256800714312,-0.00180459482675435
"16942",0.0833489426865206,0.0728510354558145,0.0779501756638798,-0.00509914020806536,-0.0104979072307062,-0.0053987670226408
"213734",0.0268623308109732,0.0268337020879254,0.0268407901104604,-7.08802253504559e-06,-2.86287230478258e-05,-2.15407005127802e-05
"305899",0.14973444020716,0.0877458928188861,0.115073944410594,-0.0273280515917078,-0.0619885473882736,-0.0346604957965658
"176463",0.331659591602128,0.133526108431417,0.220789496163487,-0.08726338773207,-0.198133483170711,-0.110870095438641
"335895",0.114067128595311,0.0535939010604491,0.0809596877091553,-0.0273657866487062,-0.0604732275348617,-0.0331074408861555
"426671",0.0441196792167604,0.0494401895646909,0.046807607985775,0.00263258157891583,0.00532051034793053,0.00268792876901469
"487007",0.165443615034594,0.0531001601300336,0.105867621143814,-0.0527674610137805,-0.112343454904561,-0.0595759938907803
"135287",0.424817278250495,0.10781156113882,0.25741862056435,-0.14960705942553,-0.317005717111676,-0.167398657686145
"16896",0.220885701872189,0.0861294830982791,0.147166184309816,-0.0610367012115373,-0.13475621877391,-0.0737195175623729
"307935",9.14914813685597,0.734375770141713,9.14914813685597,-8.41477236671425,-8.41477236671425,0
"306711",0.0329812595400886,0.0625859800634107,0.0477660082315181,0.0148199718318926,0.0296047205233222,0.0147847486914295
"440177",0.117605782635205,0.0698491995124568,0.0927806945461466,-0.0229314950336898,-0.0477565831227482,-0.0248250880890584
"76385",0.0151335997194463,0.0280383745013253,0.0216724283329297,0.00636594616839564,0.012904774781879,0.00653882861348338
"6946",0.12877570216851,0.112395823279264,0.12007423036096,-0.00767840708169641,-0.0163798788892465,-0.00870147180755011
"406435",0.272896134091331,0.140128245356461,0.196638455556789,-0.056510210200328,-0.13276788873487,-0.0762576785345419
"200207",0.0674617888750893,0.036260109393877,0.0505776773943274,-0.0143175680004504,-0.0312016794812123,-0.0168841114807619
"369880",0.0280867980081539,0.0705432783945261,0.051382692596896,0.0191605857976302,0.0424564803863723,0.0232958945887421
"405722",0.149797364635525,0.0789852630950214,0.112438822459763,-0.0334535593647412,-0.0708121015405033,-0.0373585421757621
"325745",0.883208879546667,0.090323844382162,0.883208879546667,-0.792885035164505,-0.792885035164505,0
"554239",0.0950374810532294,0.0617062659635664,0.0777478824204323,-0.0160416164568659,-0.033331215089663,-0.0172895986327971
"482294",1.04663869184544,0.2760481218912,0.61815107104441,-0.34210294915321,-0.77059056995424,-0.42848762080103
"554547",0.0496899443050783,0.0409459830945984,0.0453537808108532,-0.0044077977162548,-0.00874396121047985,-0.00433616349422505
"346777",3.31092311519618,0.435239539030863,3.31092311519618,-2.87568357616532,-2.87568357616532,0
"514897",0.0376525356579737,0.0624516735264798,0.0505197003265334,0.0119319731999464,0.0247991378685061,0.0128671646685597
"124220",0.037527192403581,0.0637652940765678,0.0511613633036479,0.01260393077292,0.0262381016729869,0.0136341709000669
"2937",1.2587477776043,0.207011305274586,1.2587477776043,-1.05173647232971,-1.05173647232971,0
"54365",0.280560742368128,0.11719129419782,0.194510826416293,-0.0773195322184738,-0.163369448170309,-0.0860499159518351
"478813",0.00751324289877357,0.0303280623298646,0.0186907109064763,0.0116373514233882,0.022814819431091,0.0111774680077027
"248000",0.527317487323797,0.222753805380123,0.372666021826568,-0.149912216446445,-0.304563681943674,-0.154651465497229
"338020",0.0297620347332412,0.0340643373340443,0.0319224504402495,0.00214188689379481,0.00430230260080312,0.0021604157070083
"234627",0.213764412681683,0.096162491471269,0.151283899250833,-0.0551214077795639,-0.117601921210414,-0.0624805134308506
"529548",0.050867591202434,0.0417485317877516,0.0462916211147629,-0.0045430893270113,-0.00911905941468242,-0.00457597008767112
"350611",0.0533897318710689,0.0876640523215044,0.0704354006565842,0.0172286516649201,0.0342743204504354,0.0170456687855153
"115336",0.0228845756767773,0.059819448557737,0.0421743424066908,0.0176451061510462,0.0369348728809597,0.0192897667299135
"500938",0.0942026120872812,0.083011174456779,0.0880685923949558,-0.00505741793817677,-0.0111914376305022,-0.00613401969232542
"218319",0.0579910127191966,0.0972261847401626,0.07738713368735,0.0198390510528126,0.039235172020966,0.0193961209681535
"120606",0.0569974822343749,0.0230159462937414,0.0389039632115017,-0.0158880169177603,-0.0339815359406334,-0.0180935190228732
"330464",0.85119580598362,0.18305386336972,0.441534321674454,-0.258480458304734,-0.6681419426139,-0.409661484309167
"289914",0.103023801454123,0.0436171546284246,0.0712720449788741,-0.0276548903504495,-0.0594066468256987,-0.0317517564752492
"82939",0.0952143605820827,0.0325164664666307,0.0619404755166441,-0.0294240090500135,-0.062697894115452,-0.0332738850654386
"316719",0.255240029487324,0.116246188153987,0.175667637833858,-0.059421449679871,-0.138993841333337,-0.079572391653466
"322561",0.0998211793453918,0.0749397294347003,0.0859152599642752,-0.0109755305295749,-0.0248814499106915,-0.0139059193811166
"83721",0.0779766416041694,0.0508988001131178,0.0631302521592407,-0.0122314520461229,-0.0270778414910516,-0.0148463894449287
"242641",1.38015398697947,0.147526227722534,1.38015398697947,-1.23262775925694,-1.23262775925694,0
"77648",1.54044299725715,0.240401874353914,1.54044299725715,-1.30004112290324,-1.30004112290324,0
"117989",0.199174513328326,0.0813539755937301,0.138105047174043,-0.0567510715803125,-0.117820537734596,-0.0610694661542836
"223054",0.0435048030491647,0.0398782160432621,0.041693539984971,-0.00181532394170895,-0.00362658700590258,-0.00181126306419363
"450470",0.111936039639075,0.0843891559000471,0.097409772737706,-0.0130206168376589,-0.0275468837390278,-0.0145262669013689
"101400",0.134179011955964,0.0922030433972777,0.1116068393861,-0.0194037959888227,-0.0419759685586866,-0.0225721725698639
"121317",0.216404403243395,0.100732424995232,0.156359642154353,-0.0556272171591209,-0.115671978248163,-0.0600447610890417
"336218",0.097079905130324,0.0413988127408162,0.0678141125104413,-0.026415299769625,-0.0556810923895077,-0.0292657926198827
"419659",0.122202121975342,0.0627707274501895,0.0916421999639042,-0.0288714725137147,-0.0594313945251525,-0.0305599220114378
"156452",0.27328339558575,0.122573565262987,0.193607434841283,-0.0710338695782965,-0.150709830322763,-0.0796759607444662
"291763",1.29821129999087,0.21220709708904,1.29821129999087,-1.08600420290183,-1.08600420290183,0
"419840",0.0924019782786144,0.0776111281976373,0.0848488885190789,-0.00723776032144167,-0.0147908500809771,-0.00755308975953543
"91616",0.0660094310502701,0.0563874209652134,0.0610307416062911,-0.0046433206410777,-0.00962201008505677,-0.00497868944397908
"450321",0.00802418904671448,0.0277080678609197,0.0173171440139125,0.0103909238470071,0.0196838788142052,0.00929295496719807
"440594",0.0464120519155058,0.0425140024715388,0.0444878990590955,-0.00197389658755671,-0.00389804944396705,-0.00192415285641034
"440399",0.076565460727323,0.0686855940087667,0.0720913482988198,-0.00340575429005309,-0.00787986671855627,-0.00447411242850318
"129975",0.102248285007967,0.059953970310462,0.0789009307795949,-0.0189469604691328,-0.0422943146975046,-0.0233473542283718
"21088",0.048688783380719,0.059969529827568,0.0542043380688591,0.00576519175870886,0.011280746446849,0.00551555468814013
"486472",0.131451744032107,0.0913255929069906,0.110758179288977,-0.0194325863819868,-0.0401261511251163,-0.0206935647431295
"159438",0.0390188991096738,0.0212980907371011,0.0297508212723986,-0.0084527305352975,-0.0177208083725726,-0.00926807783727515
"439406",0.0303539947145384,0.0344923619676763,0.0328964309720066,0.0015959309956696,0.0041383672531378,0.0025424362574682
"485230",0.414109357570764,0.123140907062853,0.256128962126857,-0.132988055064004,-0.290968450507912,-0.157980395443907
"91838",0.210465469887019,0.075952990755893,0.140300303466406,-0.0643473127105126,-0.134512479131126,-0.0701651664206135
"122948",0.271080219703246,0.133122750216944,0.198853843791499,-0.065731093574555,-0.137957469486302,-0.0722263759117469
"321341",0.0244387655152988,0.0275123598081206,0.0260444303168039,0.00146792949131668,0.00307359429282179,0.00160566480150511
"300173",0.233440836900081,0.147199623239168,0.186740708142719,-0.0395410849035512,-0.0862412136609128,-0.0467001287573617
"181364",0.189340160613414,0.130547266075539,0.15963128755473,-0.0290840214791912,-0.0587928945378755,-0.0297088730586843
"503435",0.420451034787336,0.119566107709611,0.260020865288891,-0.140454757579281,-0.300884927077726,-0.160430169498445
"433694",0.323286501885508,0.128511394399482,0.217578799784549,-0.0890674053850673,-0.194775107486026,-0.105707702100959
"60447",0.14319313577687,0.107039904989377,0.124807986720699,-0.0177680817313225,-0.0361532307874931,-0.0183851490561706
"130997",0.0312423676318256,0.0391826581261777,0.0353645809879207,0.00381807713825698,0.00794029049435203,0.00412221335609505
"142520",0.015639549287603,0.0306311796511597,0.0229815316959947,0.00764964795516498,0.0149916303635566,0.00734198240839166
"409053",0.474859353188105,0.163386660461408,0.304394692585886,-0.141008032124478,-0.311472692726697,-0.170464660602219
"103088",0.142096415691911,0.121556347792396,0.131192127242457,-0.00963577945006112,-0.0205400678995157,-0.0109042884494545
"416495",0.0968195114699985,0.10507575529763,0.101129897102464,0.00394585819516621,0.00825624382763153,0.00431038563246532
"19423",0.0492464132419802,0.0548932173894032,0.0524016643871616,0.00249155300224164,0.00564680414742303,0.00315525114518139
"23346",0.0647031143050382,0.0600674619835188,0.0620998430342998,-0.00203238105078098,-0.00463565232151936,-0.00260327127073838
"49580",0.121711836205408,0.0738994523609678,0.0955488493784462,-0.0216493970174784,-0.0478123838444405,-0.0261629868269621
"115525",0.107040188973979,0.0870746177937825,0.0964417989345291,-0.00936718114074658,-0.0199655711801961,-0.0105983900394495
"26015",0.194174267417928,0.157505477794036,0.174840957912988,-0.0173354801189519,-0.0366687896238923,-0.0193333095049403
"130629",0.0770328691011051,0.0578248156087807,0.0672348478670857,-0.00941003225830495,-0.0192080534923243,-0.00979802123401939
"136643",0.0684229001930813,0.0767483196991997,0.0725907919805644,0.00415752771863531,0.00832541950611841,0.0041678917874831
"173506",0.119296385190816,0.115419671630236,0.117174814918424,-0.00175514328818777,-0.00387671356058038,-0.00212157027239261
"106181",0.0932492577957754,0.056228787018434,0.0740279791614789,-0.0177991921430449,-0.0370204707773415,-0.0192212786342965
"469753",0.161652332925271,0.0914045844230473,0.124967367619155,-0.0335627831961074,-0.0702477485022233,-0.0366849653061159
"545408",0.438381033844243,0.136714085272077,0.282048370258179,-0.145334284986102,-0.301666948572166,-0.156332663586064
"333885",0.115244340290234,0.0340618878780577,0.0707415592262397,-0.036679671348182,-0.0811824524121762,-0.0445027810639941
"32364",0.205649241426876,0.0986415688600886,0.148484196858334,-0.0498426279982454,-0.107007672566787,-0.0571650445685417
"294658",2.01917103359264,0.307721208491961,2.01917103359264,-1.71144982510068,-1.71144982510068,0
"467701",0.712004810355801,0.208369637978545,0.402286461448046,-0.193916823469501,-0.503635172377256,-0.309718348907755
"184767",0.0789090102299697,0.0517176880580065,0.064735571655775,-0.0130178835977685,-0.0271913221719632,-0.0141734385741947
"149326",0.0367214789673825,0.0279682391786734,0.0322577523877693,-0.00428951320909592,-0.00875323978870911,-0.00446372657961319
"175933",8.94160608441325,0.85542011003104,8.94160608441325,-8.08618597438221,-8.08618597438221,0
"245360",0.312689057657302,0.124323603570733,0.210260459220102,-0.0859368556493693,-0.188365454086569,-0.102428598437199
"385772",0.304469015606578,0.0926026513287633,0.191771042480695,-0.0991683911519322,-0.211866364277815,-0.112697973125883
"242630",0.114704504182004,0.0611812210945997,0.0866952953239877,-0.025514074229388,-0.0535232830874046,-0.0280092088580166
"22471",0.160765170773082,0.113327995079592,0.135949454609433,-0.0226214595298402,-0.0474371756934896,-0.0248157161636494
"113759",0.201582672546683,0.0930595874768711,0.142994815369002,-0.0499352278921312,-0.108523085069812,-0.0585878571776806
"515267",0.33300690322592,0.130112507612804,0.223970953185419,-0.0938584455726149,-0.202894395613116,-0.109035950040501
"337819",0.141320692396644,0.0878851367715876,0.112188198768032,-0.0243030619964445,-0.0534355556250566,-0.029132493628612
"15735",0.199650279843694,0.167347023244543,0.183295191370911,-0.0159481681263678,-0.0323032565991518,-0.016355088472784
"380269",0.495941920087794,0.180786426692202,0.336953132012633,-0.156166705320431,-0.315155493395592,-0.158988788075161
"144486",0.0318482654962643,0.0588345576293104,0.045204179065237,0.0136303785640735,0.0269862921330461,0.0133559135689726
"531830",0.191291025540794,0.118437171719382,0.152930682731308,-0.0344935110119259,-0.072853853821412,-0.0383603428094861
"413675",0.155846786161437,0.0927004621573622,0.122328233208338,-0.0296277710509762,-0.0631463240040744,-0.0335185529530981
"317179",0.0733163646742789,0.0389329127690172,0.0553855260191831,-0.016452613250166,-0.0343834519052618,-0.0179308386550958
"39030",0.301181734797981,0.115650343873465,0.195260022719931,-0.0796096788464661,-0.185531390924516,-0.10592171207805
"155214",0.728907404757956,0.243797132767823,0.487695455226583,-0.24389832245876,-0.485110271990133,-0.241211949531373
"45923",0.0597269800463564,0.103609496374598,0.0822097340650875,0.0213997623095102,0.0438825163282413,0.0224827540187311
"553741",0.305517491561112,0.138359589391377,0.210822091729377,-0.0724625023380006,-0.167157902169735,-0.0946953998317346
"72499",0.0906294222181629,0.0598036008753027,0.073571897479412,-0.0137682966041092,-0.0308258213428601,-0.0170575247387509
"486954",0.0200775706390427,0.0508394843570126,0.0363750565342146,0.0144644278227979,0.0307619137179699,0.0162974858951719
"337793",0.122706125530496,0.0718371518279285,0.0961478800647275,-0.024310728236799,-0.050868973702568,-0.026558245465769
"201521",0.13070496288534,0.101663239461875,0.115352167458336,-0.0136889279964609,-0.0290417234234657,-0.0153527954270047
"21995",0.266858015210868,0.148037319265596,0.205150596246166,-0.0571132769805698,-0.118820695945272,-0.0617074189647026
"46863",0.157884306874817,0.0932241449324211,0.122002719758599,-0.0287785748261778,-0.064660161942396,-0.0358815871162182
"250945",0.255248697824126,0.104483981655067,0.177781127636445,-0.0732971459813779,-0.150764716169059,-0.0774675701876811
"305841",0.745660514995801,0.160822014496215,0.38492166145728,-0.224099646961065,-0.584838500499586,-0.360738853538521
"425921",0.120735313957775,0.0459554071353365,0.0801887335221327,-0.0342333263867962,-0.0747799068224385,-0.0405465804356423
"130395",0.033970695546299,0.0372634215257971,0.035672234329285,0.00159118719651211,0.00329272597949806,0.00170153878298596
"262011",0.056565426859023,0.0602561506526697,0.0585930719714576,0.00166307868121206,0.00369072379364661,0.00202764511243455
"483034",0.370379239147513,0.169788274445815,0.26259639807165,-0.0928081236258351,-0.200590964701698,-0.107782841075863
"156569",0.0284924607613451,0.0466122852976498,0.0382669600917293,0.00834532520592047,0.0181198245363046,0.00977449933038416
"200080",0.636895632827442,0.117359887838411,0.636895632827442,-0.519535744989031,-0.519535744989031,0
"249847",0.0122249243298882,0.0230341606203555,0.0176127023012233,0.00542145831913223,0.0108092362904673,0.00538777797133509
"512143",0.0993493582402794,0.0742948841923674,0.0861234761452841,-0.0118285919529167,-0.025054474047912,-0.0132258820949953
"526627",0.0943654458356064,0.0606033514924436,0.0771454908471423,-0.0165421393546987,-0.0337620943431627,-0.017219954988464
"193163",0.155156589250962,0.117478629163277,0.135090334061999,-0.017611704898722,-0.037677960087685,-0.020066255188963
"40527",0.220476580506901,0.0720388791727739,0.139245930717177,-0.0672070515444031,-0.148437701334127,-0.0812306497897237
"315231",0.0193411702470822,0.0232522084489989,0.0212614409142156,0.00199076753478327,0.0039110382019167,0.00192027066713342
"29962",1.00856054989729,0.251223467258842,0.573761978387691,-0.322538511128849,-0.757337082638445,-0.434798571509596
"145545",0.0485628749903969,0.0488397155234221,0.0482756487563405,0.00056406676708156,0.000276840533025229,-0.000287226234056331
"453442",0.0578366025711388,0.0452354077239628,0.0508635454893094,-0.00562813776534667,-0.012601194847176,-0.00697305708182936
"469101",0.556200206905103,0.139303112533902,0.33837611542272,-0.199073002888817,-0.416897094371201,-0.217824091482383
"217194",0.117720124835523,0.0654831433899939,0.0893900361803142,-0.0239068927903202,-0.0522369814455292,-0.028330088655209
"321636",0.0439529970227937,0.0502774135819905,0.0472004336916746,0.00307697989031591,0.00632441655919676,0.00324743666888085
"332079",0.0340332519276973,0.0524096014022946,0.0435458278850804,0.00886377351721412,0.0183763494745973,0.00951257595738318
"482605",0.147014999712436,0.100043234039176,0.120857403403819,-0.0208141693646427,-0.0469717656732601,-0.0261575963086175
"77228",0.54834248121613,0.164658754085493,0.343511193239645,-0.178852439154153,-0.383683727130638,-0.204831287976485
"363765",0.0475621152533927,0.0254022618282935,0.0351579120259117,-0.00975565019761822,-0.0221598534250992,-0.012404203227481
"57523",0.0513273750384452,0.0316859224437653,0.0416737424921517,-0.00998782004838634,-0.0196414525946798,-0.00965363254629348
"11489",0.0445879239823617,0.0195925968082168,0.0321484486431379,-0.0125558518349211,-0.024995327174145,-0.0124394753392238
"294252",0.103727772652191,0.0726449718569794,0.0874258083617169,-0.0147808365047375,-0.0310828007952116,-0.0163019642904741
"284193",0.118499720698574,0.100326802117345,0.109499251533963,-0.00917244941661807,-0.0181729185812294,-0.00900046916461132
"33489",0.286469388418958,0.110319445034914,0.191685045893213,-0.081365600858299,-0.176149943384044,-0.0947843425257449
"262428",0.0560331386830063,0.048561876747831,0.0521779094331811,-0.00361603268535016,-0.00747126193517534,-0.00385522924982518
"361223",0.0929475159498751,0.152010375973878,0.121623743480505,0.0303866324933731,0.0590628600240029,0.0286762275306298
"330847",0.166768463574364,0.0710341656624096,0.112065110116755,-0.0410309444543454,-0.0957342979119539,-0.0547033534576084
"494709",0.0271085283398901,0.0358964938981095,0.0314135233889916,0.00448297050911795,0.0087879655582194,0.00430499504910144
"370118",0.171909745587357,0.0823255329595338,0.124317575118412,-0.0419920421588782,-0.0895842126278232,-0.047592170468945
"154544",0.440932755612283,0.0658043756230664,0.440932755612283,-0.375128379989216,-0.375128379989216,0
"181062",1.84026029636279,0.229517360588835,1.84026029636279,-1.61074293577395,-1.61074293577395,0
"430831",0.016395459211142,0.0446097944730853,0.0305577932717687,0.0140520012013166,0.0282143352619433,0.0141623340606266
"108775",0.141712056184054,0.0870745558930062,0.110787614330467,-0.0237130584374603,-0.054637500291048,-0.0309244418535877
"131030",0.456674779898338,0.155711783444169,0.298377556125134,-0.142665772680965,-0.300962996454168,-0.158297223773203
"16229",0.175609018873912,0.0760969924418088,0.121025576679617,-0.0449285842378084,-0.0995120264321037,-0.0545834421942953
"97997",0.0522413793184992,0.0647003300438262,0.0585592926793212,0.00614103736450494,0.012458950725327,0.00631791336082202
"531333",0.116114249108869,0.0677552694643604,0.0898573557045164,-0.022102086240156,-0.048358979644509,-0.026256893404353
"559486",0.0884796474380134,0.0800604524481255,0.0841622604414073,-0.00410180799328173,-0.00841919498988788,-0.00431738699660615
"530663",0.726796005816214,0.180465487077007,0.393126812075307,-0.2126613249983,-0.546330518739207,-0.333669193740907
"253030",0.0247788028942562,0.0335753267072089,0.0292838389605502,0.00429148774665877,0.00879652381295277,0.004505036066294
"130432",0.11501394440294,0.0660065759385219,0.0899886538624435,-0.0239820779239215,-0.0490073684644177,-0.0250252905404962
"241316",0.267856699899659,0.0691231481732106,0.162134555159884,-0.0930114069866736,-0.198733551726449,-0.105722144739775
"462450",0.0430168313557325,0.0429710635178279,0.0429864811048166,-1.5417586988746e-05,-4.57678379045603e-05,-3.03502509158143e-05
"122691",0.122071937856232,0.100225173764225,0.110510136402621,-0.0102849626383957,-0.0218467640920065,-0.0115618014536108
"38015",0.447529685997209,0.143825365815552,0.292227949826169,-0.148402584010616,-0.303704320181657,-0.155301736171041
"440779",0.0461189858939748,0.0444624987934335,0.045221802324387,-0.000759303530953506,-0.00165648710054137,-0.000897183569587866
"249201",0.082226017526958,0.0860038228767449,0.0842900418169612,0.00171378105978369,0.00377780534978689,0.0020640242900032
"476443",0.0536696389145373,0.0462605911144732,0.0496935563984319,-0.00343296528395872,-0.00740904780006411,-0.00397608251610539
"402415",0.151364128852671,0.120795622597119,0.135028220292179,-0.0142325976950593,-0.0305685062555517,-0.0163359085604924
"507667",0.0606635584455113,0.0535014588752182,0.0567188197257679,-0.00321736085054963,-0.00716209957029309,-0.00394473871974346
"125848",0.127289909279027,0.0872232969333922,0.106429256765553,-0.0192059598321605,-0.0400666123456347,-0.0208606525134741
"423066",0.0338798421010328,0.0429566190773983,0.038546500623044,0.00441011845435437,0.0090767769763655,0.00466665852201113
"389638",0.12630255424329,0.0821999930895425,0.103717729726677,-0.0215177366371349,-0.0441025611537472,-0.0225848245166122
"26280",0.0549651350163404,0.0398626844990962,0.0466246788744704,-0.00676199437537414,-0.0151024505172441,-0.00834045614186998
"27809",0.0437462175190878,0.0619862556422498,0.0532346707953912,0.00875158484685859,0.018240038123162,0.00948845327630341
"167217",0.0812850758313167,0.0786721483760694,0.0798134755685626,-0.00114132719249319,-0.00261292745524724,-0.00147160026275406
"73338",0.071549879839724,0.0625279665774722,0.0666422685990464,-0.00411430202157424,-0.00902191326225181,-0.00490761124067757
"80639",0.760418819895528,0.103758991076505,0.760418819895528,-0.656659828819023,-0.656659828819023,0
"104115",0.186545921379246,0.11393460330462,0.147503282968181,-0.033568679663561,-0.0726113180746262,-0.0390426384110652
"554529",0.41138811468745,0.144152555524301,0.266490919403371,-0.12233836387907,-0.26723555916315,-0.144897195284079
"554745",0.890246828725464,0.454198810866888,0.662982888029171,-0.208784077162284,-0.436048017858576,-0.227263940696292
"341607",0.345061915957003,0.139614197138611,0.232812706154875,-0.093198509016264,-0.205447718818392,-0.112249209802128
"490334",0.0996760699613558,0.137061362942378,0.118354453306312,0.0187069096360665,0.0373852929810223,0.0186783833449558
"279588",1.33597790487618,0.329298838494613,0.710306690142512,-0.381007851647899,-1.00667906638157,-0.625671214733672
"474243",0.286543251158861,0.196802427466766,0.242182158443072,-0.0453797309763055,-0.089740823692095,-0.0443610927157895
"339577",0.0991726105874716,0.072699768747998,0.0854212900940092,-0.0127215213460112,-0.0264728418394736,-0.0137513204934624
"35737",0.609278845545243,0.244673149080347,0.39480807775992,-0.150134928679573,-0.364605696464897,-0.214470767785324
"309743",0.0610607436358115,0.0880305238552677,0.0759915932883429,0.0120389305669248,0.0269697802194562,0.0149308496525314
"122258",0.486074000633693,0.154738239137636,0.274024187255984,-0.119285948118349,-0.331335761496058,-0.212049813377709
"255479",0.114823882035048,0.0444018783309776,0.0778236362569733,-0.0334217579259957,-0.0704220037040705,-0.0370002457780748
"381384",1.37436666981695,0.298799974231611,0.697528184395251,-0.39872821016364,-1.07556669558534,-0.676838485421703
"394351",0.299797833297802,0.125846727471244,0.206536916498096,-0.0806901890268528,-0.173951105826558,-0.0932609167997052
"469444",0.0356609544944851,0.0581934597764502,0.0469286529346872,0.011264806841763,0.022532505281965,0.011267698440202
"40483",0.156289329437773,0.1226689386069,0.138205244126746,-0.0155363055198458,-0.0336203908308732,-0.0180840853110275
"93667",0.0466549522506654,0.028624057848091,0.0375604463193477,-0.00893638847125672,-0.0180308944025744,-0.00909450593131768
"282705",0.0485285698694705,0.0682095661894356,0.0582217638873975,0.00998780230203812,0.0196809963199651,0.00969319401792701
"24848",0.140059132987907,0.133291323141834,0.136343489219654,-0.00305216607781969,-0.00676780984607267,-0.00371564376825298
"506301",0.829824184444736,0.191496068417742,0.371121074975124,-0.179625006557382,-0.638328116026993,-0.458703109469612
"414090",0.0396383599787542,0.0392803116603028,0.0392694202499808,1.08914103219213e-05,-0.000358048318451487,-0.000368939728773408
"313882",0.0322453149332545,0.0430263162581625,0.0379578401733918,0.00506847608477069,0.0107810013249081,0.00571252524013737
"502838",0.449446796891323,0.163278454513027,0.300094460606036,-0.136816006093009,-0.286168342378296,-0.149352336285287
"83702",0.110225351957674,0.0737241923264202,0.0907551852127634,-0.0170309928863433,-0.0365011596312542,-0.0194701667449109
"31368",0.0918333222194192,0.0401241914801066,0.0645074538209813,-0.0243832623408747,-0.0517091307393127,-0.027325868398438
"16920",0.0161096465992075,0.0350236818129511,0.0256694150112156,0.00935426680173552,0.0189140352137436,0.00955976841200808
"130459",0.0509868418866147,0.0846968465004362,0.0676866533106737,0.0170101931897625,0.0337100046138215,0.016699811424059
"341520",0.0550078822556225,0.0856956693856801,0.0705585104256004,0.0151371589600798,0.0306877871300576,0.0155506281699778
"577585",2.3831908080534,0.359708112414951,2.3831908080534,-2.02348269563845,-2.02348269563845,0
"156997",0.021089183681577,0.0264953842717186,0.0237593104422296,0.00273607382948903,0.00540620059014162,0.00267012676065258
"112969",0.537642616618382,0.180225818194769,0.316191454654208,-0.135965636459439,-0.357416798423613,-0.221451161964174
"436786",0.0574982190449068,0.0544796226273916,0.0564311964689473,-0.00195157384155569,-0.00301859641751521,-0.00106702257595952
"178312",0.23645260201445,0.15190281833231,0.194398157203883,-0.0424953388715734,-0.08454978368214,-0.0420544448105665
"442895",0.24274744698017,0.128531358398347,0.178876406898344,-0.0503450484999972,-0.114216088581824,-0.0638710400818265
"388338",0.102361649475922,0.068899343757779,0.0850801258039127,-0.0161807820461337,-0.0334623057181427,-0.017281523672009
"277387",0.235139210201956,0.119497103949065,0.171562030802703,-0.0520649268536375,-0.11564210625289,-0.0635771793992527
"126765",0.0724382431382595,0.029856908367654,0.0491081059317381,-0.0192511975640841,-0.0425813347706055,-0.0233301372065215
"188761",0.248454718114128,0.0821044355554614,0.159111777617838,-0.0770073420623765,-0.166350282558667,-0.0893429404962905
"549805",0.0952617164823611,0.0813518693246857,0.0877724003042873,-0.00642053097960162,-0.0139098471576754,-0.00748931617807375
"216786",0.0775515981484322,0.0467412546658179,0.0618289640012634,-0.0150877093354455,-0.0308103434826143,-0.0157226341471688
"467738",0.0401896739140152,0.0358854524441057,0.0380794598256032,-0.00219400738149745,-0.00430422146990945,-0.002110214088412
"400131",0.109270188896899,0.1075520088267,0.107861785185164,-0.000309776358463992,-0.00171818007019943,-0.00140840371173544
"352761",0.0170649757025688,0.0172488398186599,0.0171452364030195,0.000103603415640394,0.000183864116091174,8.02607004507794e-05
"129657",0.769424633726222,0.189557791822229,0.41298710740706,-0.223429315584831,-0.579866841903993,-0.356437526319162
"152990",0.299728828259007,0.171716550195832,0.234683128338788,-0.0629665781429553,-0.128012278063175,-0.0650456999202192
"383744",0.0613185980866943,0.0584893101171792,0.0597196110509394,-0.00123030093376017,-0.00282928796951509,-0.00159898703575492
"377220",0.218101776456083,0.0806944460053915,0.145122354566671,-0.0644279085612799,-0.137407330450691,-0.0729794218894115
"47081",0.00446538497937123,0.0155696971792909,0.00914608537241044,0.00642361180688047,0.0111043121999197,0.00468070039303922
"308168",0.108543099722781,0.0886049504008896,0.0978064535997395,-0.00920150319884991,-0.0199381493218913,-0.0107366461230414
"380169",0.209682683551994,0.0936984329909078,0.137026536979684,-0.0433281039887758,-0.115984250561086,-0.0726561465723105
"556272",0.0333628893501574,0.0204509355490494,0.0269160030851948,-0.00646506753614543,-0.012911953801108,-0.00644688626496255
"467967",0.155829282542966,0.0736394162743253,0.111667089363162,-0.0380276730888367,-0.0821898662686411,-0.0441621931798045
"96783",0.0986601639651876,0.0493201926251202,0.0713015519499296,-0.0219813593248093,-0.0493399713400674,-0.027358612015258
"26203",0.0572605931115613,0.0436801378776452,0.0504473682172189,-0.00676723033957372,-0.0135804552339162,-0.00681322489434247
"196523",0.667540582955468,0.215686088574634,0.392398634812721,-0.176712546238087,-0.451854494380834,-0.275141948142747
"111058",1.16000009171642,0.150738864601775,1.16000009171642,-1.00926122711465,-1.00926122711465,0
"191103",1.79174185435498,0.16918996926042,1.79174185435498,-1.62255188509456,-1.62255188509456,0
"313448",1.01505504844575,0.0880412462122795,1.01505504844575,-0.927013802233468,-0.927013802233468,0
"496616",0.0983117692863205,0.0830931362906942,0.0903646374412331,-0.00727150115053889,-0.0152186329956263,-0.00794713184508745
"148052",0.349832354280122,0.136797117928264,0.235000024390411,-0.098202906462147,-0.213035236351858,-0.114832329889711
"24866",0.316504148315659,0.150029290813464,0.226037597375097,-0.0760083065616327,-0.166474857502195,-0.0904665509405619
"413895",0.036041252284865,0.0765316141683189,0.0567065806169309,0.019825033551388,0.0404903618834539,0.0206653283320659
"82925",0.0286750274754758,0.0324763326771369,0.0307969036946322,0.0016794289825047,0.0038013052016611,0.0021218762191564
"445829",0.52817431423049,0.259283314221483,0.389777015956992,-0.130493701735509,-0.268891000009007,-0.138397298273498
"187547",0.0506319911631747,0.0572218341339634,0.0542075116701882,0.00301432246377518,0.00658984297078873,0.00357552050701355
"444419",5.52140351011619,0.679956931002487,5.52140351011619,-4.8414465791137,-4.8414465791137,0
"442705",0.131715219124239,0.0906592233910743,0.108819666738745,-0.0181604433476712,-0.0410559957331647,-0.0228955523854935
"463955",0.0649184181523593,0.0490420076776776,0.0567619491065951,-0.00771994142891748,-0.0158764104746817,-0.00815646904576427
"569088",0.0330744952815847,0.0363476308405033,0.0347507291681696,0.00159690167233375,0.00327313555891866,0.00167623388658491
"443604",0.214694366779983,0.105704660709677,0.156650471607069,-0.0509458108973921,-0.108989706070306,-0.0580438951729139
"406392",0.21880334281827,0.102330877977099,0.157126076432507,-0.0547951984554083,-0.116472464841171,-0.0616772663857627
"328849",0.0779370469180879,0.0841920352609946,0.0813805158770132,0.0028115193839814,0.00625498834290672,0.00344346895892532
"315970",0.227366085105238,0.116682994234283,0.170217312484711,-0.0535343182504279,-0.110683090870955,-0.0571487726205269
"295674",0.238222933027237,0.141332377153704,0.185627672772689,-0.0442952956189847,-0.096890555873533,-0.0525952602545482
"201989",0.325015283728088,0.152790948762372,0.235197300970075,-0.0824063522077028,-0.172224334965715,-0.0898179827580124
"160038",0.0373755463968122,0.0665084068859056,0.0521888740513124,0.0143195328345932,0.0291328604890934,0.0148133276545002
"226858",0.0440249080895274,0.0566834307654088,0.0505374469824716,0.00614598378293715,0.0126585226758813,0.00651253889294418
"559955",1.734388768649,0.242567004997639,1.734388768649,-1.49182176365136,-1.49182176365136,0
"481005",0.0756949958973621,0.0758995525604193,0.0753185543555277,0.000580998204891603,0.000204556663057187,-0.000376441541834416
"420196",0.0315666281968297,0.0243978948174173,0.0279200158134453,-0.003522120996028,-0.00716873337941237,-0.00364661238338437
"360093",0.0619899004588663,0.0775974815483701,0.0699780781954208,0.00761940335294926,0.0156075810895038,0.00798817773655455
"386542",0.487072828238027,0.127277746734375,0.295253335944649,-0.167975589210274,-0.359795081503651,-0.191819492293378
"514696",0.0315466499665366,0.0295499948985071,0.0305691972755881,-0.001019202377081,-0.00199665506802954,-0.000977452690948538
"308988",0.160671233400987,0.0764031464128163,0.115455163166907,-0.0390520167540906,-0.0842680869881709,-0.0452160702340803
"494867",0.760850989104907,0.0745997042427461,0.760850989104907,-0.686251284862161,-0.686251284862161,0
"448599",0.320848945470751,0.171971764982532,0.239567266436445,-0.0675955014539131,-0.148877180488218,-0.0812816790343053
"215005",0.0458716415285908,0.0401983240166662,0.0433785165165801,-0.00318019249991396,-0.00567331751192467,-0.00249312501201071
"336091",0.0648415641695761,0.0527836657645945,0.0582720052810306,-0.00548833951643607,-0.0120578984049815,-0.00656955888854547
"160325",0.148051389293298,0.0550670276013083,0.100054057404815,-0.0449870298035065,-0.0929843616919897,-0.0479973318884832
"193645",0.164862806993651,0.142603828232186,0.153615884130658,-0.0110120558984713,-0.0222589787614648,-0.0112469228629934
"248643",0.0582880427994432,0.0690001350391808,0.0638613450212989,0.00513879001788191,0.0107120922397376,0.0055733022218557
"131679",0.0266957374458683,0.0548238384293764,0.0418903887610193,0.0129334496683571,0.0281281009835081,0.015194651315151
"98967",0.452287579144647,0.195221285439572,0.324300286961737,-0.129079001522165,-0.257066293705075,-0.12798729218291
"220274",0.166180027662916,0.0931286369944284,0.128252185243518,-0.0351235482490899,-0.0730513906684874,-0.0379278424193975
"521505",0.0664473393772554,0.0333590676166646,0.0494157711868648,-0.0160567035702001,-0.0330882717605908,-0.0170315681903906
"252828",0.119474241394952,0.109360037193722,0.113632472196792,-0.00427243500307013,-0.0101142042012293,-0.00584176919815919
"146209",0.32232282822319,0.157049600312436,0.235843919209572,-0.0787943188971353,-0.165273227910754,-0.0864789090136182
"542052",0.0487833338518721,0.0561178095117901,0.0532316328509349,0.00288617666085521,0.00733447565991809,0.00444829899906288
"337826",0.149037579846859,0.102956278490049,0.124380889167887,-0.0214246106778379,-0.0460813013568103,-0.0246566906789723
"18772",0.413737958590899,0.159284672685444,0.283281019545987,-0.123996346860543,-0.254453285905455,-0.130456939044912
"345630",0.087850712565031,0.0497921310016918,0.0682406794624781,-0.0184485484607863,-0.0380585815633392,-0.0196100331025529
"235919",0.152962155330614,0.175116763123452,0.163958190434291,0.0111585726891615,0.0221546077928383,0.0109960351036768
"429114",0.0151106981108577,0.030377871713957,0.0230982349715786,0.00727963674237839,0.0152671736030992,0.00798753686072084
"287674",0.183100005273405,0.0731869461797659,0.122947735993373,-0.0497607898136071,-0.10991305909364,-0.0601522692800324
"528685",0.295654014830425,0.0716581213865415,0.16730985803578,-0.0956517366492383,-0.223995893443883,-0.128344156794645
"480205",0.0871054397603913,0.0384378906607169,0.0605010249237738,-0.0220631342630569,-0.0486675490996744,-0.0266044148366175
"259216",0.645857092719926,0.152695056710084,0.335956321507844,-0.18326126479776,-0.493162036009842,-0.309900771212082
"257087",1.19532899501971,0.23879089729373,0.56655331624975,-0.32776241895602,-0.956538097725978,-0.628775678769957
"114641",0.224836061802851,0.178280977605109,0.201109551073695,-0.0228285734685859,-0.0465550841977427,-0.0237265107291568
"543377",0.217182845903499,0.102442805862865,0.157958310104793,-0.0555155042419286,-0.114740040040634,-0.0592245357987053
"526891",0.0671295593673614,0.0777486936459717,0.0726240795841036,0.00512461406186808,0.0106191342786103,0.00549452021674227
"486536",0.578130313163179,0.211937534283783,0.358067505165973,-0.146129970882189,-0.366192778879396,-0.220062807997207
"43570",0.0963929558231174,0.0816933583627933,0.0886505196222777,-0.00695716125948445,-0.0146995974603241,-0.00774243620083964
"18706",0.243322480678108,0.130489482066691,0.183957960110172,-0.053468478043481,-0.112832998611417,-0.0593645205679363
"276098",0.0297842669915098,0.0432566538908305,0.0367136663180066,0.00654298757282385,0.0134723868993206,0.00692939932649679
"252137",0.509401595051453,0.142464951854216,0.312841653420105,-0.170376701565889,-0.366936643197237,-0.196559941631348
"30293",0.853322427222634,0.303333498996929,0.545710792705572,-0.242377293708643,-0.549988928225706,-0.307611634517063
"339749",0.0198019135217702,0.0351503104217615,0.0275232770141808,0.00762703340758076,0.0153483968999913,0.00772136349241057
"36693",0.286789062841443,0.0880068205959279,0.168825299953352,-0.0808184793574241,-0.198782242245515,-0.117963762888091
"268523",10,0.571248936446039,10,-9.42875106355396,-9.42875106355396,0
"159949",0.0201036001860625,0.0361757161497592,0.0280016408180553,0.00817407533170389,0.0160721159636967,0.0078980406319928
"102677",0.163023741683736,0.102984097282568,0.131029675793811,-0.0280455785112432,-0.0600396444011683,-0.0319940658899251
"554369",0.0203319186159643,0.0466162523418429,0.0339993722624897,0.0126168800793532,0.0262843337258786,0.0136674536465255
"465586",0.531496835338207,0.193390609705089,0.320629150161735,-0.127238540456646,-0.338106225633117,-0.210867685176471
"236916",0.0228184183817644,0.0512365858756712,0.037356257177006,0.0138803286986652,0.0284181674939069,0.0145378387952416
"170429",0.0442633565099527,0.0658760940911974,0.0552008662841794,0.010675227807018,0.0216127375812447,0.0109375097742267
"371082",1.91822349549059,0.190418380524648,1.91822349549059,-1.72780511496594,-1.72780511496594,0
"249915",0.0506860070999816,0.0550656015769661,0.0530137797482818,0.00205182182868428,0.00437959447698448,0.0023277726483002
"267016",0.0295576401742343,0.0258296224225729,0.0277613645157967,-0.00193174209322379,-0.00372801775166138,-0.00179627565843759
"349837",0.051034415795631,0.0567137896982571,0.0541836010673211,0.00253018863093602,0.00567937390262608,0.00314918527169006
"139308",0.038537560143344,0.0398906038145021,0.0392350686266345,0.000655535187867699,0.00135304367115817,0.00069750848329047
"244415",0.16729999427243,0.0831683079446227,0.121784611500774,-0.038616303556151,-0.0841316863278076,-0.0455153827716566
"459765",0.119698340700816,0.122288522152488,0.120987210113431,0.00130131203905655,0.00259018145167215,0.00128886941261561
"9333",1.53768211638263,0.213637770794287,1.53768211638263,-1.32404434558834,-1.32404434558834,0
"304902",0.0730044509368279,0.070389477063138,0.07158645130918,-0.00119697424604193,-0.00261497387368982,-0.0014179996276479
"229721",0.0550164387091768,0.040173302328449,0.0472478666808621,-0.0070745643524131,-0.0148431363807278,-0.00776857202831469
"42386",0.0346422463854409,0.0531013400256102,0.0441880260566762,0.00891331396893403,0.0184590936401694,0.00954577967123533
"75984",0.245815708809638,0.143827706725981,0.189200731195985,-0.0453730244700041,-0.101988002083657,-0.0566149776136528
"282878",0.176172538288792,0.0999181258230435,0.13620352687225,-0.036285401049207,-0.0762544124657485,-0.0399690114165416
"116817",0.066613810698168,0.078486532585092,0.0728383996220014,0.00564813296309059,0.011872721886924,0.00622458892383339
"33424",0.381188318270069,0.111887088028928,0.238440183603978,-0.12655309557505,-0.269301230241141,-0.142748134666091
"39248",0.115879868920318,0.133302411541113,0.124850944805844,0.00845146673526971,0.017422542620795,0.00897107588552529
"159166",0.0237945258254915,0.0398937382820486,0.0319489487203438,0.00794478956170478,0.0160992124565571,0.00815442289485228
"32899",0.0953138533541108,0.122488899845007,0.108942868359959,0.0135460314850483,0.0271750464908961,0.0136290150058478
"243337",0.0513565178860528,0.0421380255816594,0.046285158910737,-0.00414713332907755,-0.00921849230439333,-0.00507135897531578
"353129",0.186323540914578,0.120496845241294,0.15067664773546,-0.0301798024941666,-0.0658266956732843,-0.0356468931791177
"455932",0.0400617147802864,0.0472227110516703,0.0439293977026656,0.00329331334900471,0.00716099627138392,0.00386768292237921
"59329",0.284351833048725,0.0923487729817098,0.179019700281542,-0.0866709272998326,-0.192003060067015,-0.105332132767183
"264916",0.375954596717183,0.180958434700429,0.274171840939615,-0.093213406239186,-0.194996162016754,-0.101782755777568
"274407",0.0583616394798592,0.0729265486829579,0.0656015850964172,0.00732496358654068,0.0145649092030986,0.00723994561655796
"3656",5.18771116115998,0.312832826172769,5.18771116115998,-4.87487833498721,-4.87487833498721,0
"305228",0.13672926649744,0.0949312928836755,0.114661294249538,-0.0197300013658629,-0.041797973613765,-0.0220679722479021
"208299",0.17329409569332,0.0953962550920747,0.128813486432753,-0.0334172313406781,-0.0778978406012449,-0.0444806092605669
"66172",0.0348939171369581,0.0337153891068017,0.0342543829672463,-0.000538993860444613,-0.00117852803015643,-0.000639534169711818
"262257",0.460355791435513,0.117125112411409,0.280617736454267,-0.163492624042858,-0.343230679024104,-0.179738054981246
"331363",0.777049423255884,0.238989976771481,0.50956044047656,-0.27057046370508,-0.538059446484403,-0.267488982779323
"316802",0.061014676192274,0.0685308647926952,0.0648139958981482,0.003716868894547,0.00751618860042121,0.0037993197058742
"257651",0.0471723436125727,0.0362128530439189,0.041534676637076,-0.00532182359315707,-0.0109594905686539,-0.00563766697549679
"159335",0.183501502752367,0.119529460245108,0.150398061057896,-0.0308686008127872,-0.0639720425072584,-0.0331034416944712
"187491",0.0619991150316744,0.0656252639699319,0.0638109774693553,0.00181428650057669,0.0036261489382575,0.00181186243768081
"127480",0.279187196478727,0.151836683045736,0.210710242380232,-0.0588735593344961,-0.127350513432991,-0.0684769540984944
"458535",0.0410006702624222,0.0515737498546514,0.0463402317930508,0.00523351806160054,0.0105730795922291,0.0053395615306286
"405690",0.33292576980597,0.182750787979698,0.25472424510005,-0.0719734571203522,-0.150174981826272,-0.07820152470592
"466753",0.747027466087854,0.0647954078215199,0.747027466087854,-0.682232058266334,-0.682232058266334,0
"174014",0.0688002604842948,0.0368187995276084,0.052260496988425,-0.0154416974608166,-0.0319814609566864,-0.0165397634958698
"48131",0.0929083952553972,0.0534187133707205,0.0726935730803164,-0.0192748597095958,-0.0394896818846767,-0.0202148221750809
"433170",1.43837248072808,0.201883025427396,1.43837248072808,-1.23648945530068,-1.23648945530068,0
"36369",0.0795458512105913,0.075046731424818,0.0770174961913734,-0.00197076476655547,-0.00449911978577335,-0.00252835501921787
"57182",0.467282344544686,0.215410376461653,0.335978600705862,-0.120568224244209,-0.251871968083032,-0.131303743838824
"571811",0.0144822533600714,0.0267844902094667,0.0202282537475034,0.00655623646196335,0.0123022368493953,0.00574600038743197
"548245",0.0924980065164974,0.0563696298944892,0.0740937964946292,-0.01772416660014,-0.0361283766220082,-0.0184042100218682
"220822",0.726118753927798,0.190977570540155,0.441964285973709,-0.250986715433553,-0.535141183387642,-0.284154467954089
"27339",0.512220595037349,0.188842515220483,0.343098739761177,-0.154256224540694,-0.323378079816866,-0.169121855276172
"553629",0.159150405428578,0.173781051617676,0.16629620074501,0.00748485087266598,0.0146306461890977,0.00714579531643175
"309907",0.0256639055160965,0.0373723620623229,0.0316402438194878,0.00573211824283512,0.0117084565462265,0.00597633830339133
"415681",0.129609050098223,0.0653875141110389,0.0964344852913692,-0.0310469711803303,-0.0642215359871841,-0.0331745648068538
"299776",0.128486454242786,0.122273019013026,0.125110519805165,-0.00283750079213931,-0.00621343522976046,-0.00337593443762116
"50636",0.154458296155316,0.101255253784904,0.126193871856473,-0.0249386180715693,-0.0532030423704127,-0.0282644242988433
"469040",0.0865975075230498,0.0576069126104169,0.0721356946804775,-0.0145287820700605,-0.0289905949126328,-0.0144618128425723
"561227",0.2758902220946,0.0468034422572184,0.2758902220946,-0.229086779837382,-0.229086779837382,0
"552486",0.0174128435890609,0.0226941739445188,0.0200027418974941,0.00269143204702471,0.00528133035545787,0.00258989830843315
"342477",0.169694780544329,0.132498233382841,0.151033257670542,-0.018535024287701,-0.0371965471614873,-0.0186615228737862
"71382",0.0827105206672378,0.0556865530378749,0.0681616665803537,-0.0124751135424788,-0.0270239676293629,-0.0145488540868841
"450196",0.214469802000148,0.115912020440069,0.158946121564712,-0.0430341011246427,-0.098557781560079,-0.0555236804354363
"509716",0.100988920855272,0.0645998343664939,0.0817276230351479,-0.017127788668654,-0.0363890864887779,-0.0192612978201239
"264015",0.0279701507818655,0.0415312066785039,0.0349190659417896,0.00661214073671429,0.0135610558966384,0.00694891515992413
"235603",0.354010158546554,0.118825838579934,0.229175751047951,-0.110349912468017,-0.235184319966619,-0.124834407498602
"68596",0.0475879832346651,0.0576528538501563,0.0525851548670942,0.00506769898306204,0.0100648706154912,0.00499717163242917
"11429",0.137872200468187,0.08923452079992,0.111811769969952,-0.0225772491700321,-0.0486376796682666,-0.0260604304982345
"219668",0.065093873000566,0.0506286552570062,0.0577011340949195,-0.00707247883791327,-0.0144652177435598,-0.00739273890564652
"19659",0.226049423962908,0.115463908774198,0.168182809181136,-0.0527189004069373,-0.11058551518871,-0.0578666147817724
"340459",0.0288777215646551,0.0397808335969414,0.0345593106912245,0.00522152290571688,0.0109031120322863,0.0056815891265694
"536625",0.199805747135389,0.07201464194274,0.131512292716109,-0.0594976507733692,-0.127791105192649,-0.0682934544192797
"437431",0.257659782082064,0.101939869741901,0.17497192873892,-0.0730320589970193,-0.155719912340163,-0.0826878533431442
"492277",0.0791606046132933,0.0699886103356836,0.0743540429720524,-0.00436543263636884,-0.00917199427760969,-0.00480656164124085
"572470",0.0498198993809404,0.0460192033043648,0.0478344152679265,-0.00181521196356164,-0.00380069607657556,-0.00198548411301391
"466770",2.08493741389737,0.254584568609485,2.08493741389737,-1.83035284528789,-1.83035284528789,0
"336260",0.408032789307834,0.123047205489627,0.250975254999223,-0.127928049509596,-0.284985583818207,-0.157057534308611
"207169",0.0716906398012126,0.0560216013897675,0.0632838530475606,-0.00726225165779319,-0.0156690384114452,-0.00840678675365199
"329154",0.0467461964767173,0.0583675419668483,0.0527904724222129,0.00557706954463536,0.011621345490131,0.00604427594549562
"301054",0.0363536384510961,0.041653554699441,0.0389712924466102,0.00268226225283084,0.00529991624834496,0.00261765399551411
"52219",0.537016863709189,0.173256028341955,0.303465839491257,-0.130209811149301,-0.363760835367234,-0.233551024217933
"531294",0.0446036839580642,0.0593770571097026,0.0530263286614398,0.00635072844826277,0.0147733731516384,0.00842264470337559
"386636",0.0784728957319534,0.0775584053198101,0.0779424049460104,-0.000383999626200338,-0.000914490412143254,-0.000530490785942916
"330460",2.43764267935981,0.161056595589123,2.43764267935981,-2.27658608377068,-2.27658608377068,0
"42690",0.0938331559315513,0.0849501529628928,0.0890674219400631,-0.00411726897717027,-0.00888300296865847,-0.00476573399148821
"149664",0.0287732288083929,0.0406962230755877,0.0349725295419684,0.00572369353361931,0.0119229942671947,0.00619930073357541
"129325",0.0685635452207199,0.0606774002810072,0.064380885990862,-0.00370348570985485,-0.00788614493971271,-0.00418265922985786
"29523",0.117799518400093,0.127901140056677,0.122817618437,0.00508352161967626,0.0101016216565836,0.00501810003690729
"160484",0.102985432719207,0.0774528253033945,0.0897710972252743,-0.0123182719218797,-0.0255326074158121,-0.0132143354939323
"255762",0.367957244045245,0.171118767766603,0.265798978997234,-0.0946802112306301,-0.196838476278641,-0.102158265048011
"231891",0.405066555820521,0.173540802313041,0.278578827209232,-0.105038024896191,-0.23152575350748,-0.126487728611289
"123720",0.168267955187945,0.0703579880645191,0.115668628460543,-0.0453106403960237,-0.0979099671234264,-0.0525993267274027
"30074",0.288768787882114,0.123085606102266,0.197744846697017,-0.0746592405947513,-0.165683181779848,-0.091023941185097
"146750",0.129317502408525,0.1062312357404,0.11708947178198,-0.0108582360415801,-0.0230862666681259,-0.0122280306265458
"223594",0.165439799619522,0.0766988506727824,0.119523832562951,-0.042824981890169,-0.0887409489467397,-0.0459159670565707
"256406",0.0530699176757403,0.0586251691708486,0.0560189465062477,0.00260622266460084,0.00555525149510826,0.00294902883050742
"399819",0.0746286399873934,0.063063358793111,0.0687763597337616,-0.00571300094065055,-0.0115652811942824,-0.00585228025363183
"149189",0.0894219104566431,0.0818910626239738,0.0854104000381413,-0.00351933741416741,-0.00753084783266926,-0.00401151041850185
"27803",0.611789218952896,0.214220274721844,0.367655645108837,-0.153435370386993,-0.397568944231052,-0.24413357384406
"149824",0.00810190707297835,0.0191249103153144,0.0134342090338865,0.0056907012814279,0.011023003242336,0.00533230196090815
"25229",0.0556057411623362,0.0390712337533051,0.0464912562799396,-0.00742002252663455,-0.0165345074090311,-0.00911448488239658
"246315",0.0465864053218063,0.0270657237210392,0.0360172719066766,-0.00895154818563749,-0.0195206816007672,-0.0105691334151297
"139274",0.00602218312385639,0.0223105573143468,0.0141825375220232,0.00812801979232362,0.0162883741904904,0.00816035439816677
"35653",0.12626954811565,0.0735248088600975,0.099534938917478,-0.0260101300573805,-0.0527447392555523,-0.0267346091981719
"372437",0.100141425403336,0.0776397845587459,0.0886771006704883,-0.0110373161117424,-0.0225016408445897,-0.0114643247328473
"196605",0.0345143402388828,0.0332263166682326,0.0338179412320056,-0.000591624563772992,-0.00128802357065017,-0.000696399006877173
"431020",0.161098088601935,0.0695694403178216,0.110487345940989,-0.0409179056231671,-0.0915286482841134,-0.0506107426609464
"217492",0.0330997801814127,0.0425089335824055,0.0379115235251406,0.00459741005726488,0.00940915340099279,0.00481174334372791
"41088",0.625609479643135,0.160333293480819,0.386397687372415,-0.226064393891596,-0.465276186162316,-0.23921179227072
"11321",0.243782156443602,0.106653254863629,0.168140073380626,-0.0614868185169968,-0.137128901579973,-0.0756420830629763
"523052",0.229989193126391,0.153681366480737,0.189277264986183,-0.0355958985054462,-0.0763078266456544,-0.0407119281402082
"38912",0.0783424819553575,0.0744947076925051,0.0760116268078373,-0.00151691911533225,-0.00384777426285249,-0.00233085514752024
"176843",0.0398166958555755,0.0314294987325393,0.0355511203846867,-0.00412162165214747,-0.00838719712303627,-0.00426557547088879
"159100",0.0338989157997794,0.0586728635117524,0.0463720331704046,0.0123008303413479,0.0247739477119731,0.0124731173706252
"224008",0.0860750358785432,0.0915691477748304,0.0890347428464817,0.00253440492834869,0.00549411189628712,0.00295970696793843
"253679",0.131166438908319,0.0600807598602612,0.092952523279792,-0.0328717634195308,-0.0710856790480582,-0.0382139156285274
"242746",0.011618375013044,0.0219062908816277,0.0164999200480277,0.00540637083359998,0.0102879158685837,0.00488154503498377
"416241",0.497146087365778,0.153488348066453,0.31181439876995,-0.158326050703497,-0.343657739299325,-0.185331688595828
"124536",0.554374252730383,0.149774602429687,0.330700317071431,-0.180925714641745,-0.404599650300697,-0.223673935658952
"440080",0.0778528969407817,0.0904950134653312,0.0844041881069962,0.00609082535833504,0.0126421165245496,0.00655129116621453
"448154",0.177211648831986,0.0836648540152728,0.129380517845395,-0.045715663830122,-0.0935467948167128,-0.0478311309865908
"95624",0.655769593631451,0.176530310416291,0.407154062350258,-0.230623751933967,-0.47923928321516,-0.248615531281193
"200138",0.202143636081042,0.192581439450057,0.197524985032174,-0.00494354558211665,-0.00956219663098432,-0.00461865104886766
"54577",0.239753777483966,0.151968252517086,0.191586353730871,-0.0396181012137858,-0.0877855249668806,-0.0481674237530949
"7961",0.0391587575844141,0.049684439707098,0.0444365321348296,0.00524790757226835,0.0105256821226839,0.00527777455041551
"226178",0.0868083046525335,0.0800518069622999,0.0832962415846607,-0.00324443462236085,-0.00675649769023365,-0.0035120630678728
"86232",0.0366917008250556,0.0675805439765609,0.0530328316624812,0.0145477123140797,0.0308888431515052,0.0163411308374256
"61148",0.0927303827137388,0.0965680672111623,0.0947595045129477,0.00180856269821461,0.0038376844974235,0.00202912179920889
"571839",0.393902728691531,0.158157252696383,0.240183763856044,-0.0820265111596616,-0.235745475995148,-0.153718964835487
"220990",1.33418784493884,0.245445107257991,1.33418784493884,-1.08874273768085,-1.08874273768085,0
"166395",0.342169732002704,0.195531474526773,0.265215798271532,-0.0696843237447594,-0.146638257475931,-0.0769539337311715
"83160",0.0140962538565572,0.030869880061533,0.0228443267344148,0.00802555332711821,0.0167736262049758,0.00874807287785758
"189134",0.029815738213916,0.0296067759660582,0.0296991808098488,-9.24048437906458e-05,-0.0002089622478578,-0.000116557404067155
"438877",0.104365311246513,0.0379165091416475,0.0681966358562835,-0.030280126714636,-0.0664488021048657,-0.0361686753902297
"189741",0.082326855579547,0.0701114119659676,0.0759177651656478,-0.00580635319968016,-0.0122154436135794,-0.00640909041389923
"515643",1e-08,0.0253573220602447,0.011593812058833,0.0137635100014117,0.0253573120602447,0.011593802058833
"228917",0.0688731023800607,0.0475404034143094,0.0573842272784074,-0.00984382386409804,-0.0213326989657513,-0.0114888751016533
"380109",0.0557155109481408,0.0574291097505753,0.0565884229695825,0.000840686780992819,0.00171359880243452,0.000872912021441699
"498149",0.0857611845247458,0.0948074612985677,0.090630521891876,0.00417693940669174,0.00904627677382193,0.00486933736713019
"162411",0.124893161418149,0.0751724506099414,0.097720239230727,-0.0225477886207855,-0.0497207108082073,-0.0271729221874218
"352634",0.0899455184702104,0.131689693047365,0.111433202093099,0.0202564909542658,0.0417441745771548,0.021487683622889
"456142",0.00801652696920924,0.0275435122143473,0.0171762776774422,0.0103672345369051,0.019526985245138,0.00915975070823295
"118280",0.359627467911318,0.152885521963686,0.251551017752825,-0.0986654957891392,-0.206741945947631,-0.108076450158492
"71394",0.0235196756454229,0.0435695434714023,0.0339357127170842,0.00963383075431806,0.0200498678259794,0.0104160370716613
"211256",0.171130764159144,0.180990537840016,0.176550031552221,0.00444050628779438,0.00985977368087121,0.00541926739307683
"452435",0.669996005948496,0.103245998816784,0.669996005948496,-0.566750007131712,-0.566750007131712,0
"275819",0.56185373768098,0.168094205834119,0.310809666851886,-0.142715461017767,-0.393759531846861,-0.251044070829094
"89040",0.0236903082332945,0.0379527186674156,0.031334689017694,0.0066180296497216,0.014262410434121,0.00764438078439945
"241319",0.135912698083872,0.109028344079038,0.120911089734915,-0.0118827456558765,-0.0268843540048336,-0.0150016083489571
"116518",0.21149661044848,0.095647125980707,0.149541442857207,-0.0538943168764995,-0.115849484467773,-0.0619551675912731
"256210",0.385493052349791,0.198970224483763,0.293217053432269,-0.0942468289485062,-0.186522827866028,-0.0922759989175215
"548402",0.390894323608258,0.177257104216269,0.280786378126614,-0.103529273910345,-0.213637219391989,-0.110107945481644
"309505",0.034495959835296,0.064521408457639,0.0498313245709561,0.0146900838866829,0.030025448622343,0.0153353647356601
"111328",0.331965713195781,0.1279356319668,0.219804696727894,-0.0918690647610938,-0.204030081228981,-0.112161016467887
"394041",0.190101547485916,0.161492183612656,0.175074217511759,-0.0135820338991031,-0.0286093638732597,-0.0150273299741566
"70277",0.0969048095456267,0.0918368538870624,0.0943235588640509,-0.00248670497698848,-0.00506795565856435,-0.00258125068157587
"160521",0.238420525147748,0.0740589621873364,0.14827449196753,-0.0742155297801931,-0.164361562960411,-0.0901460331802181
"4465",0.153091581974705,0.124138765764672,0.137274928556254,-0.0131361627915822,-0.028952816210033,-0.0158166534184508
"73250",0.0240918097144958,0.0508109602529293,0.0393407690107506,0.0114701912421787,0.0267191505384335,0.0152489592962548
"73268",0.145045887697217,0.110235280809412,0.125355789814896,-0.015120509005484,-0.0348106068878053,-0.0196900978823213
"506762",0.106694072823832,0.0874711417845795,0.0971381271206929,-0.00966698533611342,-0.0192229310392522,-0.00955594570313877
"225434",0.203581016329834,0.0986948079850901,0.14569562052828,-0.0470008125431901,-0.104886208344744,-0.0578853958015536
"415137",0.112839057494512,0.104185552955687,0.10815947872147,-0.00397392576578333,-0.00865350453882506,-0.00467957877304173
"175990",0.289157568468317,0.103518297948393,0.182185401243971,-0.0786671032955781,-0.185639270519925,-0.106972167224347
"101235",0.974561461310298,0.310937980826006,0.600770749461454,-0.289832768635448,-0.663623480484292,-0.373790711848843
"504713",0.0350085761122258,0.0473377266299793,0.0415687876301338,0.00576893899984547,0.0123291505177535,0.00656021151790803
"179334",0.211108765212739,0.120428454260163,0.163038053340327,-0.0426095990801639,-0.0906803109525754,-0.0480707118724115
"257905",2.37555728135521,0.230648157996388,2.37555728135521,-2.14490912335882,-2.14490912335882,0
"310447",0.200759112301932,0.0861211727023154,0.13873715165304,-0.0526159789507246,-0.114637939599617,-0.0620219606488923
"548540",0.0707838806649378,0.0628537372867461,0.0667819668044183,-0.00392822951767216,-0.0079301433781917,-0.00400191386051954
"321769",0.00883579666280528,0.0216905023168454,0.0148559136007185,0.00683458871612692,0.0128547056540401,0.00602011693791321
"564023",0.0415571106753247,0.0673267532895139,0.05536707447714,0.0119596788123739,0.0257696426141892,0.0138099638018153
"90451",0.355897816082505,0.135515590526521,0.241515776426352,-0.106000185899831,-0.220382225555985,-0.114382039656154
"389313",0.29075012817946,0.11889791957808,0.199747767919997,-0.0808498483419174,-0.17185220860138,-0.0910023602594625
"83996",0.116276290459367,0.083995128276298,0.0998511510833944,-0.0158560228070964,-0.0322811621830692,-0.0164251393759728
"8805",0.140031315809592,0.049138033384298,0.0907312681226407,-0.0415932347383427,-0.0908932824252936,-0.0493000476869509
"339584",0.124043508473163,0.125513340093543,0.124860855605805,0.000652484487738025,0.00146983162037941,0.00081734713264138
"41527",0.160079530390596,0.104001759436505,0.130520636782221,-0.0265188773457164,-0.0560777709540916,-0.0295588936083752
"382132",0.300761669562757,0.123616201557141,0.21041182602468,-0.0867956244675381,-0.177145468005616,-0.0903498435380777
"336829",0.201991918051215,0.0681282402444661,0.129018713776503,-0.0608904735320367,-0.133863677806749,-0.072973204274712
"110977",0.637672366728378,0.0893271918279746,0.637672366728378,-0.548345174900404,-0.548345174900404,0
"505769",0.0660960803442408,0.0713688252200977,0.0688460974725229,0.00252272774757474,0.00527274487585686,0.00275001712828211
"492957",0.0483723768437604,0.0798449264995565,0.0643996632836189,0.0154452632159376,0.0314725496557961,0.0160272864398584
"153754",0.207752223929724,0.146003948359466,0.176925509400109,-0.0309215610406431,-0.0617482755702574,-0.0308267145296143
"66400",0.103118421000959,0.0539709717668248,0.0767033387723377,-0.0227323670055129,-0.0491474492341342,-0.0264150822286213
"21325",0.153072586761553,0.0931672039903219,0.119870910145698,-0.0267037061553758,-0.0599053827712316,-0.0332016766158558
"125869",0.203162291096758,0.0355622252193414,0.203162291096758,-0.167600065877417,-0.167600065877417,0
"55658",0.0863011449491245,0.0992691933765435,0.0930963832048749,0.0061728101716686,0.012968048427419,0.00679523825575036
"345054",0.217116406476138,0.166547932068699,0.191404372770854,-0.024856440702155,-0.0505684744074386,-0.0257120337052836
"123919",0.0693512814154224,0.0844215979362312,0.0778798639724551,0.00654173396377612,0.0150703165208088,0.00852858255703265
"73541",0.862260211297452,0.20819474745007,0.472992311034539,-0.264797563584469,-0.654065463847382,-0.389267900262913
"16575",0.194745650527039,0.0872793682931419,0.138562810131951,-0.0512834418388091,-0.107466282233897,-0.0561828403950876
"322187",0.0322713458949717,0.0381350840046559,0.0354881726194347,0.00264691138522123,0.00586373810968419,0.00321682672446296
"319482",0.0177664110441604,0.0407443260176314,0.0290485539865791,0.0116957720310523,0.0229779149734709,0.0112821429424186
"191750",0.104586364419789,0.0617348995320836,0.0811134215269632,-0.0193785219948796,-0.0428514648877056,-0.023472942892826
"217240",0.0130375321121665,0.036036169649883,0.0249648610571226,0.0110713085927604,0.0229986375377165,0.011927328944956
"9793",0.0429480594913982,0.0152046008387342,0.0286357668674471,-0.0134311660287129,-0.027743458652664,-0.0143122926239511
"244541",0.0158949885992247,0.0367867531330302,0.0264311460519931,0.010355607081037,0.0208917645338055,0.0105361574527685
"78417",0.193933266711511,0.0952650719998265,0.140000875323968,-0.0447358033241411,-0.0986681947116844,-0.0539323913875432
"58521",0.117194086288389,0.0981229002617817,0.107714469469997,-0.00959156920821495,-0.0190711860266073,-0.00947961681839232
"300279",0.0149115987973762,0.0240768873529789,0.0193080758132365,0.00476881153974239,0.00916528855560271,0.00439647701586032
"76475",0.116109711406674,0.10737331106106,0.11150149730519,-0.00412818624413026,-0.00873640034561386,-0.0046082141014836
"217457",0.120904304218925,0.0925474073334902,0.106004241061277,-0.0134568337277872,-0.0283568968854344,-0.0149000631576471
"184282",0.462159527444894,0.148796781421369,0.288443983525581,-0.139647202104213,-0.313362746023525,-0.173715543919313
"301340",0.228886276813703,0.108069213313538,0.167271769927891,-0.0592025566143528,-0.120817063500165,-0.0616145068858118
"57789",0.436296370463261,0.144762212435226,0.280032628711681,-0.135270416276454,-0.291534158028034,-0.15626374175158
"140293",0.29189822608909,0.0835823320614784,0.182314344366656,-0.0987320123051772,-0.208315894027612,-0.109583881722435
"310132",0.537284718864548,0.17468964979159,0.350361350756912,-0.175671700965321,-0.362595069072958,-0.186923368107636
"518389",0.233325763718238,0.129821122804512,0.179121339909439,-0.0493002171049272,-0.103504640913726,-0.0542044238087992
"124182",0.0484177534544683,0.0414416949868123,0.0445482276436676,-0.00310653265685536,-0.00697605846765607,-0.00386952581080072
"486878",1.16218956581278,0.166917139533256,1.16218956581278,-0.995272426279522,-0.995272426279522,0
"336560",0.140987890992338,0.0503837431794451,0.0870905339260293,-0.0367067907465842,-0.090604147812893,-0.0538973570663088
"212485",0.02925008761412,0.0531275491746337,0.0425766013035442,0.0105509478710895,0.0238774615605137,0.0133265136894242
"251038",0.133336675957779,0.128519413077554,0.13072560040827,-0.00220618733071681,-0.00481726288022497,-0.00261107554950815
"387677",0.657613699624195,0.272090989367765,0.469965886867043,-0.197874897499278,-0.385522710256431,-0.187647812757152
"481029",0.0907958438039475,0.0855591476573822,0.0879401104329635,-0.00238096277558129,-0.00523669614656531,-0.00285573337098402
"408005",0.0683380498333078,0.0646307968982067,0.0662672049253381,-0.00163640802713137,-0.0037072529351011,-0.00207084490796973
"93523",0.0451076716293126,0.0422802290558693,0.043640819930854,-0.00136059087498464,-0.00282744257344325,-0.00146685169845861
"390337",0.0189155397400481,0.0221423933896896,0.0205452926993068,0.00159710069038274,0.0032268536496415,0.00162975295925876
"131758",1.02140706558868,0.105995959838238,1.02140706558868,-0.915411105750441,-0.915411105750441,0
"93133",0.685961775535413,0.130493188922075,0.685961775535413,-0.555468586613338,-0.555468586613338,0
"576013",3.43954370046399,0.181065278307189,3.43954370046399,-3.2584784221568,-3.2584784221568,0
"94847",0.0724695087912452,0.0521797310605595,0.06203502587279,-0.00985529481223049,-0.0202897777306857,-0.0104344829184552
"418844",0.908682572607839,0.25617146863248,0.539685525597287,-0.283514056964807,-0.652511103975359,-0.368997047010552
"314329",0.156757884441584,0.0747482862216059,0.111750328347824,-0.037002042126218,-0.0820095982199784,-0.0450075560937604
"225717",0.0526096651506402,0.0239857163781292,0.0369103179718515,-0.0129246015937223,-0.028623948772511,-0.0156993471787888
"40136",0.203955574789256,0.0811395779279421,0.139768006211256,-0.0586284282833141,-0.122815996861314,-0.0641875685780003
"500476",0.0398882669523009,0.0301406830516929,0.0346174382001085,-0.00447675514841563,-0.00974758390060802,-0.00527082875219239
"235937",0.281134905952218,0.128732860993985,0.202659539881049,-0.073926678887064,-0.152402044958233,-0.0784753660711686
"335264",0.234647859160544,0.106135428627227,0.16590624343408,-0.0597708148068523,-0.128512430533317,-0.0687416157264647
"491175",0.361671295430852,0.135498133236174,0.234684505407962,-0.0991863721717879,-0.226173162194678,-0.12698679002289
"550176",0.191301973930704,0.0921488885371428,0.139476689030529,-0.0473278004933861,-0.0991530853935609,-0.0518252849001747
"9841",0.273284371645188,0.158361298162021,0.213830172594812,-0.055468874432791,-0.114923073483167,-0.0594541990503764
"233181",0.0541391080676148,0.0588765604787327,0.0570096375040759,0.00186692297465683,0.0047374524111179,0.00287052943646107
"18707",0.121880467291687,0.104562587139724,0.112643364083514,-0.00808077694378966,-0.0173178801519635,-0.00923710320817382
"142424",0.0535241629145581,0.0721330141648557,0.0630854500985841,0.00904756406627161,0.0186088512502977,0.00956128718402605
"158995",0.756987347714675,0.232372406078339,0.449772172752739,-0.2173997666744,-0.524614941636335,-0.307215174961936
"107170",0.064184000206477,0.045910375949639,0.0541955474450034,-0.00828517149536435,-0.018273624256838,-0.00998845276147363
"473603",0.018715823290308,0.0430501668662192,0.0313886216767228,0.0116615451894964,0.0243343435759112,0.0126727983864148
"89537",0.0690828623380298,0.0629195073993507,0.0659486992117839,-0.00302919181243323,-0.00616335493867907,-0.00313416312624584
"33025",0.0459333792296433,0.0587889075095296,0.0525929617290758,0.00619594578045385,0.0128555282798863,0.00665958249943248
"416701",0.20902631599611,0.133538508008736,0.169908560121025,-0.0363700521122889,-0.0754878079873743,-0.0391177558750853
"338525",0.182515088107943,0.12073687340108,0.150683638786214,-0.0299467653851344,-0.0617782147068631,-0.0318314493217287
"435991",0.0186251843808437,0.021059801387406,0.0198058096280839,0.00125399175932212,0.00243461700656227,0.00118062524724015
"415436",0.364251436520085,0.152685996887439,0.256111212643959,-0.10342521575652,-0.211565439632646,-0.108140223876126
"440726",0.290059576132442,0.115158692042982,0.193982211854298,-0.0788235198113158,-0.174900884089459,-0.0960773642781433
"123486",0.102652600503513,0.063685493431925,0.0815354977164727,-0.0178500042845477,-0.0389671070715878,-0.02111710278704
"381985",0.403587267357987,0.165198654633314,0.27905336870108,-0.113854714067766,-0.238388612724673,-0.124533898656908
"9485",0.123537469553596,0.0684033390864637,0.0935875407161919,-0.0251842016297282,-0.0551341304671322,-0.029949928837404
"81389",3.32429657229187,0.495219040056715,3.32429657229187,-2.82907753223516,-2.82907753223516,0
"558843",0.479140319839111,0.274312119663848,0.377745875646539,-0.103433755982691,-0.204828200175263,-0.101394444192572
"9880",0.0986340571609882,0.037928203131426,0.066409341328201,-0.028481138196775,-0.0607058540295622,-0.0322247158327872
"299585",0.572592660718556,0.149743228948996,0.352494628352069,-0.202751399403072,-0.422849431769559,-0.220098032366487
"206188",0.0777104633236688,0.0433834233566409,0.0599731772874068,-0.0165897539307659,-0.0343270399670279,-0.017737286036262
"96136",0.966010202623875,0.281849039195171,0.580225860914455,-0.298376821719284,-0.684161163428703,-0.38578434170942
"310219",0.0564998378661225,0.0318563818880893,0.0426208816352313,-0.010764499747142,-0.0246434559780332,-0.0138789562308912
"559014",0.0202049559227753,0.0418965508202337,0.0313899893544684,0.0105065614657653,0.0216915948974584,0.0111850334316931
"75524",0.0982268663951316,0.113719759679388,0.106315285863203,0.00740447381618456,0.0154928932842564,0.00808841946807182
"138693",0.156882534154698,0.137512192762165,0.146506185039835,-0.00899399227766967,-0.0193703413925326,-0.0103763491148629
"458525",0.150434548160969,0.0996257467714913,0.124435084483805,-0.0248093377123141,-0.0508088013894781,-0.025999463677164
"548781",0.0806332943101936,0.0739109958298096,0.0771951298546143,-0.00328413402480469,-0.00672229848038396,-0.00343816445557926
"79222",0.0134023125523854,0.0244072620978326,0.0193327570646595,0.00507450503317308,0.0110049495454472,0.00593044451227408
"24586",0.142956323477968,0.0522439474256756,0.0925616992223471,-0.0403177517966715,-0.0907123760522926,-0.0503946242556211
"560861",0.0281898735223566,0.0432823250979453,0.0363357393853986,0.00694658571254671,0.0150924515755888,0.00814586586304205
"512515",0.533400499512201,0.141098714336869,0.319714824089575,-0.178616109752707,-0.392301785175332,-0.213685675422625
"336844",0.0711417970747144,0.0588977971552852,0.0647100254308481,-0.00581222827556292,-0.0122439999194293,-0.00643177164386634
"398350",0.328121834146366,0.109584002042546,0.210854865900957,-0.101270863858411,-0.21853783210382,-0.117266968245408
"215494",0.818210117674651,0.231336133834318,0.472128277551577,-0.240792143717259,-0.586873983840333,-0.346081840123074
"56145",0.173083747930249,0.0916268743397247,0.129542235927172,-0.0379153615874477,-0.0814568735905246,-0.0435415120030769
"141547",0.0809037130998115,0.0236030762676621,0.0502855667191717,-0.0266824904515096,-0.0573006368321494,-0.0306181463806398
"74406",0.0724333214189162,0.0572889056947736,0.0640415227961588,-0.0067526171013852,-0.0151444157241426,-0.00839179862275739
"328968",0.500089312653868,0.150625505413055,0.314968802547393,-0.164343297134338,-0.349463807240813,-0.185120510106475
"182045",0.218771839547553,0.0970962904107386,0.154935387508956,-0.0578390970982179,-0.121675549136815,-0.0638364520385969
"73495",0.0956569298619192,0.122258105427022,0.109249978007455,0.0130081274195667,0.0266011755651027,0.0135930481455361
"392593",4.04987634924961,0.697495076419423,4.04987634924961,-3.35238127283018,-3.35238127283018,0
"230793",0.817388283425177,0.140727409339,0.817388283425177,-0.676660874086177,-0.676660874086177,0
"489722",0.207323081750641,0.0483624056882497,0.113668657620827,-0.0653062519325777,-0.158960676062391,-0.0936544241298134
"187783",0.658150952823458,0.145587543800453,0.387389152106915,-0.241801608306462,-0.512563409023006,-0.270761800716543
"25104",0.0947308658822748,0.0527436606717882,0.0729402925252339,-0.0201966318534457,-0.0419872052104866,-0.0217905733570409
"175963",0.312580426337154,0.136345278810946,0.215377630416811,-0.079032351605865,-0.176235147526208,-0.0972027959203429
"367931",0.0547064921594578,0.0425310883857518,0.0485673725649518,-0.00603628417919991,-0.012175403773706,-0.00613911959450609
"514042",0.23043817476444,0.124496321277052,0.174563757568955,-0.050067436291903,-0.105941853487388,-0.0558744171954854
"426503",0.146057700397303,0.0981109029370322,0.121458365684529,-0.0233474627474971,-0.0479467974602708,-0.0245993347127737
"143",0.24278773297028,0.176150924721098,0.207926915806445,-0.0317759910853462,-0.0666368082491813,-0.034860817163835
"97252",0.0643973129790435,0.0907809456914979,0.0779901659410217,0.0127907797504762,0.0263836327124544,0.0135928529619782
"321363",1.26927430106858,0.12464066330725,1.26927430106858,-1.14463363776133,-1.14463363776133,0
"26528",0.920495911434312,0.223034598072391,0.500587774370592,-0.277553176298201,-0.697461313361921,-0.41990813706372
"89163",0.0496952306711886,0.0636119023191006,0.0567975284549031,0.00681437386419752,0.013916671647912,0.00710229778371448
"556543",0.141100981127855,0.0822774413605835,0.109767315892238,-0.0274898745316542,-0.0588235397672714,-0.0313336652356173
"527315",0.413124857991352,0.105057042400165,0.242799780695778,-0.137742738295613,-0.308067815591187,-0.170325077295574
"65401",0.270721882818949,0.116739094584675,0.184845877347241,-0.0681067827625661,-0.153982788234273,-0.0858760054717072
"460101",2.61097781528628,0.321033034431409,2.61097781528628,-2.28994478085487,-2.28994478085487,0
"254987",0.0124167668981275,0.0180405022269591,0.0155122300084014,0.00252827221855772,0.00562373532883161,0.00309546311027389
"422149",0.130108073195995,0.174437347029524,0.151271398841371,0.0231659481881529,0.0443292738335294,0.0211633256453765
"280498",0.0327447714874065,0.0409852722948986,0.0369279971101746,0.00405727518472405,0.00824050080749211,0.00418322562276806
"244712",0.163359766571196,0.191753430953262,0.176601179022588,0.0151522519306742,0.0283936643820661,0.0132414124513919
"88141",0.0215393350610985,0.0394512770056535,0.0308144011091064,0.00863687589654712,0.0179119419445551,0.00927506604800794
"483491",0.679492987819766,0.214496763302364,0.393905700331372,-0.179408937029009,-0.464996224517402,-0.285587287488393
"306876",0.848057187928787,0.201431294440377,0.456308780006953,-0.254877485566576,-0.646625893488409,-0.391748407921834
"407366",0.0871438943416794,0.0885744524195301,0.0878469788589336,0.000727473560596506,0.00143055807785068,0.000703084517254177
"315511",0.0455849683545666,0.043059192579231,0.0441918679154689,-0.00113267533623795,-0.00252577577533564,-0.00139310043909769
"193328",0.0417715038323558,0.0489067632898488,0.0455249307473621,0.00338183254248671,0.00713525945749302,0.00375342691500631
"431520",1.87386317030851,0.122840851242127,1.87386317030851,-1.75102231906638,-1.75102231906638,0
"485551",0.102257759307519,0.0182162305822348,0.102257759307519,-0.0840415287252838,-0.0840415287252838,0
"380564",0.295893601269198,0.13247353694093,0.203283125854624,-0.070809588913694,-0.163420064328268,-0.0926104754145738
"413301",0.24801275755132,0.176558768757097,0.209596186251807,-0.0330374174947094,-0.0714539887942225,-0.0384165712995131
"123437",0.0169974853207698,0.0526762968053431,0.0350599502458246,0.0176163465595185,0.0356788114845733,0.0180624649250548
"540818",0.172038104987751,0.0925609771647972,0.126730696124682,-0.0341697189598848,-0.0794771278229542,-0.0453074088630694
"215518",0.243344142159873,0.10118729765871,0.159692347091481,-0.0585050494327711,-0.142156844501163,-0.0836517950683921
"66159",0.169330721697522,0.104350367303052,0.132991651686626,-0.0286412843835744,-0.0649803543944707,-0.0363390700108962
"268124",0.641560421172012,0.194128749451461,0.358640163164457,-0.164511413712996,-0.447431671720551,-0.282920258007555
"474186",0.188273172263908,0.199784435603685,0.194129941962929,0.00565449364075582,0.0115112633397766,0.00585676969902083
"502730",0.130777568863548,0.0943901459649193,0.111004488783581,-0.0166143428186613,-0.0363874228986287,-0.0197730800799674
"181950",0.00851374997432874,0.026644738163618,0.0170769473365785,0.00956779082703952,0.0181309881892893,0.00856319736224977
"85340",0.196875905930392,0.162088155992157,0.179233131135084,-0.0171449751429271,-0.0347877499382358,-0.0176427747953087
"22207",0.029602314257069,0.0483796969910107,0.0390841062055313,0.00929559078547944,0.0187773827339417,0.00948179194846225
"62392",0.166371413456791,0.0653525122453155,0.114471167473016,-0.0491186552277006,-0.101018901211476,-0.0519002459837751
"469747",0.053462136477455,0.0468221917087363,0.0502377222913047,-0.00341553058256842,-0.00663994476871868,-0.00322441418615026
"415147",1.03257216399897,0.16627491820435,1.03257216399897,-0.866297245794617,-0.866297245794617,0
"379318",0.779824494903364,0.201589120532497,0.431171621117748,-0.22958250058525,-0.578235374370866,-0.348652873785616
"441571",0.253226577078542,0.0749550050651979,0.158745594491174,-0.0837905894259764,-0.178271572013344,-0.0944809825873678
"283965",0.293980535896477,0.148002572458208,0.218344900852599,-0.0703423283943905,-0.145977963438269,-0.075635635043878
"515679",0.461064675840727,0.175245749799288,0.309405518829433,-0.134159769030146,-0.285818926041439,-0.151659157011293
"129308",0.134217001244691,0.0723145194280511,0.100918051561621,-0.0286035321335704,-0.0619024818166401,-0.0332989496830697
"94468",0.0212524457655987,0.0324350328269572,0.0269657566469505,0.00546927618000662,0.0111825870613585,0.00571331088135188
"115382",0.149018559523729,0.104911012434642,0.125779016591402,-0.0208680041567598,-0.0441075470890865,-0.0232395429323267
"523254",0.0423290243276511,0.0473917798722854,0.0450628743161959,0.00232890555608949,0.00506275554463432,0.00273384998854483
"107808",0.674958599247054,0.182918042672397,0.369703480835006,-0.186785438162609,-0.492040556574657,-0.305255118412048
"135459",0.606126804564477,0.197090507111189,0.351883688888721,-0.154793181777532,-0.409036297453288,-0.254243115675756
"247267",0.230781241628998,0.1485054998516,0.183657084211873,-0.0351515843602735,-0.0822757417773984,-0.0471241574171249
"574383",0.14872520859103,0.0857052399804321,0.114630304265801,-0.0289250642853689,-0.0630199686105978,-0.0340949043252289
"184311",0.0206141370082252,0.0167235441200743,0.0186340528742041,-0.00191050875412976,-0.0038905928881509,-0.00198008413402114
"10041",0.105844331328005,0.093459229107194,0.0994578770542866,-0.00599864794709258,-0.0123851022208107,-0.0063864542737181
"22176",0.0503472491435327,0.0377580753359713,0.0436898016189259,-0.00593172628295464,-0.0125891738075614,-0.00665744752460677
"91626",0.304180648665102,0.109206333463978,0.201295727422737,-0.0920893939587588,-0.194974315201124,-0.102884921242365
"143131",0.389693086780943,0.0899547493970633,0.228121383464567,-0.138166634067504,-0.29973833738388,-0.161571703316376
"35028",0.10914955256534,0.0634195346066134,0.083177112758309,-0.0197575781516957,-0.0457300179587265,-0.0259724398070309
"242135",0.209261653653093,0.126076464076361,0.166028366912411,-0.03995190283605,-0.0831851895767318,-0.0432332867406818
"372634",0.0170208184543075,0.0545025089778731,0.0363327232323809,0.0181697857454922,0.0374816905235656,0.0193119047780734
"261878",6.24864210268288,0.937951930106523,6.24864210268288,-5.31069017257636,-5.31069017257636,0
"129369",0.0561160296870811,0.0766007317065655,0.0666709277606066,0.00992980394595885,0.0204847020194844,0.0105548980735256
"146426",0.0374875200424331,0.0337089553906836,0.035624921643209,-0.00191596625252542,-0.00377856465174956,-0.00186259839922414
"97120",0.223870220572317,0.163634373853259,0.19327909542961,-0.0296447215763511,-0.0602358467190578,-0.0305911251427068
"170617",0.07320688583026,0.076280351701718,0.0748713417806607,0.00140900992105722,0.00307346587145794,0.00166445595040073
"510695",0.0967710980512169,0.0551013638963605,0.0738871504644157,-0.0187857865680552,-0.0416697341548563,-0.0228839475868012
"164952",1.68157694623795,0.387062910981695,0.91906113537017,-0.531998224388475,-1.29451403525626,-0.762515810867783
"166993",0.249012213406315,0.131238912265005,0.186756773861411,-0.0555178615964058,-0.11777330114131,-0.062255439544904
"126693",0.0821347604711312,0.0843557290050636,0.0832350857075386,0.00112064329752508,0.00222096853393246,0.00110032523640738
"486393",0.0129230348587941,0.0211551313442362,0.0168951008458411,0.00426003049839515,0.00823209648544214,0.00397206598704698
"152528",0.18400705345211,0.161851848521505,0.172908460168543,-0.0110566116470384,-0.0221552049306052,-0.0110985932835669
"127189",0.072225829950489,0.0885659242624569,0.0813014590791073,0.00726446518334954,0.0163400943119679,0.00907562912861837
"372947",0.0749480184909015,0.0623293549039954,0.0683397057774212,-0.00601035087342588,-0.0126186635869061,-0.00660831271348027
"257146",0.12360736145078,0.11165092134616,0.117067831788011,-0.00541691044185037,-0.0119564401046199,-0.00653952966276956
"433194",0.0763327971399567,0.105733278472449,0.0927357862074645,0.0129974922649847,0.0294004813324925,0.0164029890675078
"264661",0.0507998854664133,0.0492648665069749,0.0499347350711721,-0.0006698685641972,-0.00153501895943841,-0.00086515039524121
"119733",0.0695189189179435,0.0364211611173973,0.0517531465657778,-0.0153319854483804,-0.0330977578005461,-0.0177657723521657
"511225",0.0208091275482492,0.0319366450258138,0.0261477029895747,0.00578894203623905,0.0111275174775646,0.00533857544132551
"182046",0.0874113207841136,0.0681576136833438,0.0771651956144417,-0.00900758193109789,-0.0192537071007698,-0.0102461251696719
"109155",1.8425618389884,0.62690841872089,1.09625805242008,-0.469349633699186,-1.21565342026751,-0.74630378656832
"391800",0.46205859410821,0.0897467619027991,0.46205859410821,-0.372311832205411,-0.372311832205411,0
"77471",0.0986508344331964,0.0405056427109699,0.067514815306533,-0.027009172595563,-0.0581451917222264,-0.0311360191266634
"422519",0.0361135454303372,0.0603691421049186,0.0496438290797627,0.0107253130251559,0.0242555966745815,0.0135302836494256
"91923",0.279852484822765,0.0697842560127055,0.166789916921062,-0.0970056609083567,-0.210068228810059,-0.113062567901703
"216989",0.0816551228778667,0.0587224255473389,0.069837698066382,-0.011115272519043,-0.0229326973305278,-0.0118174248114848
"294707",0.068210442117472,0.116123865117776,0.0924773215213691,0.0236465435964071,0.0479134230003041,0.024266879403897
"513768",0.0333408843369326,0.030834007982735,0.0319844965725523,-0.00115048858981735,-0.00250687635419766,-0.00135638776438031
"439351",0.186437650779329,0.0740399553535667,0.126286613382513,-0.0522466580289467,-0.112397695425763,-0.0601510373968159
"399224",0.277276846499646,0.117460202089743,0.184352591358757,-0.0668923892690147,-0.159816644409903,-0.0929242551408883
"133121",0.0711558603766071,0.0807533428127745,0.0766213484262267,0.00413199438654781,0.00959748243616737,0.00546548804961956
"80838",0.159248447586837,0.110812845041592,0.133601087780878,-0.0227882427392855,-0.0484356025452448,-0.0256473598059594
"217481",5.18490610333984,0.419192746858632,5.18490610333984,-4.76571335648121,-4.76571335648121,0
"188059",2.40457351958618,0.351940412300093,2.40457351958618,-2.05263310728609,-2.05263310728609,0
"400440",0.0524403331666447,0.0479503284266916,0.0501000438799905,-0.00214971545329899,-0.00449000473995314,-0.00234028928665415
"338143",0.020496936445625,0.0224478510940097,0.0214520698657702,0.000995781228239425,0.00195091464838465,0.000955133420145221
"565642",0.0671705832813794,0.0668650054078377,0.067019668084336,-0.000154662676498329,-0.000305577873541713,-0.000150915197043383
"178469",0.368726976747702,0.154535931021273,0.22259466810551,-0.068058737084237,-0.214191045726429,-0.146132308642192
"243048",0.244196221876529,0.0858019140229869,0.156258189030305,-0.0704562750073179,-0.158394307853542,-0.0879380328462243
"507883",0.281406845848331,0.186168871188142,0.232957007289852,-0.0467881361017103,-0.0952379746601891,-0.0484498385584789
"523179",0.128165846416311,0.0622279012969078,0.0923663229402214,-0.0301384216433136,-0.0659379451194028,-0.0357995234760892
"494885",3.65227407933702,0.126015036364759,3.65227407933702,-3.52625904297226,-3.52625904297226,0
"19528",0.396228058200395,0.101535025022522,0.227128219851047,-0.125593194828525,-0.294693033177873,-0.169099838349349
"176772",0.439552899597663,0.151729812383748,0.291644382159722,-0.139914569775974,-0.287823087213915,-0.147908517437941
"532248",1.5702786316957,0.147433629159235,1.5702786316957,-1.42284500253647,-1.42284500253647,0
"87780",0.326287835821295,0.165183822829453,0.239230672722671,-0.0740468498932178,-0.161104012991842,-0.0870571630986245
"533633",0.0449423109834914,0.0452742813078037,0.0456519360281664,-0.000377654720362726,0.000331970324312224,0.00070962504467495
"161246",0.015087632047272,0.0553083922038223,0.0363157474968447,0.0189926447069776,0.0402207601565503,0.0212281154495727
"434339",1.00087168746559,0.13691665007693,1.00087168746559,-0.863955037388662,-0.863955037388662,0
"405780",0.350139521624859,0.237208444061902,0.293092186062818,-0.0558837420009166,-0.112931077562957,-0.0570473355620404
"254843",0.0601871130819729,0.0481106602055853,0.0531663252624098,-0.00505566505682455,-0.0120764528763876,-0.00702078781956306
"260190",0.0676193720116202,0.0496878868102126,0.0579766889802405,-0.00828880217002794,-0.0179314852014077,-0.00964268303137971
"97368",0.030190837050828,0.0606864773316782,0.0474777703393627,0.0132087069923155,0.0304956402808503,0.0172869332885347
"390495",0.0891920265044207,0.0998237577920211,0.0946282249110975,0.00519553288092366,0.0106317312876004,0.00543619840667674
"371176",1.46736623585853,0.229954045741556,1.46736623585853,-1.23741219011697,-1.23741219011697,0
"229000",0.106248246904155,0.0854863477119715,0.094911653994449,-0.00942530628247756,-0.0207618991921835,-0.011336592909706
"126860",1.28313852404152,0.219237097356001,1.28313852404152,-1.06390142668552,-1.06390142668552,0
"440921",0.0736405597221477,0.0541719478712819,0.0635690124878002,-0.00939706461651825,-0.0194686118508658,-0.0100715472343475
"181689",0.386145105800217,0.15410414438799,0.261866836129436,-0.107762691741446,-0.232040961412227,-0.124278269670781
"265809",0.329815706749598,0.0971987564421618,0.204206810918818,-0.107008054476656,-0.232616950307436,-0.12560889583078
"101696",0.543945440301499,0.19299487594986,0.321397482552891,-0.128402606603031,-0.350950564351639,-0.222547957748608
"258623",0.166373757859417,0.0719407213444281,0.115146515399418,-0.04320579405499,-0.0944330365149892,-0.0512272424599992
"234808",1.3647460320543,0.371612229447613,0.760506247503315,-0.388894018055702,-0.993133802606684,-0.604239784550982
"486628",0.0391077573593896,0.0359640740658053,0.0374793186983718,-0.00151524463256648,-0.00314368329358426,-0.00162843866101779
"461404",0.790479542515975,0.272412986591226,0.49514512852829,-0.222732141937064,-0.518066555924749,-0.295334413987685
"572089",0.252226264004707,0.147139195881348,0.192783972275121,-0.045644776393773,-0.105087068123358,-0.0594422917295853
"176254",0.0635135594648943,0.0466667119205198,0.0548960173322528,-0.008229305411733,-0.0168468475443745,-0.00861754213264148
"478696",0.168785912766626,0.101951900857491,0.13319988848289,-0.0312479876253992,-0.0668340119091348,-0.0355860242837356
"372169",0.409016208325388,0.121559078293357,0.212080494332836,-0.0905214160394788,-0.287457130032031,-0.196935713992552
"416772",0.0478088610556864,0.0483589606890469,0.0480681590059924,0.000290801683054474,0.000550099633360446,0.000259297950305971
"545099",0.136376325918935,0.0972437451607858,0.115618849823873,-0.0183751046630868,-0.039132580758149,-0.0207574760950622
"577380",0.35192778699432,0.148798566854687,0.238225814622538,-0.0894272477678506,-0.203129220139633,-0.113701972371782
"432196",0.0981727332807607,0.0796723083581208,0.088848334228227,-0.00917602587010619,-0.0185004249226399,-0.00932439905253372
"140747",0.121827709853388,0.0922232372769805,0.107028811225356,-0.0148055739483755,-0.0296044725764071,-0.0147988986280315
"178021",0.537458555948922,0.227180700891557,0.348185748092321,-0.121005047200763,-0.310277855057364,-0.189272807856601
"88083",0.402048187032197,0.142123913584864,0.26114989957164,-0.119025985986776,-0.259924273447333,-0.140898287460557
"215204",0.0500405271742851,0.0549367918676197,0.0526532307459328,0.00228356112168691,0.0048962646933346,0.0026127035716477
"12347",0.505403287017778,0.18451446413009,0.305394982053575,-0.120880517923486,-0.320888822887689,-0.200008304964203
"542170",0.0499303919168587,0.0660250363838695,0.0580898475861686,0.00793518879770091,0.0160946444670108,0.00815945566930989
"83858",0.361345750640182,0.198514273878472,0.274872468408466,-0.0763581945299942,-0.16283147676171,-0.0864732822317159
"35939",1.27855636558942,0.232492709135022,1.27855636558942,-1.0460636564544,-1.0460636564544,0
"524077",0.155172488166623,0.171048114376647,0.163589603249044,0.0074585111276031,0.0158756262100237,0.00841711508242063
"76101",0.0238462107664529,0.0415668739833315,0.0329015938141464,0.00866528016918509,0.0177206632168786,0.00905538304769347
"132779",0.175780903815132,0.162648404472518,0.169230481015662,-0.00658207654314472,-0.0131324993426147,-0.00655042279946999
"205511",0.166631932365814,0.104791828019873,0.133055613192078,-0.0282637851722045,-0.0618401043459407,-0.0335763191737362
"356387",0.760428750212432,0.208944228706521,0.430635545780759,-0.221691317074237,-0.551484521505911,-0.329793204431674
"529434",0.187220941684569,0.0888290395859881,0.136313314680492,-0.0474842750945036,-0.0983919020985806,-0.0509076270040769
"387698",0.225471119478397,0.223899349833954,0.224644870279736,-0.000745520445782383,-0.00157176964444347,-0.000826249198661089
"554522",0.240782318722964,0.183710513813228,0.209611667158756,-0.0259011533455281,-0.0570718049097353,-0.0311706515642072
"461664",0.711215440323328,0.244125026649614,0.432651004021318,-0.188525977371704,-0.467090413673714,-0.27856443630201
"389597",0.0731304207687998,0.0642535301758795,0.0685972765687546,-0.00434374639287509,-0.00887689059292031,-0.00453314420004522
"38096",0.183648620472545,0.106441637966355,0.141685684890448,-0.0352440469240932,-0.0772069825061904,-0.0419629355820972
"304489",0.276874145964852,0.145537340197066,0.204050650553565,-0.0585133103564988,-0.131336805767785,-0.0728234954112866
"215038",0.344001980859437,0.248168568583728,0.294313449667014,-0.046144881083286,-0.0958334122757085,-0.0496885311924225
"316450",0.0714831811562145,0.0833875684026096,0.0782411594102088,0.00514640899240076,0.011904387246395,0.00675797825399424
"564796",0.108476140630295,0.0816169066319011,0.0939742308678624,-0.0123573242359613,-0.0268592339983939,-0.0145019097624326
"422936",0.121273505616885,0.0951905199979945,0.10792215978674,-0.0127316397887451,-0.0260829856188908,-0.0133513458301457
"322583",0.580692440023066,0.131591055217056,0.284124444517424,-0.152533389300368,-0.449101384806009,-0.296567995505642
"482470",0.0378544456542961,0.0279600842297882,0.0329492369245388,-0.00498915269475069,-0.00989436142450793,-0.00490520872975724
"267104",0.123817985403191,0.0947749381353774,0.108669302699737,-0.0138943645643596,-0.0290430472678135,-0.0151486827034539
"90285",0.0586154099167394,0.0488279588445155,0.0536112613147427,-0.00478330247022716,-0.00978745107222392,-0.00500414860199676
"543388",0.0278254698192526,0.0333539207434977,0.0305455135197706,0.00280840722372715,0.00552845092424513,0.00272004370051798
"123830",0.0267230133039343,0.0442536636588504,0.035656772546013,0.00859689111283738,0.0175306503549161,0.00893375924207872
"144594",0.0473904857042339,0.0396146048110564,0.043326732875135,-0.00371212806407865,-0.00777588089317754,-0.0040637528290989
"242624",0.0629314579912362,0.0978131862619584,0.0801968851558483,0.0176163011061101,0.0348817282707222,0.0172654271646121
"319032",0.138412288777247,0.0845429264869858,0.110105175640489,-0.0255622491535037,-0.053869362290261,-0.0283071131367573
"154653",7.35810318872808,1.2654796613,7.35810318872808,-6.09262352742809,-6.09262352742809,0
"483137",0.447777998920704,0.163864680511105,0.298721598671082,-0.134856918159977,-0.2839133184096,-0.149056400249622
"70060",0.0325735086796796,0.0555798966834075,0.0438346382189931,0.0117452584644144,0.0230063880037278,0.0112611295393134
"225996",0.0144692768057451,0.0185577741969812,0.0162949186970769,0.00226285549990427,0.00408849739123613,0.00182564189133186
"466761",1.86400195131152,0.228407866711691,1.86400195131152,-1.63559408459983,-1.63559408459983,0
"147874",0.0101769242226713,0.0547361568860267,0.033244018363145,0.0214921385228818,0.0445592326633555,0.0230670941404737
"469595",0.88373374553556,0.291095078542378,0.545268170470446,-0.254173091928068,-0.592638666993183,-0.338465575065115
"139557",0.0821384344982706,0.0547202124131065,0.0672365925759424,-0.0125163801628359,-0.027418222085164,-0.0149018419223281
"574918",0.0310277489834284,0.0276154552717913,0.0292747571493534,-0.00165930187756208,-0.00341229371163713,-0.00175299183407505
"96137",0.0349203644903203,0.0326741247027092,0.0337585670054816,-0.00108444230277242,-0.00224623978761111,-0.00116179748483868
"318472",0.663551531641728,0.15862273229741,0.34982359644251,-0.1912008641451,-0.504928799344318,-0.313727935199218
"140279",2.29104736211758,0.513019990279734,1.17598974946586,-0.66296975918613,-1.77802737183785,-1.11505761265172
"541534",0.399808039571258,0.17030608520289,0.279793674984952,-0.109487589782062,-0.229501954368368,-0.120014364586306
"500067",0.0927303884553621,0.101594761334563,0.097928720514012,0.0036660408205506,0.00886437287920049,0.00519833205864989
"448332",0.282276239453317,0.203057564953424,0.240763974568843,-0.0377064096154185,-0.0792186744998934,-0.0415122648844749
"419863",0.186095530191443,0.0847949699608761,0.132390082668087,-0.0475951127072107,-0.101300560230567,-0.0537054475233559
"466261",0.0789065718620855,0.0965802366496228,0.087854119170287,0.00872611747933581,0.0176736647875373,0.00894754730820146
"323910",0.699763516459553,0.236048427172821,0.428301211529046,-0.192252784356225,-0.463715089286732,-0.271462304930507
"313052",0.49604728493365,0.176938033855622,0.321396179523767,-0.144458145668145,-0.319109251078028,-0.174651105409883
"376174",0.00362707709432414,0.0442992045269188,0.0253667027688729,0.0189325017580459,0.0406721274325946,0.0217396256745488
"404869",0.0575971670621414,0.0974203188912106,0.0778230775464782,0.0195972413447324,0.0398231518290692,0.0202259104843368
"202710",0.374295222209244,0.0839454899232814,0.215864708006688,-0.131919218083406,-0.290349732285962,-0.158430514202556
"513534",0.0941790979965147,0.120315532401984,0.108028301345915,0.0122872310560686,0.0261364344054691,0.0138492033494005
"62880",0.228553103348476,0.112174886859036,0.166883050761855,-0.0547081639028198,-0.11637821648944,-0.0616700525866201
"226980",0.746808093645528,0.165908047221745,0.384563565884624,-0.218655518662878,-0.580900046423783,-0.362244527760904
"86611",0.0771160888643221,0.127471563655783,0.102766198005318,0.0247053656504647,0.0503554747914604,0.0256501091409957
"437342",0.212564896722636,0.148876384421389,0.180680449948478,-0.0318040655270897,-0.0636885123012477,-0.031884446774158
"140826",0.0679484127668373,0.0565777116954804,0.0619694455734527,-0.00539173387797226,-0.0113707010713569,-0.00597896719338464
"515485",0.0860040938914367,0.122135982150972,0.10451274879429,0.0176232333566819,0.0361318882595357,0.0185086549028538
"559844",0.333079323160398,0.148055023227932,0.236312888599336,-0.0882578653714041,-0.185024299932466,-0.0967664345610616
"336120",0.068689381311489,0.0816064046068233,0.0752216901227956,0.00638471448402775,0.0129170232953343,0.00653230881130659
"153923",0.655996109902085,0.221907424971942,0.387272807558581,-0.165365382586639,-0.434088684930143,-0.268723302343504
"11757",0.751202159002585,0.10968600418616,0.751202159002585,-0.641516154816424,-0.641516154816424,0
"70561",0.13422936201157,0.12270179164568,0.128234674179894,-0.00553288253421418,-0.0115275703658895,-0.00599468783167537
"26198",0.0944618351758251,0.076655001438756,0.0845566299309572,-0.00790162849220129,-0.0178068337370691,-0.00990520524486783
"466806",0.269576990416976,0.120394436031598,0.192441798868952,-0.0720473628373544,-0.149182554385379,-0.0771351915480242
"413045",0.279610174865241,0.190740918100269,0.233650499613431,-0.0429095815131616,-0.0888692567649716,-0.04595967525181
"439975",0.211855779743132,0.155165814034551,0.182217337515203,-0.0270515234806522,-0.0566899657085808,-0.0296384422279286
"282271",0.702081792205093,0.171195492114254,0.429035405985482,-0.257839913871229,-0.530886300090839,-0.273046386219611
"280144",0.233352925227134,0.148412004685783,0.189155227712714,-0.0407432230269312,-0.084940920541351,-0.0441976975144198
"316268",0.0801684815381991,0.0700299559468314,0.0748232517472888,-0.00479329580045737,-0.0101385255913676,-0.00534522979091025
"470015",0.00683135648905012,0.0309341976400739,0.0188959879595219,0.012038209680552,0.0241028411510238,0.0120646314704718
"362300",0.173002827789999,0.119906109765936,0.145021473291152,-0.0251153635252154,-0.053096718024063,-0.0279813544988476
"352534",0.151513136301849,0.0937698481144701,0.121199429115261,-0.0274295810007905,-0.0577432881873784,-0.0303137071865879
"292287",0.0215260943747418,0.0211533853403036,0.0213596837490772,-0.000206298408773561,-0.000372709034438146,-0.000166410625664585
"446518",0.142631695389556,0.123296669455264,0.13254318903959,-0.00924651958432578,-0.0193350259342925,-0.0100885063499667
"69809",0.0588823788683705,0.0607507343310009,0.0598736773758125,0.000877056955188492,0.00186835546263046,0.000991298507441965
"469130",0.0524764679715198,0.0561660954394928,0.0543814778367812,0.00178461760271156,0.00368962746797299,0.00190500986526142
"562072",0.0480315688770678,0.0429811520085007,0.04539691516963,-0.00241576316112925,-0.00505041686856702,-0.00263465370743777
"185098",0.0848722866787871,0.0695039729125867,0.0767621173594058,-0.00725814444681903,-0.0153683137662004,-0.00811016931938138
"385683",0.0380822588619637,0.0614864423208297,0.0504894869135849,0.0109969554072448,0.023404183458866,0.0124072280516212
"92627",0.647850978879186,0.198041000008176,0.415381494759866,-0.217340494751689,-0.44980997887101,-0.232469484119321
"22999",0.182918145321756,0.127102448398116,0.154456824285199,-0.0273543758870831,-0.0558156969236395,-0.0284613210365564
"141858",0.0350754313531542,0.0562294480994605,0.0461366048999743,0.0100928431994862,0.0211540167463063,0.0110611735468201
"43794",0.101532212856043,0.0521451978316054,0.0752330274293189,-0.0230878295977135,-0.0493870150244376,-0.0262991854267241
"171354",0.344506657357058,0.129070983069273,0.230956471662516,-0.101885488593243,-0.215435674287785,-0.113550185694542
"286775",0.284586724205389,0.0850292335158884,0.172705698259982,-0.0876764647440933,-0.199557490689501,-0.111881025945408
"74565",0.275037558992218,0.129412322677159,0.197587671605096,-0.0681753489279363,-0.145625236315058,-0.0774498873871222
"19276",0.0571596688716908,0.0808774347482048,0.06932118841499,0.0115562463332147,0.023717765876514,0.0121615195432992
"496048",0.155257578057043,0.107122104279675,0.130405361146301,-0.0232832568666263,-0.0481354737773683,-0.024852216910742
"287468",0.283672530324852,0.159659758095198,0.216577117899955,-0.0569173598047573,-0.124012772229654,-0.067095412424897
"271971",0.0821963583435639,0.0479743204377855,0.0643928984464248,-0.0164185780086393,-0.0342220379057784,-0.0178034598971391
"577893",0.0507637909195207,0.068152545277426,0.0599974702703943,0.00815507500703169,0.0173887543579052,0.00923367935087355
"186905",0.0624156344530042,0.0551526929730748,0.0583522384791059,-0.00319954550603105,-0.00726294147992936,-0.00406339597389831
"236001",0.0385005383861912,0.0916117199085936,0.0649469981066578,0.0266647218019358,0.0531111815224024,0.0264464597204666
"391876",1.42445870290798,0.18924189090921,1.42445870290798,-1.23521681199877,-1.23521681199877,0
"5795",0.101767827022458,0.0662484307594186,0.0823104308167257,-0.016062000057307,-0.0355193962630398,-0.0194573962057328
"130880",0.230671184373643,0.159746914152283,0.192052762569709,-0.0323058484174257,-0.0709242702213605,-0.0386184218039348
"480779",0.0102182689315623,0.0299446801747387,0.0195433027077956,0.0104013774669431,0.0197264112431764,0.00932503377623325
"25436",0.0813159131681791,0.0833624623517714,0.0823374430958609,0.00102501925591049,0.0020465491835923,0.00102152992768181
"392397",0.39744323856289,0.249491737500989,0.31165165005989,-0.0621599125589014,-0.147951501061901,-0.0857915885029998
"91142",0.00650730077565746,0.0231735155498387,0.0142225863785748,0.00895092917126386,0.0166662147741812,0.00771528560291734
"489677",0.234343114481536,0.0881822069935321,0.158316721372482,-0.07013451437895,-0.146160907488003,-0.0760263931090535
"476764",0.246748970538121,0.134959122837212,0.183688708136331,-0.0487295852991196,-0.111789847700909,-0.0630602624017897
"349632",0.124528789963663,0.125182219704024,0.124878184543328,0.000304035160696187,0.000653429740361422,0.000349394579665235
"327634",0.824580729550726,0.128317113446643,0.824580729550726,-0.696263616104083,-0.696263616104083,0
"70575",0.466899641164488,0.0615568309687824,0.466899641164488,-0.405342810195706,-0.405342810195706,0
"356851",0.419061669768095,0.161743723166489,0.282696821694938,-0.120953098528449,-0.257317946601606,-0.136364848073157
"97214",0.0457021816933553,0.0437331694381659,0.044623732322156,-0.000890562883990142,-0.00196901225518943,-0.00107844937119929
"298872",0.398568218202931,0.148433867732397,0.267154691986985,-0.118720824254588,-0.250134350470534,-0.131413526215946
"431238",0.0331556471576878,0.0519647297843015,0.0432401065285865,0.00872462325571497,0.0188090826266137,0.0100844593708987
"89994",2.18335167653669,0.401350347439534,2.18335167653669,-1.78200132909716,-1.78200132909716,0
"111612",0.387956363681157,0.122267472121985,0.24333866195317,-0.121071189831185,-0.265688891559172,-0.144617701727987
"227055",0.508947339948885,0.23979452213668,0.343872441718096,-0.104077919581416,-0.269152817812205,-0.165074898230789
"374500",0.461325386676048,0.150958804798863,0.254653603332272,-0.103694798533409,-0.310366581877184,-0.206671783343775
"319433",0.134467878325674,0.112951910520089,0.123235341222242,-0.0102834307021524,-0.0215159678055845,-0.0112325371034321
"40024",0.0911641120872418,0.079524154704999,0.0847858713663864,-0.00526171666138744,-0.0116399573822428,-0.00637824072085534
"261469",0.0720391100129698,0.0922103281149592,0.0830970355107799,0.00911329260417935,0.0201712181019894,0.0110579254978101
"552208",0.0980693489205324,0.0480471337832475,0.0710186065822635,-0.022971472799016,-0.0500222151372849,-0.0270507423382689
"89746",0.084917906231101,0.108185418547789,0.0971385148221809,0.0110469037256084,0.0232675123166883,0.0122206085910799
"484650",0.121358853356621,0.0485259766153583,0.0820762969983599,-0.0335503203830016,-0.0728328767412624,-0.0392825563582608
"202725",0.496621216096329,0.128540549722381,0.299789802639874,-0.171249252917493,-0.368080666373948,-0.196831413456454
"424041",0.413601129780694,0.179561538080394,0.286131597658833,-0.106570059578439,-0.2340395917003,-0.127469532121861
"518106",0.0605742887567169,0.0801169721530531,0.0705825300984684,0.00953444205458466,0.0195426833963362,0.0100082413417516
"124548",0.102660439576749,0.142317610820807,0.122606803796684,0.0197108070241232,0.0396571712440586,0.0199463642199355
"333419",0.16194797285983,0.146780831256368,0.1536043260568,-0.00682349480043284,-0.0151671416034622,-0.00834364680302938
"288439",0.145750920968686,0.0532998425322414,0.0938971523913026,-0.0405973098590612,-0.0924510784364446,-0.0518537685773834
"386270",0.0722994288892608,0.0875885171212598,0.0806432327615769,0.00694528435968292,0.015289088231999,0.00834380387231606
"448055",0.0521499797898033,0.0387095093026433,0.0454383945545812,-0.0067288852519379,-0.01344047048716,-0.00671158523522209
"100518",0.914716026875649,0.158858665430781,0.914716026875649,-0.755857361444868,-0.755857361444868,0
"291450",0.540626968237781,0.158156080765679,0.344127562272166,-0.185971481506488,-0.382470887472103,-0.196499405965615
"274393",0.240889262294652,0.13413830859658,0.186127013923845,-0.0519887053272646,-0.106750953698071,-0.0547622483708066
"342247",1.21115244275892,0.392204608071353,0.721121271026557,-0.328916662955204,-0.818947834687563,-0.490031171732359
"36611",0.00247654815066682,0.029994526278421,0.0163952960953704,0.0135992301830507,0.0275179781277542,0.0139187479447035
"303286",0.0804641101306049,0.0940834216565963,0.0872956976877069,0.00678772396888939,0.0136193115259914,0.00683158755710196
"477147",0.771439774351211,0.194210063713276,0.416755828683862,-0.222545764970586,-0.577229710637935,-0.354683945667349
"23965",0.227244179502274,0.0808096936059658,0.149962864474227,-0.0691531708682612,-0.146434485896309,-0.0772813150280473
"568515",0.294018639522369,0.125888974560548,0.198190477736613,-0.0723015031760644,-0.16812966496182,-0.095828161785756
"261204",0.164802292661505,0.165564725429459,0.165358314739936,0.000206410689523734,0.000762432767954041,0.000556022078430307
"446482",0.044836850875353,0.0241044687221666,0.0347054748089425,-0.0106010060867759,-0.0207323821531865,-0.0101313760664105
"261676",0.0553356358031345,0.0573937938852577,0.0564345546843131,0.000959239200944637,0.00205815808212319,0.00109891888117856
"36185",0.301529899918893,0.14884896485247,0.218477229624884,-0.0696282647724142,-0.152680935066423,-0.0830526702940088
"368826",0.194960988010631,0.190031691924525,0.192297769881367,-0.00226607795684153,-0.00492929608610609,-0.00266321812926457
"518283",0.0344424664850411,0.0558496467145282,0.0454324728970167,0.0104171738175115,0.021407180229487,0.0109900064119755
"527757",0.511259327262397,0.144185761358577,0.320251095661869,-0.176065334303292,-0.36707356590382,-0.191008231600528
"361130",0.183976031723067,0.0859433646462328,0.132146200543611,-0.0462028358973782,-0.0980326670768343,-0.0518298311794561
"448500",0.196723597519097,0.161169007828109,0.177474826215712,-0.0163058183876027,-0.0355545896909882,-0.0192487713033854
"350246",0.166817795730548,0.119004699621594,0.142040418142455,-0.0230357185208615,-0.0478130961089544,-0.0247773775880929
"541529",0.0217245891396577,0.0619504800741131,0.0421668424396747,0.0197836376344384,0.0402258909344554,0.020442253300017
"22509",0.0684818497205578,0.0485282540199918,0.0574922484671495,-0.00896399444715772,-0.019953595700566,-0.0109896012534083
"196508",0.0971689683909638,0.0759468078789684,0.0859279827555136,-0.00998117487654525,-0.0212221605119954,-0.0112409856354502
"281659",0.208031356877155,0.133960401830537,0.169958304461832,-0.0359979026312955,-0.074070955046618,-0.0380730524153225
"558937",0.442821492686679,0.142820007425002,0.288248910347818,-0.145428902922815,-0.300001485261677,-0.154572582338862
"482239",0.0426818232492634,0.0660255151143728,0.0551916043892504,0.0108339107251224,0.0233436918651095,0.0125097811399871
"400338",0.234900866983688,0.105684159981328,0.164241160327314,-0.0585570003459862,-0.12921670700236,-0.0706597066563741
"154597",0.583802373341242,0.207093801661599,0.386685100886452,-0.179591299224852,-0.376708571679643,-0.19711727245479
"316280",0.102227932997755,0.0981748223056876,0.100042658089314,-0.00186783578362622,-0.00405311069206742,-0.0021852749084412
"542551",0.754538612355243,0.18092418728202,0.403371087558497,-0.222446900276477,-0.573614425073223,-0.351167524796746
"418533",0.134699704598118,0.118337261679179,0.126371638053674,-0.00803437637449539,-0.016362442918939,-0.00832806654444362
"574443",0.0245165451018034,0.0268673233643018,0.0256812069519002,0.00118611641240155,0.00235077826249836,0.00116466185009681
"497157",0.0550642998898872,0.0295500195804341,0.0416984252241096,-0.0121484056436756,-0.0255142803094531,-0.0133658746657776
"157903",0.0299093399235663,0.0643916538008539,0.0472224662196097,0.0171691875812442,0.0344823138772876,0.0173131262960434
"135159",0.0430077275395134,0.0521488073177463,0.0476069159150606,0.00454189140268571,0.00914107977823286,0.00459918837554715
"61106",0.281029181604144,0.0991782754200482,0.18269429070515,-0.0835160152851014,-0.181850906184096,-0.0983348908989946
"568336",0.180956967799242,0.145169721569895,0.163160126925304,-0.0179904053554095,-0.0357872462293476,-0.0177968408739381
"342165",0.320516104223323,0.0709314085639974,0.183903242235078,-0.112971833671081,-0.249584695659326,-0.136612861988245
"505916",0.0183539339265399,0.0472574696522287,0.0327656727098779,0.0144917969423509,0.0289035357256889,0.014411738783338
"465039",0.359018859021031,0.175406650254736,0.268370920417625,-0.0929642701628888,-0.183612208766294,-0.0906479386034055
"205196",0.0748457488954992,0.0505913072952321,0.0623097862642907,-0.0117184789690586,-0.0242544416002671,-0.0125359626312085
"530084",0.20488851262976,0.152172400971459,0.177760206067305,-0.0255878050958457,-0.0527161116583015,-0.0271283065624558
"76444",0.0846385436400142,0.0352965804282319,0.0581623119304117,-0.0228657315021798,-0.0493419632117824,-0.0264762317096025
"528508",0.0431841003924959,0.0630052395455375,0.0537117353326338,0.00929350421290369,0.0198211391530415,0.0105276349401379
"197576",0.0384057881049218,0.0706416863263237,0.0554381798861717,0.015203506440152,0.0322358982214018,0.0170323917812499
"150992",0.250737352873674,0.116381005351561,0.173879447100384,-0.0574984417488231,-0.134356347522113,-0.0768579057732903
"83159",0.0611123521903884,0.0679135697853854,0.0645312133434929,0.00338235644189255,0.006801217594997,0.00341886115310445
"321140",0.190038452819894,0.121187863317419,0.153439808983512,-0.0322519456660931,-0.0688505895024745,-0.0365986438363815
"280905",0.63657751205494,0.105152563805543,0.63657751205494,-0.531424948249397,-0.531424948249397,0
"457316",0.640947098969677,0.262538228919645,0.452460681181013,-0.189922452261368,-0.378408870050032,-0.188486417788665
"65013",0.196776692802876,0.124088382808478,0.156090026162172,-0.0320016433536946,-0.0726883099943982,-0.0406866666407036
"194051",0.0351979754440821,0.0353059321645792,0.0356198989451158,-0.000313966780536648,0.000107956720497029,0.000421923501033677
"481334",0.566452237605596,0.153092908346907,0.34159157613289,-0.188498667785983,-0.413359329258689,-0.224860661472706
"494891",0.275723946639481,0.204962129666605,0.241058076459206,-0.0360959467926016,-0.0707618169728763,-0.0346658701802747
"514545",0.327330295543576,0.0951881558927618,0.195124736481993,-0.0999365805892314,-0.232142139650814,-0.132205559061582
"56214",0.0356388207739531,0.0337758729838425,0.0346266481557028,-0.00085077517186033,-0.0018629477901106,-0.00101217261825027
"197043",0.494983585079417,0.236258534323249,0.362253658155418,-0.125995123832169,-0.258725050756168,-0.132729926923999
"405721",0.0552256007404252,0.0650633495005393,0.0603269275970284,0.00473642190351089,0.00983774876011407,0.00510132685660318
"26780",0.117324028724427,0.121574626097068,0.119660864255834,0.00191376184123404,0.00425059737264093,0.00233683553140689
"26026",0.113268277658689,0.120538535487034,0.117205554775458,0.00333298071157642,0.00727025782834501,0.00393727711676858
"377634",0.307963427341207,0.117252122627759,0.197331347532941,-0.0800792249051814,-0.190711304713448,-0.110632079808266
"359327",6.81659373163265,0.264895483009467,6.81659373163265,-6.55169824862318,-6.55169824862318,0
"398298",0.014719246660418,0.0244827770730371,0.0194370011442136,0.00504577592882353,0.00976353041261914,0.00471775448379561
"348311",0.0148673419981079,0.0218551044825383,0.0181504417801485,0.00370466270238983,0.00698776248443038,0.00328309978204055
"441311",0.224292524845286,0.141694938865429,0.18093117882178,-0.0392362399563515,-0.0825975859798569,-0.0433613460235054
"30295",0.061976259133399,0.0655500899945685,0.0642746754109419,0.00127541458362659,0.00357383086116958,0.00229841627754299
"434440",0.700310925837876,0.152209676138401,0.359114363682477,-0.206904687544076,-0.548101249699475,-0.341196562155399
"520153",0.0332688873585256,0.0396000160198783,0.0365145701057817,0.00308544591409663,0.00633112866135271,0.00324568274725608
"451294",3.18216528373569,0.280486648380693,3.18216528373569,-2.901678635355,-2.901678635355,0
"172181",2.61059634509528,0.459702210471353,2.61059634509528,-2.15089413462393,-2.15089413462393,0
"548044",1.22442442831253,0.204267019496949,1.22442442831253,-1.02015740881558,-1.02015740881558,0
"212413",0.130506709989807,0.102614191321002,0.115129712474878,-0.0125155211538766,-0.0278925186688047,-0.0153769975149281
"516585",0.00450887032431105,0.0238942412064606,0.0142520444373274,0.0096421967691332,0.0193853708821496,0.00974317411301639
"36774",0.203001792509803,0.194447950253067,0.198389107375242,-0.00394115712217549,-0.00855384225673622,-0.00461268513456073
"3646",0.419220118398142,0.145819907475693,0.267174585700718,-0.121354678225025,-0.273400210922449,-0.152045532697424
"423831",0.0403342031192155,0.0438966679645366,0.0423174392078283,0.00157922875670827,0.00356246484532106,0.00198323608861279
"8757",0.158042689561353,0.0585901848796706,0.105125894427822,-0.0465357095481514,-0.0994525046816828,-0.0529167951335315
"157137",0.413595396935613,0.179073701938734,0.286943930119726,-0.107870228180992,-0.234521694996879,-0.126651466815887
"539647",0.11721426651786,0.092209874801789,0.103830224116567,-0.0116203493147785,-0.025004391716071,-0.0133840424012926
"53289",0.123247573496576,0.0453664800080133,0.082476794003133,-0.0371103139951197,-0.0778810934885632,-0.0407707794934435
"58987",0.25010318003408,0.155356406131175,0.203397998896453,-0.048041592765278,-0.0947467739029056,-0.0467051811376276
"185724",0.0460775517136277,0.0519707620343242,0.0490493747972817,0.00292138723704254,0.00589321032069653,0.00297182308365399
"65484",0.596697223422252,0.217925222558086,0.369452310581173,-0.151527088023087,-0.378772000864166,-0.227244912841078
"533837",3.50963311608014,0.358858721930658,3.50963311608014,-3.15077439414948,-3.15077439414948,0
"162246",0.194930229872623,0.128425531164034,0.160283033152018,-0.0318575019879837,-0.0665046987085892,-0.0346471967206055
"489006",0.0463408505553882,0.054188926734244,0.0507848855226051,0.00340404121163887,0.00784807617885582,0.00444403496721695
"275527",0.426727092879042,0.167069422988429,0.291037761050022,-0.123968338061593,-0.259657669890613,-0.13568933182902
"229628",0.0893826142217238,0.0436243801251509,0.0634669466263339,-0.019842566501183,-0.0457582340965729,-0.0259156675953899
"126641",0.14447045797317,0.13530645103573,0.139763259880137,-0.00445680884440691,-0.00916400693744018,-0.00470719809303327
"418958",0.0647228062462489,0.0782009381798114,0.0716090125016513,0.00659192567816012,0.0134781319335625,0.00688620625540241
"564807",0.109605106928034,0.0686483921117851,0.0873923870939025,-0.0187439949821174,-0.0409567148162484,-0.022212719834131
"17565",0.0248434350218635,0.0389804769314793,0.0320004628787358,0.0069800140527435,0.0141370419096158,0.0071570278568723
"471123",0.063434982457499,0.0983055534344223,0.0821676617060286,0.0161378917283937,0.0348705709769232,0.0187326792485296
"493485",0.0693467623170291,0.0491174700924251,0.0579449199289219,-0.00882744983649687,-0.0202292922246041,-0.0114018423881072
"215241",0.13599764810147,0.0845856610757113,0.1096771590264,-0.0250914979506889,-0.0514119870257588,-0.0263204890750699
"171020",0.464137200095248,0.265569850617095,0.36540428484219,-0.099834434225095,-0.198567349478153,-0.0987329152530578
"487228",0.0508310038238691,0.0512032359316811,0.0510382137551838,0.000165022176497283,0.000372232107811996,0.000207209931314713
"460965",0.0464870622924356,0.0601264778245646,0.0534015315387982,0.00672494628576641,0.013639415532129,0.00691446924636255
"566249",0.0257934993014628,0.0168130280140428,0.0214041569125822,-0.00459112889853932,-0.00898047128741997,-0.00438934238888065
"4455",0.246243252905778,0.148771345485626,0.194495300917686,-0.0457239554320599,-0.0974719074201519,-0.051747951988092
"296894",0.0248215540577091,0.043524494870547,0.0347631965687739,0.00876129830177307,0.0187029408128379,0.00994164251106483
"400380",1.11164887632232,0.270690861037939,0.629463035039245,-0.358772174001306,-0.840958015284381,-0.482185841283075
"367761",0.0195448707152766,0.0292935237254584,0.0243846451707946,0.00490887855466386,0.00974865301018185,0.00483977445551799
"333977",3.03234075586679,0.754900225410411,1.56171143262945,-0.806811207219043,-2.27744053045638,-1.47062932323734
"42403",0.0812443857983435,0.0797812466954035,0.0805686088175093,-0.000787362122105742,-0.00146313910293998,-0.000675776980834236
"171314",0.0526315100394301,0.0410462298453931,0.0463714742804272,-0.00532524443503419,-0.011585280194037,-0.00626003575900284
"133986",0.0115756571155551,0.0254407808001462,0.0184756921967627,0.0069650886033835,0.0138651236845911,0.00690003508120762
"422783",0.203154982016651,0.0971620485423525,0.147162858956447,-0.050000810414094,-0.105992933474299,-0.0559921230602045
"516353",0.0507847059906176,0.0663929941207551,0.0586490523454802,0.0077439417752749,0.0156082881301375,0.0078643463548626
"107849",0.171247417185278,0.0734803732632175,0.119941244820513,-0.0464608715572955,-0.0977670439220606,-0.0513061723647651
"221584",1.10789199146085,0.263126397372191,0.546181441900792,-0.283055044528601,-0.844765594088654,-0.561710549560054
"442522",0.198779938438815,0.133093552470826,0.165079011026742,-0.0319854585559155,-0.0656863859679885,-0.033700927412073
"71475",0.10889954354439,0.110291254675977,0.109625857433927,0.000665397242049989,0.001391711131587,0.000726313889537006
"315591",0.0235935853737922,0.0213709668568915,0.022449894201452,-0.00107892734456052,-0.00222261851690066,-0.00114369117234014
"541675",0.0685322527410583,0.0861313862209011,0.0775603464541653,0.0085710397667358,0.0175991334798429,0.00902809371310706
"72307",0.0314778595489198,0.0619638687416461,0.0478153753399052,0.0141484934017409,0.0304860091927263,0.0163375157909854
"209725",0.307060071548941,0.0957975058034097,0.187328636521402,-0.0915311307179925,-0.211262565745532,-0.119731435027539
"388202",0.608797874560461,0.124296813766942,0.290608994052891,-0.166312180285949,-0.484501060793518,-0.31818888050757
"516889",0.113831134810962,0.0976144961360013,0.105219960597396,-0.00760546446139482,-0.0162166386749608,-0.00861117421356598
"301558",0.163094346192836,0.092581337029937,0.126854389492696,-0.0342730524627594,-0.0705130091628992,-0.0362399567001398
"88660",0.0416597152010125,0.0693467545083833,0.0557133155696764,0.0136334389387069,0.0276870393073708,0.0140536003686639
"194045",0.297778977376642,0.203481087974163,0.251349438502328,-0.0478683505281648,-0.094297889402479,-0.0464295388743143
"259728",0.213808372572033,0.152503236620072,0.181610065312273,-0.0291068286922012,-0.0613051359519611,-0.0321983072597599
"220992",0.0802029492127826,0.0272647504684803,0.0523663588906564,-0.0251016084221761,-0.0529381987443023,-0.0278365903221262
"254917",0.146724211826044,0.106797018986156,0.125016304637861,-0.0182192856517044,-0.0399271928398877,-0.0217079071881832
"339305",0.0846794355452795,0.0650874753975299,0.0752353266495249,-0.0101478512519951,-0.0195919601477497,-0.00944410889575459
"132931",2.87482236015009,0.204991021962947,2.87482236015009,-2.66983133818714,-2.66983133818714,0
"544162",0.448150996706893,0.111794662272491,0.268347879488392,-0.156553217215901,-0.336356334434402,-0.179803117218501
"68739",0.295140824237817,0.187437880123035,0.236936242941228,-0.0494983628181925,-0.107702944114782,-0.0582045812965896
"70806",0.0994423769651715,0.071244342788001,0.083679072543391,-0.01243472975539,-0.0281980341771705,-0.0157633044217805
"57625",0.019126270388544,0.0244922561843587,0.0217161396093371,0.00277611657502158,0.00536598579581466,0.00258986922079308
"162802",0.330168578239261,0.151952039941575,0.232754272735292,-0.0808022327937174,-0.178216538297686,-0.0974143055039688
"436549",0.131121760637038,0.0948201199299537,0.111712326763264,-0.0168922068333106,-0.0363016407070838,-0.0194094338737733
"412274",0.203399147389755,0.131657896198136,0.166980122120789,-0.0353222259226535,-0.071741251191619,-0.0364190252689655
"76151",0.210683009672064,0.068295377358172,0.131937445144258,-0.0636420677860856,-0.142387632313892,-0.0787455645278063
"545701",0.0117256918349952,0.0209135199450863,0.01600975516086,0.0049037647842263,0.00918782811009102,0.00428406332586473
"339340",0.393870268568662,0.228949660880152,0.292535054006503,-0.0635853931263511,-0.16492060768851,-0.101335214562159
"393435",0.176338399456928,0.149814197299088,0.16145703024841,-0.0116428329493222,-0.0265242021578395,-0.0148813692085173
"169349",0.302432145412519,0.172073640121656,0.230041959330219,-0.0579683192085637,-0.130358505290864,-0.0723901860822998
"92420",0.109615733296756,0.0464477259809951,0.0751363869918483,-0.0286886610108532,-0.0631680073157608,-0.0344793463049076
"269044",0.141070972353967,0.0866258744445326,0.1128159494533,-0.0261900750087677,-0.0544450979094345,-0.0282550229006668
"512287",0.0648895938087512,0.0870180917572728,0.0759428199606024,0.0110752717966704,0.0221284979485216,0.0110532261518512
"496272",0.119564730838617,0.0832321885359329,0.0993296232086134,-0.0160974346726805,-0.036332542302684,-0.0202351076300035
"493036",0.272399611272644,0.152413750198617,0.205750500953145,-0.0533367507545283,-0.119985861074027,-0.0666491103194987
"313636",0.533248739962973,0.321789462088385,0.410037289148504,-0.0882478270601189,-0.211459277874589,-0.12321145081447
"194288",0.191402655135044,0.122700867499402,0.155887955782555,-0.0331870882831534,-0.0687017876356422,-0.0355146993524888
"407555",0.0818228558996911,0.0923479012923466,0.0872769863280301,0.00507091496431644,0.0105250453926554,0.005454130428339
"192537",0.194149786567196,0.122260776649222,0.155144090716129,-0.0328833140669072,-0.0718890099179739,-0.0390056958510667
"93753",0.305141654100996,0.0692110844266779,0.175083112247039,-0.105872027820361,-0.235930569674318,-0.130058541853957
"467552",0.165517471670695,0.0811316114563429,0.12078211097256,-0.0396504995162175,-0.0843858602143518,-0.0447353606981343
"316452",0.153961213798938,0.0875591283292377,0.117822344144435,-0.0302632158151978,-0.0664020854697005,-0.0361388696545027
"372761",0.0560633500219008,0.0640654906579409,0.0601107780672877,0.00395471259065323,0.0080021406360401,0.00404742804538687
"59983",0.0953663824950112,0.0725197715619599,0.0828830589724217,-0.0103632874104617,-0.0228466109330513,-0.0124833235225895
"413607",0.0354283484697615,0.0340751282363695,0.0346663848857452,-0.000591256649375746,-0.001353220233392,-0.000761963584016256
"172962",0.842972819272021,0.232756051886349,0.536182706037036,-0.303426654150687,-0.610216767385672,-0.306790113234985
"253922",0.0576815742854236,0.0462059855488536,0.0513655767353678,-0.00515959118651413,-0.0114755887365699,-0.0063159975500558
"184886",0.0395977956545899,0.0741900923039259,0.0571484381574545,0.0170416541464715,0.034592296649336,0.0175506425028646
"189200",2.38343661506281,0.313144732242971,2.38343661506281,-2.07029188281984,-2.07029188281984,0
"200742",0.0976106149277032,0.14120958764288,0.120055567073654,0.0211540205692264,0.0435989727151771,0.0224449521459507
"56920",0.0227095053756427,0.0507744545262025,0.0369868626991613,0.0137875918270411,0.0280649491505597,0.0142773573235186
"62455",0.112644696050293,0.129449669654851,0.121150293489403,0.00829937616544815,0.0168049736045578,0.00850559743910966
"261517",0.0245178040237323,0.0336699966362848,0.0294043673070057,0.00426562932927912,0.00915219261255249,0.00488656328327337
"80797",0.130114252436061,0.100052552382543,0.114805841801983,-0.0147532894194397,-0.0300617000535185,-0.0153084106340788
"490733",0.197197035796363,0.0335809599547304,0.197197035796363,-0.163616075841633,-0.163616075841633,0
"340475",0.370691676949494,0.222920958667123,0.29454461955189,-0.0716236608847678,-0.147770718282371,-0.0761470573976035
"566999",0.0293264993854238,0.0483210339964993,0.0393525161952896,0.00896851780120971,0.0189945346110755,0.0100260168098658
"257392",0.0701804303098347,0.0356941642896805,0.0519989149552564,-0.0163047506655759,-0.0344862660201542,-0.0181815153545783
"435352",3.21856579025877,0.282133215980484,3.21856579025877,-2.93643257427829,-2.93643257427829,0
"351299",0.13609174434699,0.0894769900839858,0.111439582237572,-0.0219625921535863,-0.0466147542630042,-0.0246521621094179
"213815",0.0290273801633882,0.02976120559809,0.0296053349614933,0.000155870636596694,0.000733825434701796,0.000577954798105101
"482089",0.0974738086257341,0.0923583276344583,0.094594081136321,-0.0022357535018627,-0.00511548099127579,-0.00287972748941309
"570697",0.462235032187227,0.260570761311374,0.343635963489837,-0.0830652021784631,-0.201664270875853,-0.118599068697389
"482088",0.621661175710574,0.178124548337359,0.347468589704975,-0.169344041367616,-0.443536627373215,-0.274192586005599
"232096",0.0346277664950968,0.0593760108507302,0.0477966247508461,0.0115793860998842,0.0247482443556334,0.0131688582557492
"278100",0.0722619578830285,0.0935895873585795,0.0835486747589654,0.010040912599614,0.021327629475551,0.011286716875937
"8770",0.0749386990917825,0.110064855294865,0.0927179436921896,0.0173469116026758,0.0351261562030828,0.0177792446004071
"389355",0.0451218882351107,0.0307892407401297,0.0377133347808435,-0.00692409404071376,-0.014332647494981,-0.00740855345426722
"251464",0.138205249538146,0.122129381554619,0.129926653183192,-0.0077972716285738,-0.0160758679835273,-0.00827859635495351
"315170",1.40388531371598,0.297815236137766,0.703710402181463,-0.405895166043696,-1.10607007757822,-0.70017491153452
"297278",0.136853678212122,0.111875284869805,0.122934383882272,-0.0110590990124678,-0.0249783933423175,-0.0139192943298498
"29659",0.147134525124821,0.150676202142696,0.149023104841012,0.00165309730168398,0.00354167701787439,0.00188857971619041
"70250",0.200760789402709,0.153474472739906,0.175534935985819,-0.0220604632459131,-0.0472863166628031,-0.02522585341689
"481719",0.0369444620220395,0.0211163150894817,0.0290137130253063,-0.00789739793582457,-0.0158281469325578,-0.00793074899673325
"122049",0.0677608138939305,0.0464313674906979,0.0554053480632589,-0.00897398057256101,-0.0213294464032326,-0.0123554658306716
"269443",0.030871935995317,0.0351240361377853,0.0330627291233646,0.00206130701442069,0.00425210014246829,0.0021907931280476
"251539",0.0414551010710748,0.0888059813417972,0.066104111938329,0.0227018694034682,0.0473508802707224,0.0246490108672542
"495436",0.123979619170304,0.0936499515329844,0.108260646875729,-0.0146106953427446,-0.0303296676373196,-0.015718972294575
"570025",0.0336871599342236,0.0446481635020152,0.0395666706930193,0.00508149280899595,0.0109610035677916,0.00587951075879565
"245757",0.330087680008362,0.157783181424117,0.243321513367144,-0.0855383319430264,-0.172304498584245,-0.0867661666412182
"157086",0.0766311957069382,0.0701893636843113,0.0732246630925924,-0.00303529940828111,-0.00644183202262684,-0.00340653261434573
"456525",0.147205130279753,0.0929365263236872,0.118797529636373,-0.0258610033126856,-0.0542686039560655,-0.0284076006433799
"514483",0.0551131847246991,0.0459227296999084,0.050280996768755,-0.00435826706884651,-0.00919045502479061,-0.0048321879559441
"183098",0.184240595023859,0.169394343586853,0.177059911360532,-0.00766556777367944,-0.0148462514370065,-0.00718068366332708
"248040",0.146890110768294,0.134565444534833,0.140321594357675,-0.00575614982284292,-0.012324666233461,-0.00656851641061804
"222006",0.029227332826039,0.0268146233255952,0.0282993179207706,-0.0014846945951754,-0.00241270950044382,-0.000928014905268417
"223518",0.153384589805365,0.076871210397857,0.109443245447574,-0.0325720350497168,-0.0765133794075079,-0.043941344357791
"121991",0.21277790649042,0.126460250535268,0.161738556967673,-0.0352783064324046,-0.0863176559551515,-0.0510393495227469
"65150",0.212849881855554,0.0890527541452876,0.146470270924667,-0.0574175167793793,-0.123797127710266,-0.066379610930887
"205392",0.0337298537605827,0.0707649912213292,0.0523224956954139,0.0184424955259152,0.0370351374607465,0.0185926419348312
"522449",0.406696413691528,0.110018167663501,0.251278386574191,-0.14126021891069,-0.296678246028027,-0.155418027117337
"349540",0.197407445520402,0.150051283317548,0.172079714737673,-0.0220284314201253,-0.0473561622028542,-0.025327730782729
"125644",0.487282820592336,0.179249893312701,0.288070043028241,-0.10882014971554,-0.308032927279635,-0.199212777564095
"529490",0.442630209270537,0.261143180097797,0.350847093786262,-0.089703913688465,-0.18148702917274,-0.0917831154842746
"91331",0.227867989800983,0.216190605722177,0.222187336007866,-0.00599673028568934,-0.0116773840788061,-0.00568065379311672
"515489",0.161856443672717,0.0940095674515612,0.126872391378966,-0.0328628239274052,-0.0678468762211562,-0.034984052293751
"131984",0.643910584952127,0.136703396693802,0.372441899070445,-0.235738502376643,-0.507207188258325,-0.271468685881682
"222126",0.129491509429943,0.123314546619377,0.126008659868427,-0.00269411324904993,-0.00617696281056627,-0.00348284956151634
"418217",0.227276039453648,0.107092775217422,0.162504059096712,-0.0554112838792903,-0.120183264236226,-0.0647719803569358
"399028",0.498357278813312,0.17552349940692,0.327066972348276,-0.151543472941356,-0.322833779406392,-0.171290306465036
"9067",0.00710956865860987,0.013962488040069,0.0099782949263347,0.00398419311373426,0.00685291938145909,0.00286872626772483
"16773",0.135129975380155,0.115209449680277,0.125077882453962,-0.00986843277368478,-0.0199205256998781,-0.0100520929261933
"191135",0.462850328944103,0.179169415573849,0.308931668459269,-0.12976225288542,-0.283680913370253,-0.153918660484833
"361083",0.398835021245702,0.110907206506817,0.24394563052659,-0.133038424019772,-0.287927814738885,-0.154889390719112
"108146",0.0922870026563493,0.0858677212798453,0.0889836377560348,-0.00311591647618956,-0.00641928137650408,-0.00330336490031452
"284010",0.158353566512966,0.138806076312534,0.148544908327148,-0.00973883201461423,-0.0195474902004317,-0.00980865818581747
"131480",0.302644916784432,0.131994890176206,0.209107737096936,-0.077112846920729,-0.170650026608226,-0.0935371796874967
"413753",0.173684517168601,0.0765734250914716,0.117585285744928,-0.0410118606534561,-0.0971110920771296,-0.0560992314236735
"268374",0.253115124636572,0.18314205078093,0.218065088210177,-0.0349230374292472,-0.0699730738556419,-0.0350500364263946
"34838",0.0468959720592446,0.0200627424043285,0.0329765182957506,-0.012913775891422,-0.0268332296549161,-0.013919453763494
"539236",0.196183272428896,0.135323496840094,0.160318419472585,-0.0249949226324913,-0.060859775588802,-0.0358648529563107
"476032",0.312549832161693,0.160031930188609,0.229045703691566,-0.0690137735029569,-0.152517901973084,-0.0835041284701274
"395326",1.2232616426247,0.257721911151402,0.679850269210387,-0.422128358058985,-0.965539731473295,-0.54341137341431
"308931",0.144626044636522,0.0931617257881373,0.117855074720806,-0.0246933489326684,-0.0514643188483844,-0.026770969915716
"558263",0.137979612060327,0.0917162309098016,0.112879337329649,-0.0211631064198474,-0.0462633811505253,-0.0251002747306779
"439681",0.204153364661354,0.0842620800116143,0.140676603020963,-0.056414523009349,-0.119891284649739,-0.0634767616403903
"120649",0.457653145330169,0.105853570232883,0.272134251160296,-0.166280680927413,-0.351799575097285,-0.185518894169872
"77429",0.342558179493286,0.102805365065353,0.208665731445335,-0.105860366379982,-0.239752814427933,-0.133892448047951
"424463",9.10190366710068,0.979733673360636,9.10190366710068,-8.12216999374004,-8.12216999374004,0
"42015",3.24686269746393,0.460002743498697,3.24686269746393,-2.78685995396524,-2.78685995396524,0
"545603",0.228041958279527,0.120867447135981,0.170712257270012,-0.0498448101340307,-0.107174511143545,-0.0573297010095146
"253301",0.35720444380442,0.149545123812643,0.246773018425885,-0.0972278946132419,-0.207659319991777,-0.110431425378535
"24207",0.538218468456399,0.236262395584778,0.353319714152355,-0.117057318567577,-0.301956072871622,-0.184898754304044
"261585",0.50444849615551,0.158084559461851,0.280672074087922,-0.122587514626071,-0.34636393669366,-0.223776422067589
"499845",0.341667747497087,0.0996497333623697,0.215534320387399,-0.115884587025029,-0.242018014134718,-0.126133427109688
"433631",2.58769529237924,0.387229000291091,2.58769529237924,-2.20046629208815,-2.20046629208815,0
"474570",0.13988770231892,0.107070755660139,0.123364051178639,-0.0162932955185003,-0.0328169466587804,-0.01652365114028
"416153",0.203677695006742,0.0840267574258764,0.140035113722778,-0.0560083562969021,-0.119650937580866,-0.063642581283964
"121805",0.0520433319468977,0.0569083533000626,0.0545029390980595,0.00240541420200308,0.0048650213531649,0.00245960715116182
"414424",0.059667176032783,0.0675632863732741,0.0637800508441775,0.00378323552909662,0.00789611034049113,0.00411287481139451
"435686",0.232304073133327,0.208962295834916,0.219478842535112,-0.0105165467001956,-0.0233417772984106,-0.0128252305982151
"228168",0.229016304383274,0.149732764822581,0.185968662138948,-0.0362358973163673,-0.0792835395606935,-0.0430476422443261
"264157",0.219578551136137,0.133130640070497,0.175337088185257,-0.0422064481147595,-0.0864479110656396,-0.0442414629508802
"503203",0.0816432471361259,0.125995071314763,0.104497742212647,0.021497329102116,0.0443518241786367,0.0228544950765208
"567689",0.400198836907436,0.142893887966473,0.269220689392814,-0.126326801426341,-0.257304948940964,-0.130978147514623
"325472",0.220587797414622,0.147148438534951,0.179591743372313,-0.0324433048373624,-0.0734393588796715,-0.0409960540423091
"293255",0.185042483662028,0.175505237009735,0.179981071034691,-0.00447583402495622,-0.0095372466522928,-0.00506141262733659
"28819",0.0781411998205775,0.100013829925301,0.0890904874315828,0.0109233424937177,0.0218726301047231,0.0109492876110054
"481881",0.0235182168020033,0.0184448903554138,0.0210882905089521,-0.00264340015353835,-0.00507332644658953,-0.00242992629305118
"234406",0.0171058575162897,0.0364526024583321,0.0267488455980126,0.00970375686031949,0.0193467449420423,0.00964298808172286
"156545",0.347083254769903,0.151181507072295,0.244459927124109,-0.0932784200518144,-0.195901747697609,-0.102623327645794
"19308",0.0304052266206666,0.0370528720494169,0.0340472150438051,0.00300565700561179,0.00664764542875028,0.00364198842313848
"486889",0.146456034638169,0.0914764557952592,0.117577753574771,-0.0261012977795117,-0.0549795788429093,-0.0288782810633976
"28627",0.232689975856376,0.142036904740421,0.185715410963137,-0.0436785062227161,-0.0906530711159548,-0.0469745648932387
"197233",0.16064716729284,0.132104108381256,0.145157558563782,-0.0130534501825264,-0.0285430589115847,-0.0154896087290582
"189506",0.0471857906273965,0.073521004454137,0.0612128790693087,0.0123081253848283,0.0263352138267405,0.0140270884419122
"91677",0.0320696928086581,0.0411560001194397,0.0367859994746262,0.00437000064481347,0.0090863073107816,0.00471630666596814
"108388",0.0406643541391906,0.0430051012197929,0.0419519580933239,0.00105314312646895,0.0023407470806023,0.00128760395413335
"145566",0.0939512277904777,0.0580995489817731,0.0741609224183098,-0.0160613734365366,-0.0358516788087045,-0.0197903053721679
"84483",0.020262212276269,0.0518248704577341,0.037457348714241,0.0143675217434932,0.0315626581814652,0.017195136437972
"67946",0.893073989746587,0.204116689968893,0.479061464136152,-0.274944774167259,-0.688957299777693,-0.414012525610435
"485478",0.858907337638244,0.220765990060809,0.48018442314008,-0.259418433079272,-0.638141347577435,-0.378722914498164
"575734",0.0766853609368717,0.0864344171914484,0.0818820998267254,0.00455231736472303,0.00974905625457673,0.0051967388898537
"6377",0.0492954938975731,0.0716592956767342,0.0604840961614287,0.0111751995153056,0.0223638017791611,0.0111886022638556
"470075",0.198745057353769,0.111012126837797,0.152928391318261,-0.0419162644804634,-0.0877329305159717,-0.0458166660355083
"295636",1.23725542775747,0.229315631553894,1.23725542775747,-1.00793979620357,-1.00793979620357,0
"178089",2.37632024534527,0.33751686966646,2.37632024534527,-2.03880337567881,-2.03880337567881,0
"96957",0.14504292789636,0.12965069559824,0.1368447985167,-0.00719410291846001,-0.0153922322981197,-0.00819812937965966
"47837",2.74838004433478,0.38005943864956,2.74838004433478,-2.36832060568522,-2.36832060568522,0
"191331",0.236180216101106,0.171564327140328,0.203795071874177,-0.0322307447338492,-0.0646158889607777,-0.0323851442269284
"152706",0.10890323387239,0.119544078951822,0.114462139846646,0.00508193910517687,0.0106408450794325,0.00555890597425567
"179781",0.279948554162304,0.146579812685154,0.209139200032824,-0.0625593873476698,-0.13336874147715,-0.0708093541294802
"569434",0.0950817862936362,0.0901812946475762,0.0923045938638818,-0.00212329921630555,-0.00490049164606,-0.00277719242975445
"574455",0.33693436197359,0.172431742554373,0.246698279647435,-0.0742665370930617,-0.164502619419217,-0.0902360823261557
"474569",0.1623485409816,0.0752978920684899,0.116258907989471,-0.0409610159209814,-0.0870506489131104,-0.046089632992129
"117316",0.13673763891989,0.114411524052326,0.124542548470099,-0.0101310244177733,-0.0223261148675637,-0.0121950904497904
"6500",0.887222758251338,0.284177675640864,0.538623660330462,-0.254445984689599,-0.603045082610475,-0.348599097920876
"22047",0.0939025942063946,0.101088221299776,0.0975548092781429,0.00353341202163333,0.00718562709338171,0.00365221507174837
"262280",0.178172724945322,0.128548470590883,0.152436978719242,-0.023888508128359,-0.0496242543544387,-0.0257357462260797
"15262",0.0651671409754356,0.0729774256537997,0.0692577238280032,0.00371970182579646,0.0078102846783641,0.00409058285256764
"494081",0.822705780708234,0.238325998320852,0.478630166980663,-0.240304168659811,-0.584379782387382,-0.344075613727571
"424825",3.22829724103488,0.843071781304531,1.70163507662138,-0.858563295316854,-2.38522545973035,-1.52666216441349
"50510",0.269973838598293,0.177955767166864,0.219580816949096,-0.0416250497822311,-0.0920180714314286,-0.0503930216491975
"461288",0.122627586598229,0.0939448971143425,0.107599154152171,-0.013654257037828,-0.0286826894838868,-0.0150284324460587
"378783",1.34385599018724,0.398361557951018,0.775085732612712,-0.376724174661694,-0.945494432236227,-0.568770257574532
"490967",0.195734171161305,0.0793422965510824,0.133467783328538,-0.0541254867774551,-0.116391874610223,-0.0622663878327675
"385725",0.218790926983729,0.188847017579344,0.202761208173184,-0.0139141905938405,-0.0299439094043846,-0.0160297188105441
"11607",0.0321157143087984,0.0770290759883033,0.0565370928899502,0.0204919830983531,0.0449133616795049,0.0244213785811518
"234826",0.560540949761912,0.0611094530531026,0.560540949761912,-0.49943149670881,-0.49943149670881,0
"311025",0.630880985716405,0.162487000584538,0.371889608806554,-0.209402608222015,-0.468393985131867,-0.258991376909851
"188208",0.0437603273350236,0.0723705963118824,0.0577711287619709,0.0145994675499115,0.0286102689768588,0.0140108014269473
"419907",0.0519610222850679,0.0488873485550211,0.050198839283869,-0.00131149072884789,-0.00307367373004683,-0.00176218300119894
"258639",0.112746902869607,0.0478843614368752,0.0746103229697906,-0.0267259615329154,-0.0648625414327323,-0.0381365798998169
"63363",0.16380207800043,0.125108563320617,0.143544483380037,-0.0184359200594197,-0.0386935146798124,-0.0202575946203927
"80426",0.375200211330101,0.165060222529037,0.267528254913547,-0.102468032384511,-0.210139988801064,-0.107671956416553
"359653",0.277227017241596,0.254687805692337,0.266008893387778,-0.011321087695441,-0.022539211549259,-0.011218123853818
"514194",1.4563655892531,0.232624841902258,1.4563655892531,-1.22374074735084,-1.22374074735084,0
"130712",0.0427461277109056,0.0361486291473037,0.0392713876026789,-0.00312275845537514,-0.00659749856360189,-0.00347474010822676
"474641",0.0696083379611467,0.0522607917190875,0.0604788534730124,-0.0082180617539249,-0.0173475462420592,-0.00912948448813426
"199338",0.243778763449446,0.141230542552613,0.18800740168311,-0.0467768591304973,-0.102548220896834,-0.0557713617663363
"121832",0.369636946842318,0.182402470816763,0.268042801099285,-0.0856403302825219,-0.187234476025555,-0.101594145743033
"90296",0.048935046179353,0.0498906076755301,0.0493832161909075,0.000507391484622657,0.000955561496177142,0.000448170011554484
"204878",0.214800431942255,0.137772128159838,0.174171425551619,-0.0363992973917807,-0.077028303782417,-0.0406290063906364
"299526",2.61846360770925,0.359421140741762,2.61846360770925,-2.25904246696749,-2.25904246696749,0
"254257",0.149487833132273,0.0866419254896155,0.116365510583468,-0.0297235850938522,-0.0628459076426575,-0.0331223225488054
"141996",0.219053412698768,0.10157101198538,0.155059966308206,-0.053488954322826,-0.117482400713388,-0.063993446390562
"22495",0.0156700785713331,0.026162972581638,0.0208750648736947,0.00528790770794329,0.0104928940103049,0.00520498630236165
"148663",0.376267479113023,0.166097861239075,0.261452456522587,-0.0953545952835112,-0.210169617873947,-0.114815022590436
"228194",0.103856475829704,0.101110120359567,0.10245813514708,-0.00134801478751312,-0.00274635547013657,-0.00139834068262346
"176686",0.180071470005685,0.117157685191407,0.146225536277732,-0.0290678510863253,-0.0629137848142778,-0.0338459337279525
"227658",0.839430752385908,0.14983851266156,0.839430752385908,-0.689592239724348,-0.689592239724348,0
"347284",0.164901256106657,0.127649479221161,0.145602421611011,-0.01795294238985,-0.0372517768854959,-0.0192988344956459
"49848",0.576458277769562,0.199992445529659,0.343926477387071,-0.143934031857412,-0.376465832239903,-0.232531800382491
"137532",0.016015646848797,0.0468843371622183,0.0325069524743873,0.014377384687831,0.0308686903134213,0.0164913056255903
"495012",0.135647031562476,0.131992873978012,0.133751863852182,-0.00175898987417009,-0.00365415758446369,-0.0018951677102936
"38",0.04187616501861,0.0695985793220706,0.0566218720322881,0.0129767072897825,0.0277224143034606,0.0147457070136781
"306018",0.0729924843887478,0.0938119766455754,0.0837029321173263,0.0101090445282491,0.0208194922568277,0.0107104477285785
"105936",0.214060832548193,0.113168350089121,0.157124424831113,-0.0439560747419918,-0.100892482459072,-0.0569364077170801
"505511",0.0300204939216849,0.04179426400142,0.0360301526202922,0.0057641113811278,0.0117737700797351,0.00600965869860732
"116089",0.402510876049987,0.200842480878848,0.301070779332884,-0.100228298454036,-0.201668395171139,-0.101440096717103
"289492",0.175089778261217,0.12458977820322,0.148239584206123,-0.0236498060029038,-0.050500000057997,-0.0268501940550932
"234207",0.201809956293881,0.159303876702512,0.180766810894549,-0.0214629341920367,-0.0425060795913684,-0.0210431453993317
"521683",0.178356467156506,0.119367690790449,0.149200196258346,-0.0298325054678974,-0.0589887763660577,-0.0291562708981603
"418687",0.111840857082226,0.094199688372184,0.102635818572045,-0.00843613019986106,-0.0176411687100424,-0.00920503851018135
"389473",0.0595650287936768,0.0683896174654931,0.064324676511771,0.00406494095372213,0.00882458867181635,0.00475964771809422
"513174",0.0869425934695045,0.0889973750552415,0.0879759102612523,0.00102146479398921,0.00205478158573698,0.00103331679174777
"63485",0.0614798862303607,0.0510549104333616,0.0560093799856667,-0.00495446955230511,-0.0104249757969991,-0.00547050624469396
"434448",0.0621194970460722,0.0554438642070744,0.0586870831494801,-0.0032432189424057,-0.00667563283899777,-0.00343241389659207
"448434",0.0308463176568357,0.0414886965380433,0.0364450030570422,0.00504369348100107,0.0106423788812076,0.00559868540020652
"417037",0.547727617096784,0.191140888701828,0.32170986888856,-0.130568980186732,-0.356586728394956,-0.226017748208224
"27342",0.804078779862121,0.235631307544435,0.459749502745379,-0.224118195200944,-0.568447472317686,-0.344329277116742
"108611",0.0224204110419499,0.0569714692003259,0.0404675675923619,0.016503901607964,0.0345510581583759,0.0180471565504119
"276097",0.274742025413843,0.144471694420385,0.203902985211156,-0.0594312907907714,-0.130270330993458,-0.0708390402026864
"87123",0.0397050914967579,0.0489091815060492,0.0443806376235084,0.00452854388254077,0.00920409000929125,0.00467554612675049
"190414",1.21055955927095,0.265868883295918,0.59123687839604,-0.325367995100122,-0.944690675975035,-0.619322680874913
"539179",0.805470145230409,0.100882810778108,0.805470145230409,-0.704587334452301,-0.704587334452301,0
"334243",0.163977928083934,0.112131088756777,0.134381790676586,-0.0222507019198088,-0.0518468393271572,-0.0295961374073484
"433853",0.091838701024069,0.111596484977266,0.102258490572551,0.00933799440471579,0.0197577839531975,0.0104197895484817
"127710",0.013650327423278,0.0155706173855524,0.0148823474669012,0.000688269918651268,0.00192028996227448,0.00123202004362322
"2456",0.0824664307409343,0.0830967609431424,0.0828128615350261,0.000283899408116225,0.000630330202208054,0.000346430794091829
"218560",0.240450904410998,0.118756629299127,0.177278745627923,-0.0585221163287959,-0.121694275111871,-0.0631721587830749
"225016",0.161277193251291,0.138230840406638,0.149037755426231,-0.0108069150195939,-0.0230463528446532,-0.0122394378250593
"366340",0.0621966754483263,0.0667861733626901,0.0644907584649963,0.00229541489769378,0.00458949791436382,0.00229408301667004
"247016",0.051410757382282,0.0533895026202858,0.0524840386680009,0.000905463952284864,0.00197874523800378,0.00107328128571892
"65430",0.302402558104152,0.0961744900453231,0.182035397203955,-0.0858609071586316,-0.206228068058829,-0.120367160900197
"15940",0.365121410003333,0.202903665306739,0.264697049118849,-0.0617933838121107,-0.162217744696595,-0.100424360884484
"5882",0.817842889961186,0.130684622618256,0.817842889961186,-0.68715826734293,-0.68715826734293,0
"317014",0.144102326428436,0.110047234313172,0.125836986762195,-0.0157897524490227,-0.0340550921152635,-0.0182653396662408
"97782",0.0129358978099536,0.0395290353704684,0.026981603526703,0.0125474318437654,0.0265931375605147,0.0140457057167493
"65995",0.0199273315132491,0.0304178649336583,0.0251040081191336,0.00531385681452465,0.0104905334204092,0.00517667660588455
"534198",10,0.134561574629625,10,-9.86543842537037,-9.86543842537037,0
"121175",0.0368267887533038,0.0582631440835983,0.0478539707877181,0.0104091732958801,0.0214363553302944,0.0110271820344143
"269567",0.0524539695671424,0.0886970382277279,0.0715579876656978,0.0171390505620301,0.0362430686605855,0.0191040180985554
"83799",0.156041915186757,0.0572438837268016,0.102787052611065,-0.0455431688842634,-0.098798031459955,-0.0532548625756916
"41074",0.0163079278999787,0.0429333564135503,0.0309329415930677,0.0120004148204826,0.0266254285135717,0.0146250136930891
"326798",0.816970705855024,0.027542931901556,0.816970705855024,-0.789427773953468,-0.789427773953468,0
"393590",0.0935076763649431,0.0723536285593738,0.0827196377395034,-0.0103660091801296,-0.0211540478055693,-0.0107880386254397
"437544",0.570808731666087,0.143335096766449,0.292682771911713,-0.149347675145264,-0.427473634899638,-0.278125959754374
"373273",0.522365699480093,0.231578046459135,0.373124844014522,-0.141546797555386,-0.290787653020958,-0.149240855465571
"293820",0.404010240236236,0.217398892310756,0.310552222461374,-0.0931533301506181,-0.18661134792548,-0.0934580177748617
"316947",0.106702048506243,0.0920953964069072,0.0993817122850354,-0.00728631587812822,-0.0146066520993357,-0.00732033622120744
"210760",0.0249611989095937,0.0487243676795676,0.0372090660756896,0.011515301603878,0.0237631687699739,0.0122478671660959
"246806",5.22574591628689,0.801464158941892,5.22574591628689,-4.42428175734499,-4.42428175734499,0
"76381",3.7831200732451,0.511141062420818,3.7831200732451,-3.27197901082429,-3.27197901082429,0
"213840",0.154095978557193,0.146515552264268,0.149960181990645,-0.00344462972637619,-0.0075804262929241,-0.00413579656654792
"210729",0.271851855994869,0.167995759938921,0.213113220541474,-0.0451174606025523,-0.103856096055948,-0.0587386354533956
"42965",0.0825780322705027,0.0847087075587018,0.0838297496857683,0.000878957872933475,0.00213067528819912,0.00125171741526564
"78331",0.0812017992863697,0.0783417428230848,0.0796333960215249,-0.00129165319844009,-0.00286005646328485,-0.00156840326484477
"485715",0.0438919888630109,0.0494576269790922,0.0468527518177034,0.00260487516138878,0.00556563811608124,0.00296076295469246
"510694",0.471638780562043,0.218990839473253,0.318983571467167,-0.0999927319939139,-0.25264794108879,-0.152655209094876
"129049",0.0455594167192162,0.0960341054581973,0.0710526575294799,0.0249814479287174,0.0504746887389811,0.0254932408102637
"148994",0.0265066046764946,0.0179653132108984,0.0222209154837576,-0.00425560227285924,-0.00854129146559624,-0.00428568919273701
"485350",0.118346675482463,0.102217128920242,0.109828424816434,-0.0076112958961924,-0.0161295465622217,-0.00851825066602925
"481078",0.0141140381573741,0.0583042714409003,0.0356473382433733,0.022656933197527,0.0441902332835262,0.0215333000859993
"175143",0.0719525458040633,0.0555562844481865,0.0631081110487806,-0.00755182660059404,-0.0163962613558768,-0.00884443475528272
"415652",0.658145697307654,0.207577496477291,0.383954996522606,-0.176377500045315,-0.450568200830363,-0.274190700785048
"235190",0.392921132244274,0.132385662565132,0.247454481019551,-0.115068818454419,-0.260535469679142,-0.145466651224722
"312309",0.313160463678894,0.164230338553408,0.233558208719364,-0.0693278701659554,-0.148930125125486,-0.0796022549595304
"25243",0.102885429372287,0.0874564605585817,0.0951274332941816,-0.00767097273559988,-0.0154289688137055,-0.00775799607810564
"480745",0.0342417202895688,0.046797083954886,0.0412170253699171,0.00558005858496888,0.0125553636653172,0.00697530508034827
"454193",0.480593019709718,0.204038457103221,0.335677616375019,-0.131639159271798,-0.276554562606497,-0.144915403334699
"116825",0.395052721990645,0.0946355901076247,0.234353046079761,-0.139717455972137,-0.300417131883021,-0.160699675910884
"384494",0.548186018041441,0.155395100444371,0.336086430938339,-0.180691330493969,-0.39279091759707,-0.212099587103101
"358796",0.117758986587876,0.088332392801871,0.102662769373259,-0.0143303765713876,-0.0294265937860049,-0.0150962172146173
"360592",0.0254852809947706,0.0402097155762642,0.0327585284164061,0.00745118715985809,0.0147244345814937,0.00727324742163558
"516537",0.0914883852058497,0.0873670113432191,0.0892449180446289,-0.00187790670140985,-0.00412137386263063,-0.00224346716122079
"85541",0.0118129491383427,0.0412046492885752,0.0268555258093305,0.0143491234792447,0.0293917001502325,0.0150425766709878
"468642",0.109813555506273,0.0919044618933864,0.100587927011547,-0.00868346511816029,-0.0179090936128862,-0.00922562849472587
"503278",0.437049570654902,0.156600524455796,0.283326310384361,-0.126725785928565,-0.280449046199106,-0.153723260270541
"538639",0.744629422251619,0.148915010963974,0.358033636277142,-0.209118625313168,-0.595714411287645,-0.386595785974476
"537037",0.439253190382427,0.195928123610345,0.315391377736211,-0.119463254125866,-0.243325066772082,-0.123861812646216
"312963",0.0729072633734233,0.0598467179590889,0.0652676721217901,-0.00542095416270118,-0.0130605454143344,-0.00763959125163322
"287463",0.0390142393987365,0.0480737592843731,0.0439574349729116,0.00411632431146151,0.00905951988563661,0.0049431955741751
"435751",0.260254986429635,0.136797917320084,0.18948214736536,-0.0526842300452758,-0.123457069109551,-0.0707728390642753
"520442",0.284846278761985,0.173425466643038,0.224268174506223,-0.0508427078631858,-0.111420812118947,-0.0605781042557615
"321998",0.137972042403424,0.0821533948377188,0.108021620087067,-0.0258682252493481,-0.0558186475657052,-0.0299504223163572
"69090",0.131011881946611,0.177760484336288,0.155854378030573,0.0219061063057157,0.0467486023896775,0.0248424960839618
"10345",0.0410431802522079,0.0671041862552799,0.0548864638507179,0.012217722404562,0.026061006003072,0.01384328359851
"425522",0.0426153194922696,0.0357191994796679,0.0390160939582292,-0.0032968944785613,-0.00689612001260172,-0.00359922553404042
"321797",0.137676755325528,0.179717348723625,0.158679149531928,0.0210381991916966,0.0420405933980971,0.0210023942064005
"519450",0.213227157870578,0.109208765754525,0.157218138048795,-0.0480093722942701,-0.104018392116053,-0.0560090198217828
"235552",0.0860294812717349,0.0943142984124719,0.0906302197324022,0.00368407868006979,0.00828481714073699,0.00460073846066721
"53876",0.163224876838392,0.134971476868173,0.149402394559367,-0.0144309176911936,-0.0282533999702191,-0.0138224822790254
"120169",0.1335692387922,0.103003242727177,0.117667470728408,-0.0146642280012307,-0.0305659960650235,-0.0159017680637928
"463133",0.179423884869175,0.11333692675255,0.145689933076474,-0.0323530063239249,-0.0660869581166252,-0.0337339517927003
"356449",0.0989179546528315,0.0696843030020929,0.0837340237331962,-0.0140497207311033,-0.0292336516507386,-0.0151839309196353
"355094",0.150310288359826,0.0973465520994707,0.121105744964148,-0.0237591928646774,-0.0529637362603553,-0.0292045433956779
"533653",0.682617446341537,0.2997810402421,0.458589287116328,-0.158808246874228,-0.382836406099437,-0.224028159225209
"510159",0.020489262995176,0.0711588904836726,0.0468573376516952,0.0243015528319775,0.0506696274884966,0.0263680746565192
"243245",0.0854492181109148,0.0618660037801615,0.0728431008357794,-0.0109770970556179,-0.0235832143307533,-0.0126061172751354
"142121",0.172107647075168,0.144398614415663,0.15767532417655,-0.0132767097608875,-0.0277090326595052,-0.0144323228986176
"202461",0.104914181693875,0.0595454891419228,0.0811667756865205,-0.0216212865445978,-0.0453686925519524,-0.0237474060073546
"53671",0.064606953763075,0.0602176098143948,0.0621294639016136,-0.00191185408721876,-0.00438934394868015,-0.00247748986146139
"497937",0.0529019158552899,0.0686837210893669,0.0612014504278116,0.00748227066155523,0.0157818052340769,0.00829953457252169
"333349",0.172590965852251,0.113396401277513,0.135872466580137,-0.0224760653026238,-0.0591945645747384,-0.0367184992721146
"461676",1.00384000036164,0.355797008064382,0.601285154050622,-0.245488145986239,-0.648042992297261,-0.402554846311022
"197231",0.11440929714609,0.144815622787962,0.129736763951456,0.015078858836506,0.030406325641872,0.015327466805366
"359470",0.00720799051166907,0.0295478286484608,0.0190985730863139,0.0104492555621469,0.0223398381367917,0.0118905825746448
"130661",0.492977096515859,0.185689195505275,0.332971367505971,-0.147282172000696,-0.307287901010584,-0.160005729009888
"521702",0.027574169655327,0.043291951316429,0.0354767436813197,0.00781520763510923,0.015717781661102,0.00790257402599273
"556261",0.0643274144462931,0.107675312028687,0.086125749412573,0.0215495626161139,0.0433478975823939,0.0217983349662799
"289171",0.119903188498312,0.0651760654016798,0.090295281252718,-0.0251192158510382,-0.054727123096632,-0.0296079072455939
"537202",0.701887425687252,0.213286417285641,0.400653385712527,-0.187366968426886,-0.488601008401612,-0.301234039974726
"60409",6.0585311564379,0.323067823270973,6.0585311564379,-5.73546333316693,-5.73546333316693,0
"441716",0.632257463160688,0.144223507285718,0.317394474041563,-0.173170966755846,-0.488033955874971,-0.314862989119125
"312752",0.434107883090664,0.168487797534308,0.287845526937842,-0.119357729403535,-0.265620085556356,-0.146262356152822
"327662",0.0977488594098964,0.0908642203870006,0.0938300947584384,-0.00296587437143775,-0.00688463902289581,-0.00391876465145806
"178470",0.360190654769456,0.183248868604071,0.264649482810819,-0.0814006142067486,-0.176941786165385,-0.0955411719586367
"213077",0.303468065776559,0.21721906218649,0.259428464213317,-0.0422094020268273,-0.0862490035900697,-0.0440396015632423
"356117",0.196772340308492,0.128359882329,0.161045997164892,-0.0326861148358918,-0.0684124579794921,-0.0357263431436003
"166072",0.0709539778253161,0.0752719655927164,0.073304026368394,0.00196793922432237,0.00431798776740028,0.00235004854307791
"172365",0.155860994951537,0.0989036766511855,0.125068687729134,-0.0261650110779485,-0.0569573183003512,-0.0307923072224027
"95842",0.0533041885312623,0.0413583824332644,0.047245715407279,-0.00588733297401457,-0.0119458060979979,-0.00605847312398333
"571323",0.0259852338523883,0.04702380725536,0.0375298840384466,0.00949392321691334,0.0210385734029717,0.0115446501860583
"334174",0.560932919612306,0.14843814150068,0.339972245682773,-0.191534104182093,-0.412494778111626,-0.220960673929533
"404713",0.0912002337329873,0.0752040941832977,0.0830723318546422,-0.00786823767134458,-0.0159961395496896,-0.00812790187834503
"388313",0.17152800257633,0.110697251714941,0.139571006158858,-0.0288737544439168,-0.0608307508613883,-0.0319569964174714
"188328",1.14309752329569,0.392706478088717,0.68139891233894,-0.288692434250223,-0.750391045206976,-0.461698610956753
"3038",0.520962118731135,0.113520246270541,0.294940640491715,-0.181420394221175,-0.407441872460594,-0.226021478239419
"214396",0.0345141567789991,0.0456685563902559,0.0401220484478156,0.00554650794244023,0.0111543996112568,0.00560789166881655
"329427",0.0540784344468835,0.1138815912244,0.0840155134802072,0.0298660777441928,0.0598031567775165,0.0299370790333237
"435838",0.0435921501094452,0.0300578716735613,0.0366685196937695,-0.00661064802020819,-0.0135342784358839,-0.00692363041567569
"16088",0.0324375179186309,0.049148864056317,0.0407970613533208,0.00835180270299622,0.0167113461376861,0.00835954343468989
"467963",0.355319757141762,0.149032916525457,0.243822379304549,-0.0947894627790924,-0.206286840616306,-0.111497377837213
"300992",0.108048565597769,0.115100553276325,0.111617081048257,0.00348347222806815,0.00705198767855593,0.00356851545048778
"194712",0.320614491933375,0.152706569957393,0.227025071209371,-0.0743185012519774,-0.167907921975982,-0.0935894207240044
"236837",0.0597583501095274,0.0403429512294316,0.0492221112684916,-0.00887916003906,-0.0194153988800958,-0.0105362388410358
"350823",0.238380742320191,0.210352797905765,0.223677566833862,-0.0133247689280973,-0.0280279444144259,-0.0147031754863285
"323241",0.0853608559781127,0.0842688488499542,0.0847713256813219,-0.000502476831367643,-0.00109200712815848,-0.000589530296790833
"527034",0.0353071145084845,0.0537698488541929,0.0444906017835784,0.00927924707061448,0.0184627343457084,0.0091834872750939
"483841",0.415389207077921,0.174981656338488,0.287296073763713,-0.112314417425224,-0.240407550739433,-0.128093133314208
"336438",0.0890579853693926,0.0808561624964736,0.0848382871218718,-0.00398212462539821,-0.00820182287291897,-0.00421969824752076
"57294",2.15851810529785,0.611534694181291,1.20541414189986,-0.59387944771857,-1.54698341111656,-0.953103963397987
"497438",3.48534661312074,0.278798431318949,3.48534661312074,-3.20654818180179,-3.20654818180179,0
"243044",0.123429308789007,0.10705963225436,0.114699138139163,-0.00763950588480315,-0.0163696765346464,-0.00873017064984326
"267388",0.1981457147294,0.0723006233254461,0.126788146784944,-0.0544875234594978,-0.125845091403954,-0.0713575679444563
"131735",0.216832802651864,0.139702559378196,0.178068862963559,-0.0383663035853631,-0.0771302432736681,-0.038763939688305
"177444",0.0494297785685552,0.0429351183000348,0.0459979497110397,-0.00306283141100491,-0.00649466026852042,-0.00343182885751551
"490759",0.132301806240511,0.146795979480214,0.139537672495278,0.00725830698493657,0.0144941732397034,0.00723586625476685
"353209",0.159403786965195,0.113736275606679,0.134766689966311,-0.021030414359632,-0.0456675113585163,-0.0246370969988843
"570454",0.0203361819951287,0.0375441456252386,0.0294881787766118,0.00805596684862679,0.01720796363011,0.00915199678148317
"338139",0.0229138931822486,0.0594437383385247,0.0421125865080381,0.0173311518304866,0.0365298451562761,0.0191986933257895
"166247",0.0262849338254592,0.0278925368469373,0.0271073516497167,0.000785185197220546,0.00160760302147811,0.000822417824257567
"400132",0.429771618740911,0.147950355072802,0.278123766036788,-0.130173410963987,-0.281821263668109,-0.151647852704123
"372475",0.521318741245141,0.147052262356442,0.322296494825638,-0.175244232469195,-0.374266478888699,-0.199022246419503
"412512",0.16532213616704,0.117663239115758,0.14012865935599,-0.0224654202402311,-0.0476588970512812,-0.0251934768110501
"137659",0.0627154385689559,0.0584103286567866,0.0607254664276636,-0.00231513777087693,-0.00430510991216927,-0.00198997214129234
"87951",0.0536069163486126,0.0263487280960693,0.0390021063523014,-0.0126533782562321,-0.0272581882525433,-0.0146048099963112
"255942",0.484280337827733,0.19129316876149,0.296146239472158,-0.104853070710667,-0.292987169066243,-0.188134098355576
"225383",1.27634532818264,0.252414686799471,0.602940136286887,-0.350525449487416,-1.02393064138317,-0.67340519189575
"40387",0.0538845188346996,0.0618953790196914,0.0580596371688146,0.00383574185087682,0.00801086018499175,0.00417511833411493
"365871",0.0335596007066919,0.0719726631965849,0.0542682164076132,0.0177044467889717,0.0384130624898929,0.0207086157009213
"65799",0.193143518621743,0.152743896690253,0.172625828202513,-0.0198819315122599,-0.0403996219314891,-0.0205176904192292
"536293",0.0359605519380884,0.0836629388272458,0.0610423416089682,0.0226205972182776,0.0477023868891574,0.0250817896708798
"226610",0.0880457359907279,0.0913552061282025,0.0897835579989116,0.00157164812929091,0.0033094701374746,0.00173782200818369
"80029",3.21878410567327,0.598199748843399,3.21878410567327,-2.62058435682987,-2.62058435682987,0
"567996",0.178481290597078,0.114623230688173,0.145065529417777,-0.0304422987296044,-0.0638580599089049,-0.0334157611793006
"564967",0.353486744577158,0.13769502852201,0.241893530377134,-0.104198501855124,-0.215791716055148,-0.111593214200024
"145738",0.330226611354769,0.217125514604334,0.25955947083203,-0.0424339562276958,-0.113101096750434,-0.0706671405227386
"454869",0.0365585152642129,0.0711398057682429,0.0548655105938241,0.0162742951744188,0.0345812905040299,0.0183069953296112
"181571",0.689118424566317,0.167383461121066,0.419499185480588,-0.252115724359522,-0.52173496344525,-0.269619239085728
"537399",0.0251262769560714,0.0664549642707074,0.045277176991004,0.0211777872797034,0.0413286873146361,0.0201509000349326
"56039",0.0858734862793169,0.04928322738041,0.0666268479814041,-0.0173436206009941,-0.036590258898907,-0.0192466382979129
"245620",0.816840362285096,0.250740305547191,0.484072300438836,-0.233331994891645,-0.566100056737905,-0.33276806184626
"437665",0.628790727349592,0.227475739606125,0.390733638967575,-0.16325789936145,-0.401314987743467,-0.238057088382017
"256442",0.0783658629163583,0.0958684869963891,0.0873025567842501,0.00856593021213897,0.0175026240800308,0.0089366938678918
"256441",0.053972999292029,0.0980035292952305,0.0772199210201044,0.0207836082751261,0.0440305300032015,0.0232469217280754
"214585",0.559562670302264,0.167340460810374,0.351509530349428,-0.184169069539054,-0.39222220949189,-0.208053139952837
"155739",1.04970742356647,0.21863416932966,0.570669327842146,-0.352035158512486,-0.831073254236807,-0.479038095724322
"447193",0.0395005393910232,0.0346199694827115,0.0368818642818517,-0.0022618947991402,-0.0048805699083117,-0.00261867510917151
"116601",0.345035609127066,0.178363298214028,0.257826458831763,-0.0794631606177345,-0.166672310913037,-0.0872091502953027
"407302",0.175209777586164,0.122824611867866,0.144318596052114,-0.0214939841842484,-0.0523851657182984,-0.03089118153405
"301431",0.492170298336443,0.170445998878994,0.278845137643745,-0.108399138764751,-0.321724299457449,-0.213325160692698
"53560",0.0656781769666684,0.05305740823409,0.0592472527698193,-0.00618984453572936,-0.0126207687325784,-0.00643092419684908
"205110",0.0585552105459631,0.0598413690217315,0.0591605485035067,0.000680820518224788,0.00128615847576841,0.000605337957543618
"315308",0.624731951047997,0.194118322146091,0.396958790731632,-0.202840468585541,-0.430613628901906,-0.227773160316365
"109855",0.0144525891101544,0.0574221998231283,0.0370493798808304,0.0203728199422979,0.0429696107129739,0.022596790770676
"190379",0.0620628783115621,0.064367952844338,0.0632763627400086,0.00109159010432933,0.00230507453277589,0.00121348442844656
"65235",0.0494259730855311,0.0435159676169879,0.0464034180503984,-0.00288745043341054,-0.00591000546854327,-0.00302255503513273
"82782",0.072212288914542,0.0693678929984966,0.0711726066758652,-0.00180471367736859,-0.00284439591604543,-0.00103968223867684
"126638",0.177291639252085,0.0660161106724315,0.115782501205549,-0.0497663905331171,-0.111275528579653,-0.0615091380465361
"155888",0.175363102228371,0.048931223794925,0.106397612319293,-0.0574663885243678,-0.126431878433446,-0.0689654899090787
"573981",0.115688459116206,0.142153246899911,0.129432432685105,0.0127208142148063,0.0264647877837048,0.0137439735688985
"126568",0.00953460861188496,0.033578551695673,0.021210768293661,0.0123677834020121,0.0240439430837881,0.011676159681776
"29661",0.143293816673439,0.0473083369271176,0.0912130973490549,-0.0439047604219374,-0.0959854797463213,-0.0520807193243839
"480408",0.0309823105015248,0.0670034273446292,0.0496426044713466,0.0173608228732826,0.0360211168431043,0.0186602939698217
"544271",0.0391127914242689,0.030818321492735,0.0347789188805397,-0.0039605973878047,-0.00829446993153392,-0.00433387254372922
"225551",0.132148362628026,0.135901287962101,0.134131140035131,0.00177014792696994,0.00375292533407451,0.00198277740710456
"342510",0.359994108845742,0.0506782921701797,0.359994108845742,-0.309315816675562,-0.309315816675562,0
"364663",2.09934490059714,0.363949979791997,2.09934490059714,-1.73539492080515,-1.73539492080515,0
"49151",0.197204913593081,0.0753003661199278,0.13308757764244,-0.0577872115225126,-0.121904547473153,-0.0641173359506404
"294697",0.11174529072446,0.0668527408719914,0.0868911424055994,-0.0200384015336079,-0.0448925498524688,-0.0248541483188608
"70341",0.0717841562278407,0.0578711573381792,0.0641991511768886,-0.0063279938387094,-0.0139129988896615,-0.00758500505095214
"323102",0.0283362896204134,0.0730703706980318,0.0511772116292713,0.0218931590687605,0.0447340810776184,0.0228409220088579
"72302",0.0355197591834424,0.0193114346769521,0.0270924877247114,-0.00778105304775931,-0.0162083245064903,-0.00842727145873098
"433414",0.036538780660146,0.081905967160819,0.0598346866629641,0.0220712804978549,0.045367186500673,0.0232959060028181
"69086",0.0490257477113436,0.0816849866390108,0.0666408295065004,0.0150441571325104,0.0326592389276672,0.0176150817951568
"72485",0.0741515527183078,0.0964612880825709,0.0858343500603421,0.0106269380222287,0.0223097353642631,0.0116827973420344
"310216",0.10212923737045,0.110493837819033,0.10627895134066,0.00421488647837233,0.00836460044858273,0.0041497139702104
"567912",0.347105755027899,0.153416162226287,0.240557267964301,-0.0871411057380148,-0.193689592801612,-0.106548487063597
"82034",0.0196068572153594,0.0344347712887349,0.027287389481169,0.00714738180756587,0.0148279140733755,0.00768053226580961
"286858",2.64529466927397,0.301262704883563,2.64529466927397,-2.34403196439041,-2.34403196439041,0
"73144",0.339673088003211,0.182851789694862,0.256334466316759,-0.0734826766218963,-0.156821298308349,-0.0833386216864527
"142934",1.85876541522917,0.226970397930762,1.85876541522917,-1.63179501729841,-1.63179501729841,0
"278658",0.305039273787027,0.240777466654729,0.271883042411357,-0.0311055757566278,-0.0642618071322985,-0.0331562313756706
"301319",0.0635363552592085,0.0974373178675977,0.0811943986570022,0.0162429192105955,0.0339009626083892,0.0176580433977936
"321709",0.162614373047847,0.103599332206597,0.132765458900277,-0.0291661266936799,-0.05901504084125,-0.0298489141475701
"305845",0.101634627254607,0.0940734520955135,0.0976786023482309,-0.0036051502527174,-0.00756117515909301,-0.0039560249063756
"282843",0.0766341677411574,0.0335657538149474,0.0530151161666844,-0.0194493623517371,-0.04306841392621,-0.0236190515744729
"349054",0.0456722563048611,0.0725172065005178,0.0595825663951968,0.012934640105321,0.0268449501956567,0.0139103100903357
"353551",0.0261812598799549,0.0519348576998995,0.0399548735992225,0.0119799841006769,0.0257535978199446,0.0137736137192676
"85684",0.0878549149144857,0.0492177120940802,0.0678394250476976,-0.0186217129536174,-0.0386372028204055,-0.020015489866788
"224952",0.0268460842248988,0.0158743518224646,0.0216387629913211,-0.00576441116885644,-0.0109717324024342,-0.00520732123357777
"56994",3.38939288191642,0.393953639487812,3.38939288191642,-2.99543924242861,-2.99543924242861,0
"333764",0.272396215370716,0.271928746104029,0.272182523765212,-0.000253777661182786,-0.000467469266686338,-0.000213691605503552
"23119",0.28386833287343,0.182731178855562,0.230867778056289,-0.0481365992007262,-0.101137154017867,-0.0530005548171412
"149310",0.170346186607752,0.0924120717961287,0.128467019586687,-0.0360549477905584,-0.0779341148116232,-0.0418791670210649
"279573",0.0947878573167267,0.0614956679187776,0.0777254332437327,-0.016229765324955,-0.033292189397949,-0.017062424072994
"369633",0.158469700334243,0.0937279265505269,0.123904385908434,-0.0301764593579071,-0.0647417737837158,-0.0345653144258087
"147439",0.153504228419543,0.100010792445007,0.125932945073403,-0.0259221526283965,-0.0534934359745361,-0.0275712833461396
"33021",0.163349853950826,0.117450605045632,0.134968674420402,-0.0175180693747701,-0.0458992489051933,-0.0283811795304232
"140688",0.026401159107366,0.0438418830021317,0.0352330214686347,0.00860886153349704,0.0174407238947657,0.00883186236126866
"68622",0.217586503932839,0.147086592904546,0.180326874250036,-0.0332402813454895,-0.0704999110282931,-0.0372596296828036
"167889",0.0392963910515034,0.0287036096937947,0.0339345116614537,-0.00523090196765904,-0.0105927813577087,-0.00536187939004962
"123740",0.0692691034049008,0.0765025867326787,0.0730343852525649,0.00346820148011376,0.00723348332777787,0.00376528184766411
"316152",0.165204256241497,0.109038529280727,0.134565829606302,-0.0255273003255758,-0.0561657269607704,-0.0306384266351946
"83525",2.92931902518637,0.483607521999207,2.92931902518637,-2.44571150318717,-2.44571150318717,0
"7030",0.273671916919751,0.150290469322646,0.209701677207288,-0.0594112078846414,-0.123381447597104,-0.0639702397124631
"217530",0.0318165188438906,0.0458210954507856,0.0391289776518624,0.00669211779892326,0.014004576606895,0.00731245880797176
"279116",0.0914408123759403,0.0805964793170127,0.0856861196513259,-0.00508964033431319,-0.0108443330589276,-0.00575469272461442
"317774",0.42084424551133,0.196226016370405,0.278292699928759,-0.0820666835583535,-0.224618229140925,-0.142551545582571
"552832",0.172537377759583,0.0850942430349221,0.120895123516421,-0.0358008804814986,-0.087443134724661,-0.0516422542431625
"300945",0.729428644263134,0.209174740509845,0.414917115438291,-0.205742374928446,-0.520253903753289,-0.314511528824843
"415415",0.69094655794571,0.263649085043534,0.439418968897151,-0.175769883853617,-0.427297472902176,-0.251527589048559
"469735",0.256110824625058,0.200387005525368,0.224483681992694,-0.0240966764673268,-0.0557238190996902,-0.0316271426323634
"278090",0.0531154837774654,0.0962167465481842,0.076044179190099,0.0201725673580852,0.0431012627707188,0.0229286954126336
"433304",1.12460648191618,0.40487495999692,0.686585033231163,-0.281710073234243,-0.719731521919263,-0.438021448685019
"534772",0.784469912218182,0.225910391166821,0.39196377586179,-0.166053384694969,-0.558559521051361,-0.392506136356392
"563974",0.156430746046718,0.0574486343349127,0.0996495932706961,-0.0422009589357834,-0.0989821117118058,-0.0567811527760224
"65458",0.661515023265174,0.187655588443997,0.363224362869129,-0.175568774425132,-0.473859434821177,-0.298290660396045
"505294",2.95466939301046,0.876985134415394,1.34442912907375,-0.467443994658354,-2.07768425859507,-1.61024026393672
"218503",0.0298594760789143,0.0419631586856348,0.0361054373681237,0.0058577213175111,0.0121036826067205,0.00624596128920937
"377715",0.0502304708968748,0.118850876054162,0.0826963874674094,0.0361544885867531,0.0686204051572876,0.0324659165705346
"65395",0.132575539826988,0.10879864686734,0.119051263568452,-0.0102526167011114,-0.0237768929596481,-0.0135242762585367
"11756",0.0170728489921693,0.0528273585570768,0.0356295548069743,0.0171978037501025,0.0357545095649075,0.0185567058148049
"493067",0.0507100623534827,0.0485090357017599,0.04949836433305,-0.000989328631290108,-0.00220102665172276,-0.00121169802043265
"498025",0.333465674946467,0.159680224989636,0.243058145886758,-0.0833779208971222,-0.173785449956832,-0.0904075290597094
"295868",0.0483587349851841,0.0642480800146619,0.0562413093762982,0.00800677063836368,0.0158893450294778,0.00788257439111415
"397084",0.0255667375124051,0.0269049988981961,0.0262724800707031,0.000632518827492986,0.00133826138579099,0.000705742558298007
"529475",0.327818042312566,0.0975870684195319,0.202830966342556,-0.105243897923024,-0.230230973893034,-0.12498707597001
"149687",0.605089003332478,0.19843419366768,0.353711723884003,-0.155277530216322,-0.406654809664797,-0.251377279448475
"110961",0.841115440600743,0.19622816721581,0.510036134479828,-0.313807967264019,-0.644887273384933,-0.331079306120914
"28553",2.1400320809473,0.388953976698424,2.1400320809473,-1.75107810424887,-1.75107810424887,0
"258918",0.1147256735593,0.0949250908813625,0.103987816736016,-0.00906272585465376,-0.019800582677937,-0.0107378568232832
"187828",0.509494961041187,0.189478506445606,0.309285961845651,-0.119807455400046,-0.320016454595581,-0.200208999195536
"170355",0.0690769664793543,0.0949671415965345,0.0830211858712954,0.0119459557252391,0.0258901751171803,0.0139442193919411
"241222",0.309750257505519,0.125340959024419,0.214038935350983,-0.0886979763265642,-0.184409298481101,-0.0957113221545364
"221847",0.0889265476558452,0.0963157159855931,0.0930046120856595,0.00331110389993364,0.00738916832974791,0.00407806442981427
"367108",0.567747771229519,0.13953222232862,0.336929092123328,-0.197396869794709,-0.4282155489009,-0.230818679106191
"318829",0.558259715038541,0.199432319976032,0.373798184960996,-0.174365864984964,-0.358827395062509,-0.184461530077545
"39493",0.0142364939122866,0.0568004590163656,0.035455483725997,0.0213449752903686,0.0425639651040791,0.0212189898137105
"31707",1.36637411266605,0.290368435052725,0.677949366525978,-0.387580931473253,-1.07600567761333,-0.688424746140077
"260210",0.703022098483431,0.215396246612738,0.413085453361605,-0.197689206748868,-0.487625851870694,-0.289936645121826
"91122",0.0727147390158801,0.0583959449834413,0.0654089184736003,-0.00701297349015903,-0.0143187940324388,-0.00730582054227975
"117122",0.290932860046679,0.175376913992429,0.233494996778472,-0.0581180827860429,-0.115555946054249,-0.0574378632682064
"63560",1.35323826163002,0.298632135210542,0.683810482965452,-0.38517834775491,-1.05460612641948,-0.669427778664566
"445983",0.0905574276023193,0.0746896980426435,0.0813787484395139,-0.0066890503968704,-0.0158677295596759,-0.00917867916280549
"375822",1.57564471623432,0.356343512127106,0.846176144014778,-0.489832631887672,-1.21930120410721,-0.729468572219541
"83851",0.0753451727081231,0.0701332845982811,0.072604522069246,-0.00247123747096485,-0.00521188810984194,-0.00274065063887709
"93910",0.0646510908345417,0.0840929201046872,0.0744414747015503,0.00965144540313692,0.0194418292701456,0.00979038386700866
"115713",0.0182442835774133,0.0510937855261248,0.0371025962956062,0.0139911892305187,0.0328495019487116,0.0188583127181929
"438053",2.46736307212435,0.429023991516743,2.46736307212435,-2.0383390806076,-2.0383390806076,0
"525277",0.144701833960609,0.142182320415173,0.143536031596799,-0.00135371118162575,-0.00251951354543614,-0.00116580236381039
"529420",0.044168450353918,0.0462863686706607,0.0453232308104601,0.000963137860200608,0.00211791831674278,0.00115478045654217
"360436",0.220274336790045,0.176779500002653,0.19807847068086,-0.0212989706782075,-0.0434948367873928,-0.0221958661091853
"576524",0.436123920521591,0.119936956156375,0.267326268460823,-0.147389312304448,-0.316186964365217,-0.168797652060769
"158530",0.721099884936804,0.276934342458272,0.460762820957709,-0.183828478499437,-0.444165542478532,-0.260337063979095
"307442",0.273844174195416,0.205831935437353,0.239916151801592,-0.0340842163642386,-0.0680122387580627,-0.0339280223938241
"280163",0.0447464142298465,0.079751208028139,0.0622790784942734,0.0174721295338656,0.0350047937982925,0.0175326642644269
"356967",0.194093761424312,0.103838147229983,0.141831158080784,-0.0379930108508015,-0.0902556141943292,-0.0522626033435278
"25119",0.152667285918104,0.141577327951597,0.146851150843735,-0.00527382289213826,-0.0110899579665071,-0.00581613507436884
"243112",0.0512364034659883,0.0506742032959285,0.0509027704498591,-0.000228567153930569,-0.000562200170059819,-0.000333633016129251
"253088",1.48301926948465,0.255332961156197,1.48301926948465,-1.22768630832845,-1.22768630832845,0
"27138",0.0575992317801699,0.0400736542799867,0.0488807965826005,-0.00880714230261377,-0.0175255775001832,-0.00871843519756942
"328984",0.536220398699542,0.177793079935266,0.34546213026099,-0.167669050325724,-0.358427318764276,-0.190758268438552
"358456",0.117957758256388,0.0927838137105235,0.103985767373085,-0.0112019536625618,-0.0251739445458642,-0.0139719908833024
"405679",0.175391997334754,0.125302236488422,0.146704678644839,-0.021402442156417,-0.0500897608463317,-0.0286873186899147
"336373",0.195198217416894,0.102399100681459,0.14496931338765,-0.0425702127061908,-0.0927991167354354,-0.0502289040292445
"551038",0.121146850548729,0.107120639863768,0.114012406306725,-0.00689176644295732,-0.0140262106849611,-0.00713444424200374
"12994",0.169820958432409,0.0970752826223082,0.131560057631799,-0.0344847750094905,-0.0727456758101004,-0.0382609008006099
"336423",0.0149151871284214,0.0384651257963301,0.0270963841486662,0.0113687416476639,0.0235499386679088,0.0121811970202448
"485397",0.0927639637942805,0.0947358939494811,0.0937650230913441,0.000970870858136977,0.00197193015520054,0.00100105929706357
"160312",0.112848995519081,0.128770894628225,0.121156045583452,0.00761484904477312,0.0159218991091437,0.00830705006437055
"378447",2.06291411731021,0.409566099696032,0.971540688031806,-0.561974588335773,-1.65334801761418,-1.0913734292784
"108767",0.0157213057995312,0.0480140016074093,0.032155557079649,0.0158584445277604,0.0322926958078782,0.0164342512801178
"257180",1.25726508152747,0.275321204167611,0.618923705726458,-0.343602501558847,-0.981943877359858,-0.638341375801011
"189782",0.19019580431813,0.126765443004727,0.156711508517595,-0.0299460655128676,-0.0634303613134022,-0.0334842958005346
"440093",1.60100951373338,0.284948630083271,1.60100951373338,-1.31606088365011,-1.31606088365011,0
"339312",0.109228811437565,0.0805627834132592,0.0936532924516982,-0.013090509038439,-0.0286660280243059,-0.0155755189858669
"236608",0.0503348460845528,0.0466310495485751,0.0483187481446458,-0.0016876985960707,-0.00370379653597763,-0.00201609793990693
"576074",0.407489679624922,0.158494857725158,0.266176058310709,-0.107681200585551,-0.248994821899764,-0.141313621314213
"251791",0.152728161521354,0.135895963041963,0.144235307805558,-0.00833934476359502,-0.0168321984793907,-0.00849285371579572
"24668",0.0704509963025949,0.0996122817396898,0.0869561438911836,0.0126561378485062,0.029161285437095,0.0165051475885887
"278687",0.139708139046239,0.0950480811273644,0.116389398597074,-0.0213413174697096,-0.0446600579188745,-0.023318740449165
"292336",0.104690748712712,0.110933769841084,0.107857162229041,0.0030766076120432,0.00624302112837272,0.00316641351632951
"205492",0.215567867678241,0.193956114859153,0.204547700423007,-0.0105915855638534,-0.0216117528190875,-0.0110201672552341
"94649",0.110162677386996,0.0550323166982655,0.0809298197364605,-0.0258975030381951,-0.0551303606887305,-0.0292328576505354
"115610",0.516404673255383,0.185011758878413,0.304657817935507,-0.119646059057095,-0.33139291437697,-0.211746855319876
"307105",0.0301973162326705,0.0635755219675934,0.0471601385991721,0.0164153833684213,0.0333782057349229,0.0169628223665016
"545785",0.097900835802473,0.0500697142517794,0.0693807250499888,-0.0193110107982094,-0.0478311215506936,-0.0285201107524841
"414054",0.0428881879135257,0.0778475510502153,0.0610145568531725,0.0168329941970427,0.0349593631366895,0.0181263689396468
"480016",0.192404385554097,0.125116479486817,0.155339520091624,-0.0302230406048074,-0.06728790606728,-0.0370648654624726
"507989",0.1106242718831,0.104702910961643,0.107265112618033,-0.00256220165638998,-0.00592136092145749,-0.00335915926506751
"442805",0.292123934650436,0.0928212995510432,0.186958406699565,-0.0941371071485214,-0.199302635099393,-0.105165527950871
"490584",0.0796202915479574,0.061643587054816,0.0705372707680286,-0.00889368371321259,-0.0179767044931414,-0.00908302077992884
"309047",0.120836334011066,0.121244802205147,0.121062423957468,0.000182378247678722,0.000408468194080344,0.000226089946401622
"103500",0.12307491317058,0.0599505028710072,0.0892986489814736,-0.0293481461104664,-0.0631244102995726,-0.0337762641891062
"89412",0.24253520370193,0.152921157687338,0.19499374747814,-0.0420725897908016,-0.0896140460145922,-0.0475414562237907
"312769",1.59665879786373,0.092021267798183,1.59665879786373,-1.50463753006555,-1.50463753006555,0
"533370",0.297965362047564,0.126193648212316,0.210131880363931,-0.0839382321516154,-0.171771713835248,-0.0878334816836325
"440316",0.323377874968251,0.144411688226976,0.227027673061174,-0.0826159848341979,-0.178966186741275,-0.0963502019070775
"92794",0.599588439835803,0.196508076937834,0.343209161731229,-0.146701084793394,-0.403080362897969,-0.256379278104575
"454206",0.586335698554366,0.191633773780283,0.377890802879564,-0.18625702909928,-0.394701924774083,-0.208444895674802
"93356",0.184676052408264,0.132702631557887,0.157685409042402,-0.0249827774845147,-0.0519734208503769,-0.0269906433658622
"76801",0.287049235979831,0.298093444320776,0.294580932563028,0.00351251175774869,0.0110442083409455,0.00753169658319686
"171433",0.121492775409168,0.0993010630467086,0.109243551078854,-0.00994248803214499,-0.022191712362459,-0.012249224330314
"218204",0.258575758789286,0.160971699314673,0.205035069921627,-0.0440633706069548,-0.0976040594746131,-0.0535406888676583
"94928",0.140297500381297,0.0978488378244311,0.118211575623831,-0.0203627377994002,-0.0424486625568663,-0.0220859247574662
"374905",0.776988178039796,0.299589738088827,0.501428872745335,-0.201839134656507,-0.477398439950969,-0.275559305294461
"413493",0.144747381452913,0.104091361320227,0.122931049747862,-0.0188396884276351,-0.0406560201326865,-0.0218163317050514
"323352",0.0783183488968957,0.065405276880723,0.0710558144267247,-0.00565053754600173,-0.0129130720161727,-0.00726253447017097
"15628",1.41988844251446,0.276725467485807,1.41988844251446,-1.14316297502866,-1.14316297502866,0
"336561",0.183136392487737,0.149959442163858,0.164379544948043,-0.014420102784185,-0.0331769503238793,-0.0187568475396943
"265447",0.22897988226609,0.187803272930842,0.206753346893871,-0.0189500739630295,-0.0411766093352485,-0.022226535372219
"108739",0.0290625193157604,0.0207169867023953,0.0255511067047502,-0.00483412000235496,-0.00834553261336515,-0.00351141261101019
"189342",0.872056209059402,0.290639316622727,0.549223812759624,-0.258584496136897,-0.581416892436675,-0.322832396299778
"200983",0.108839161100863,0.0553706268789932,0.0764521548489029,-0.0210815279699097,-0.0534685342218694,-0.0323870062519596
"481357",0.0808636016324242,0.0786375893479014,0.0797572921410106,-0.00111970279310915,-0.00222601228452279,-0.00110630949141365
"205087",3.71503438234844,0.445143941969155,3.71503438234844,-3.26989044037929,-3.26989044037929,0
"555815",0.15066011665642,0.117514284776335,0.132518262263368,-0.0150039774870331,-0.0331458318800849,-0.0181418543930518
"555695",0.41056835771332,0.18026869790532,0.289927917861222,-0.109659219955902,-0.230299659808,-0.120640439852098
"296200",0.189825923987034,0.132654723990031,0.160136408814292,-0.0274816848242609,-0.057171199997003,-0.029689515172742
"33547",0.0361165981126088,0.0401516504340755,0.0381401005275424,0.00201154990653311,0.00403505232146663,0.00202350241493352
"90088",0.217505286939097,0.167890936826503,0.185109574547111,-0.0172186377206082,-0.0496143501125937,-0.0323957123919855
"529668",0.116014123292846,0.112419511875903,0.114072991411392,-0.00165347953548861,-0.00359461141694273,-0.00194113188145412
"351649",2.56061331370428,0.293162702002049,2.56061331370428,-2.26745061170223,-2.26745061170223,0
"377478",0.405752409042432,0.288967075465085,0.348995870120628,-0.0600287946555434,-0.116785333577347,-0.056756538921804
"45836",0.529793584061395,0.205526608098072,0.325879654715201,-0.120353046617128,-0.324266975963322,-0.203913929346194
"570785",0.756845997572421,0.286050861692943,0.484707224601685,-0.198656362908742,-0.470795135879479,-0.272138772970736
"39915",0.230364143556421,0.0215647535094936,0.230364143556421,-0.208799390046927,-0.208799390046927,0
"517184",1.18371235658161,0.257818597978894,0.663555097722163,-0.405736499743269,-0.925893758602719,-0.52015725885945
"461324",0.0607273288519861,0.0905247841314158,0.0769943159471433,0.0135304681842725,0.0297974552794297,0.0162669870951572
"102537",0.0398358407715905,0.0437478980801526,0.0417502872843574,0.0019976107957952,0.00391205730856202,0.00191444651276682
"282103",0.267761125436596,0.19000159853499,0.227232431575342,-0.0372308330403525,-0.0777595269016063,-0.0405286938612538
"414040",0.0674060617200834,0.0564225284822143,0.0610481548126587,-0.00462562633044434,-0.010983533237869,-0.00635790690742468
"57919",0.361656872312102,0.133999256698617,0.241429057020212,-0.107429800321594,-0.227657615613484,-0.12022781529189
"534557",0.0461053559024504,0.0484896241567995,0.0474021055370091,0.00108751861979043,0.00238426825434907,0.00129674963455864
"367033",0.265128503086762,0.158041006411209,0.210455817577989,-0.0524148111667803,-0.107087496675553,-0.0546726855087729
"436001",0.0211024694471409,0.0318258930067477,0.0264310076538874,0.00539488535286031,0.0107234235596067,0.00532853820674643
"568427",0.0533176464549363,0.0483853548945904,0.0505964423379763,-0.00221108744338595,-0.00493229156034586,-0.00272120411695991
"422306",0.525507497891907,0.0969573384462907,0.525507497891907,-0.428550159445617,-0.428550159445617,0
"246120",0.776633870025753,0.234467674958685,0.458997627381297,-0.224529952422612,-0.542166195067068,-0.317636242644456
"327664",2.05207121832113,0.53587978012283,1.10275725728159,-0.566877477158759,-1.5161914381983,-0.94931396103954
"27141",8.13049864429373,0.995286409222292,8.13049864429373,-7.13521223507144,-7.13521223507144,0
"378395",0.306227681823846,0.262483186529491,0.284269042632308,-0.021785856102817,-0.0437444952943549,-0.021958639191538
"559366",0.0680884517337608,0.0799471843455168,0.074244110428051,0.00570307391746575,0.011858732611756,0.00615565869429027
"447178",0.0571977273844203,0.026667047314057,0.0411359750647255,-0.0144689277506685,-0.0305306800703633,-0.0160617523196948
"484582",0.122679657263272,0.101069506315661,0.111374596231998,-0.0103050899163375,-0.0216101509476118,-0.0113050610312743
"127016",0.419890613461413,0.190285450220011,0.298662848570982,-0.108377398350971,-0.229605163241402,-0.121227764890431
"38589",0.370008201851644,0.215714572821322,0.286692473865883,-0.0709779010445608,-0.154293629030321,-0.0833157279857607
"365890",0.0319641938890325,0.0585906742555512,0.0470473912754446,0.0115432829801065,0.0266264803665187,0.0150831973864121
"20864",0.0198761805725577,0.0207752806072649,0.0203503738878305,0.000424906719434431,0.000899100034707213,0.000474193315272781
"544520",4.1532932748969,0.298665686622318,4.1532932748969,-3.85462758827458,-3.85462758827458,0
"299055",0.343782998030312,0.177571497388961,0.258095357918857,-0.0805238605298959,-0.166211500641352,-0.0856876401114558
"56911",0.0820089355509281,0.0234869412207,0.0485421672979547,-0.0250552260772547,-0.0585219943302282,-0.0334667682529734
"415810",0.0501845953613557,0.0837775904323031,0.0678781517113749,0.0158994387209282,0.0335929950709474,0.0176935563500192
"103135",0.446352315623968,0.162119510977338,0.293446925387078,-0.13132741440974,-0.28423280464663,-0.152905390236891
"69269",0.186063348819933,0.0930712622726397,0.136242079010414,-0.0431708167377742,-0.0929920865472933,-0.0498212698095192
"315240",0.076585305080711,0.0428545982935727,0.0588733583025612,-0.0160187600089885,-0.0337307067871383,-0.0177119467781498
"334478",0.792502483492,0.223591973688339,0.502838171629114,-0.279246197940775,-0.56891050980366,-0.289664311862885
"444058",0.43576609009132,0.357035501381067,0.399480739736649,-0.0424452383555826,-0.0787305887102531,-0.0362853503546705
"75794",0.591510191005044,0.425521961278967,0.501372895473845,-0.0758509341948775,-0.165988229726076,-0.0901372955311988
"213223",0.0998809438518889,0.129859020418196,0.114781778557482,0.0150772418607134,0.029978076566307,0.0149008347055936
"453316",0.0508291913250607,0.0543743080874256,0.0527548523228645,0.00161945576456109,0.00354511676236495,0.00192566099780386
"118798",0.827034156169655,0.389640906603989,0.586585748222676,-0.196944841618687,-0.437393249565666,-0.24044840794698
"321615",0.286467263947658,0.172746957492836,0.223810402851845,-0.0510634453590094,-0.113720306454822,-0.0626568610958124
"488283",0.00639953375235309,0.0320021148024737,0.0190331236000541,0.0129689912024196,0.0256025810501206,0.012633589847701
"550952",0.39824110299836,0.145464232739582,0.2666737563617,-0.121209523622118,-0.252776870258778,-0.13156734663666
"316777",0.0160664590397119,0.0496108359223419,0.0325577892276609,0.017053046694681,0.03354437688263,0.016491330187949
"353521",7.366005060567,1.04371877743212,7.366005060567,-6.32228628313488,-6.32228628313488,0
"36184",0.0935347903123034,0.0443654711160682,0.0668437995891659,-0.0224783284730978,-0.0491693191962352,-0.0266909907231374
"419310",1.19393117529767,0.375278876588709,0.689014707403087,-0.313735830814377,-0.818652298708964,-0.504916467894587
"439268",0.100729485735615,0.0836888671387037,0.0920923497648213,-0.00840348262611759,-0.0170406185969113,-0.0086371359707937
"533383",0.0851302894383615,0.110674059350321,0.097879717813079,0.0127943415372415,0.0255437699119591,0.0127494283747176
"188043",0.330773349755825,0.149263075029581,0.236170799888229,-0.0869077248586483,-0.181510274726244,-0.0946025498675957
"35891",0.142923882984333,0.144901093838466,0.143810990063776,0.00109010377468949,0.00197721085413308,0.000887107079443589
"248096",1.11078269197274,0.441139273695347,0.702966713455499,-0.261827439760152,-0.669643418277388,-0.407815978517236
"563111",0.0601671901362154,0.0433059609460066,0.0517386840831379,-0.00843272313713122,-0.0168612291902087,-0.0084285060530775
"97230",3.32979686249366,0.488936722489838,3.32979686249366,-2.84086014000382,-2.84086014000382,0
"45376",0.855632395819104,0.215813899526827,0.470284296117276,-0.254470396590448,-0.639818496292276,-0.385348099701828
"406353",0.00988505305456288,0.0211029575518926,0.0156823525775523,0.00542060497434026,0.0112179044973297,0.00579729952298945
"500108",0.249446977324805,0.138968187252722,0.190599092027271,-0.0516309047745488,-0.110478790072083,-0.058847885297534
"322012",0.075283110470204,0.0662009455504966,0.0704300902738222,-0.00422914472332561,-0.00908216491970741,-0.0048530201963818
"108864",0.218519972956095,0.155095126383899,0.184983484032077,-0.0298883576481776,-0.0634248465721956,-0.033536488924018
"384682",0.0388966402669556,0.0763235370244006,0.0594122758897424,0.0169112611346582,0.037426896757445,0.0205156356227867
"503669",0.448836458937207,0.240066549832395,0.319891976568937,-0.079825426736542,-0.208769909104812,-0.12894448236827
"236689",0.141442750567926,0.115961472696637,0.127842990808163,-0.0118815181115264,-0.0254812778712887,-0.0135997597597623
"467273",0.0517406585443529,0.0688026393813746,0.0607011754764455,0.00810146390492911,0.0170619808370217,0.00896051693209258
"265455",0.332456967854812,0.141081050688333,0.228325259862116,-0.0872442091737836,-0.191375917166479,-0.104131707992696
"269566",0.096930665745543,0.104091891679946,0.100572358974761,0.00351953270518558,0.00716122593440352,0.00364169322921794
"449221",0.541965765769106,0.323515052429536,0.413958036486244,-0.0904429840567073,-0.21845071333957,-0.128007729282863
"345737",0.121158954366433,0.0898690139742022,0.103120574648365,-0.0132515606741624,-0.031289940392231,-0.0180383797180687
"572346",0.425670154430183,0.150787682478124,0.277857614132211,-0.127069931654087,-0.274882471952059,-0.147812540297972
"557855",0.0637001719326544,0.0561826696543498,0.0597113624756596,-0.00352869282130985,-0.00751750227830458,-0.00398880945699473
"243041",0.082495345167587,0.0453665782166198,0.0624203895854155,-0.0170538113687958,-0.0371287669509672,-0.0200749555821714
"237065",0.43871484011301,0.209418036226899,0.291659941788242,-0.0822419055613423,-0.22929680388611,-0.147054898324768
"138767",0.330141921787288,0.0973893989708288,0.207564562150475,-0.110175163179646,-0.232752522816459,-0.122577359636813
"35385",0.55999795082437,0.164255899588773,0.35161198314444,-0.187356083555666,-0.395742051235597,-0.208385967679931
"195389",0.9546716248417,0.104116245367837,0.9546716248417,-0.850555379473863,-0.850555379473863,0
"53834",0.133600046682286,0.09293054565367,0.1108545552819,-0.0179240096282301,-0.0406695010286159,-0.0227454914003858
"394000",0.769320626579364,0.243027912911145,0.458215786970267,-0.215187874059122,-0.526292713668219,-0.311104839609097
"392771",0.724908287097843,0.17790896091946,0.382583289885796,-0.204674328966336,-0.546999326178383,-0.342324997212047
"351465",0.248248792355869,0.1912709215637,0.218942211669113,-0.0276712901054136,-0.0569778707921693,-0.0293065806867557
"246438",0.0264377494055443,0.0375253985711384,0.0320951637122518,0.00543023485888666,0.0110876491655941,0.00565741430670743
"293472",0.24651858176192,0.100025152765128,0.169328211454357,-0.0693030586892291,-0.146493428996792,-0.077190370307563
"147425",1.23301463025896,0.494918527426659,0.797147855433175,-0.302229328006517,-0.738096102832299,-0.435866774825783
"277041",0.0904031787766997,0.0929073657918892,0.0917467743864392,0.00116059140545,0.00250418701518945,0.00134359560973946
"281712",0.427362862629539,0.226007358745346,0.325506838334376,-0.0994994795890296,-0.201355503884193,-0.101856024295163
"367494",1.44146385865227,0.221128544891952,1.44146385865227,-1.22033531376032,-1.22033531376032,0
"96233",0.667421659647997,0.133434987528573,0.384974235318424,-0.25153924778985,-0.533986672119424,-0.282447424329574
"17275",0.0587633575922081,0.0747188526175352,0.067973586313385,0.00674526630415016,0.0159554950253271,0.00921022872117695
"468811",0.966080394958076,0.272207818692851,0.569681645262101,-0.29747382656925,-0.693872576265225,-0.396398749695975
"19572",0.128300245349772,0.148217886799957,0.13826036816632,0.0099575186336375,0.0199176414501851,0.0099601228165476
"523244",0.0869062350974198,0.0993260167715518,0.0931656214087295,0.00616039536282233,0.012419781674132,0.00625938631130968
"556839",0.00433334993131595,0.0258397974298176,0.01484123267041,0.0109985647594076,0.0215064474985017,0.010507882739094
"186490",0.0312677225162,0.060894185863397,0.0470903281415465,0.0138038577218505,0.029626463347197,0.0158226056253465
"201464",0.157390000544118,0.197707387510347,0.177397354686646,0.020310032823701,0.0403173869662292,0.0200073541425282
"332469",0.0666277172167458,0.053578875545968,0.0597597808116542,-0.00618090526568614,-0.0130488416707778,-0.00686793640509164
"389688",0.100411129872042,0.103343284495328,0.102011604735271,0.00133167976005663,0.00293215462328615,0.00160047486322952
"435225",3.28689540793493,0.250014547354803,3.28689540793493,-3.03688086058013,-3.03688086058013,0
"300584",0.0149173011919818,0.0284494466119372,0.0215668907035923,0.00688255590834487,0.0135321454199554,0.00664958951161054
"261689",0.142042881926319,0.147693726596376,0.14508789853553,0.002605828060846,0.00565084467005642,0.00304501660921042
"230423",0.666795383135212,0.154633905573956,0.339513749871974,-0.184879844298017,-0.512161477561255,-0.327281633263238
"120125",0.0669183119267847,0.045442429554999,0.05539016903889,-0.00994773948389098,-0.0214758823717857,-0.0115281428878947
"256995",0.987482130821275,0.249561336579462,0.557116062919981,-0.307554726340519,-0.737920794241814,-0.430366067901295
"511199",0.686588086758735,0.155163696678264,0.355409463773541,-0.200245767095276,-0.53142439008047,-0.331178622985194
"339830",0.09675466089917,0.077531065676995,0.0860573445665118,-0.00852627888951685,-0.019223595222175,-0.0106973163326582
"193374",0.653463501293401,0.209714454466726,0.382022827809676,-0.172308373342949,-0.443749046826674,-0.271440673483725
"71136",0.0252007579102953,0.0332022728829752,0.0290400310656814,0.00416224181729376,0.00800151497267986,0.0038392731553861
"461570",0.550310635118413,0.20694959976514,0.341726417940327,-0.134776818175187,-0.343361035353273,-0.208584217178086
"300929",0.0072403585863868,0.0244136696559513,0.0162252148266775,0.0081884548292738,0.0171733110695644,0.00898485624029065
"437553",0.245603206422721,0.0410380152389178,0.245603206422721,-0.204565191183803,-0.204565191183803,0
"169524",0.0483691549710953,0.0621265748690535,0.0553175450499836,0.00680902981906987,0.0137574198979582,0.00694839007888837
"82871",0.118727500115222,0.108805519552573,0.113506647763891,-0.00470112821131706,-0.00992198056264855,-0.00522085235133149
"199526",0.294803151304931,0.152088203258171,0.215371321589943,-0.063283118331772,-0.14271494804676,-0.0794318297149884
"33735",0.0167636402800049,0.0413478574231195,0.0297595878760739,0.0115882695470456,0.0245842171431146,0.012995947596069
"55294",0.0742763273962201,0.0729542038263511,0.0735938600923282,-0.000639656265977048,-0.00132212356986897,-0.000682467303891918
"500473",1.38648666037873,0.358685394446826,0.758790436364141,-0.400105041917316,-1.02780126593191,-0.627696224014591
"95246",0.0666376291334319,0.0811173737655756,0.0741999775148203,0.00691739625075531,0.0144797446321437,0.00756234838138843
"319318",3.31196935487581,1.03990188151243,1.5939908352458,-0.554088953733371,-2.27206747336339,-1.71797851963002
"458534",0.205041319403995,0.142261538522543,0.172164688022282,-0.0299031494997392,-0.0627797808814516,-0.0328766313817124
"76428",0.015213071189586,0.0432760817916603,0.029912031347403,0.0133640504442574,0.0280630106020743,0.014698960157817
"302591",0.0868221111465018,0.0610001009846594,0.0731205063707443,-0.0121204053860848,-0.0258220101618424,-0.0137016047757575
"410326",2.01597733060399,0.303942376215011,2.01597733060399,-1.71203495438898,-1.71203495438898,0
"254678",1.39664929138214,0.296190674000867,0.691533523987828,-0.395342849986961,-1.10045861738127,-0.705115767394312
"394796",0.275878105290699,0.170549793785365,0.22048727132975,-0.0499374775443842,-0.105328311505334,-0.0553908339609495
"85313",0.086072049431228,0.0727178811192792,0.079057295159294,-0.00633941404001474,-0.0133541683119488,-0.00701475427193403
"475566",0.0112872697814071,0.0499703966395228,0.0320498426343633,0.0179205540051596,0.0386831268581158,0.0207625728529562
"204839",0.210841693282643,0.154154357138415,0.179227007341327,-0.0250726502029121,-0.0566873361442277,-0.0316146859413157
"288657",0.524387817915634,0.259181057955861,0.367804428256383,-0.108623370300522,-0.265206759959773,-0.156583389659251
"340288",0.0354699642631514,0.0259128770573787,0.0312109363603936,-0.00529805930301492,-0.00955708720577273,-0.00425902790275781
"279622",0.174444049893314,0.0795322119552122,0.122109460518926,-0.0425772485637138,-0.094911837938102,-0.0523345893743882
"329281",0.011984473715386,0.0283598336993265,0.0199891931726365,0.00837064052668997,0.0163753599839405,0.00800471945725052
"523585",0.865310710058036,0.288390720768135,0.536650177849868,-0.248259457081733,-0.5769199892899,-0.328660532208168
"434760",0.10613306118397,0.0624038807338946,0.083222337881345,-0.0208184571474504,-0.0437291804500754,-0.022910723302625
"68890",0.0419510456522183,0.0752665416130163,0.0589904909114466,0.0162760507015697,0.033315495960798,0.0170394452592283
"162413",1.34582803513086,0.458317598848147,0.762211996994707,-0.303894398146561,-0.88751043628271,-0.583616038136149
"448011",0.024677539785017,0.0712099029282814,0.0480361851238315,0.0231737178044499,0.0465323631432644,0.0233586453388145
"469736",0.0236342762068473,0.0530460148612985,0.0385008385098477,0.0145451763514508,0.0294117386544513,0.0148665623030005
"1910",1.88894457222693,0.331625225563999,1.88894457222693,-1.55731934666293,-1.55731934666293,0
"466581",0.0175557597051673,0.0411014826288803,0.029117131008532,0.0119843516203483,0.023545722923713,0.0115613713033646
"422246",0.0435633054457328,0.08712247218565,0.0658805700039135,0.0212419021817365,0.0435591667399172,0.0223172645581807
"365138",0.267890612571005,0.288450266260649,0.278685718498389,0.00976454776226032,0.0205596536896449,0.0107951059273845
"447239",0.0913414555364553,0.116950457117526,0.104505823530406,0.0124446335871196,0.0256090015810704,0.0131643679939508
"81701",0.0430779337998847,0.0736342512903407,0.0589274176514366,0.0147068336389041,0.0305563174904559,0.0158494838515519
"292327",0.190926457240325,0.0878862858059452,0.136579485913754,-0.0486932001078085,-0.10304017143438,-0.0543469713265716
"496362",0.0632703474899644,0.074832830653836,0.0695852348192925,0.00524759583454348,0.0115624831638716,0.00631488732932807
"222484",0.0740477051909875,0.0723591059485889,0.0731317899215355,-0.00077268397294665,-0.00168859924239867,-0.00091591526945202
"119120",0.0597172883610492,0.0726896767443971,0.0665750747272896,0.00611460201710742,0.0129723883833479,0.00685778636624047
"302480",0.133429296262668,0.126295445683912,0.12970376259046,-0.00340831690654828,-0.00713385057875637,-0.0037255336722081
"7635",0.0670910230629179,0.0890483063289283,0.0793174360316977,0.00973087029723067,0.0219572832660105,0.0122264129687798
"338750",0.072613343588404,0.050106857389838,0.0603551289278291,-0.0102482715379911,-0.022506486198566,-0.0122582146605749
"254460",0.108085218594047,0.112283439402742,0.110351632530919,0.00193180687182272,0.00419822080869516,0.00226641393687244
"558153",0.0534205427838072,0.0712100379124979,0.0625390225271287,0.00867101538536923,0.0177894951286907,0.00911847974332144
"399570",0.646672264054239,0.168086120217175,0.386768616416398,-0.218682496199222,-0.478586143837064,-0.259903647637841
"140538",0.0660654191356459,0.0802560334190511,0.0735962179614714,0.00665981545757963,0.0141906142834052,0.00753079882582555
"336328",0.111453488304144,0.084555725221676,0.0977685370958746,-0.0132128118741986,-0.0268977630824678,-0.0136849512082692
"343717",0.042993147161446,0.0344552455478885,0.0385561664655341,-0.0041009209176456,-0.00853790161355753,-0.00443698069591193
"160779",0.0953285423232145,0.110413303204244,0.103425084159157,0.00698821904508758,0.0150847608810296,0.00809654183594202
"563578",0.151901794122477,0.107468692536895,0.127980225560619,-0.0205115330237246,-0.0444331015855821,-0.0239215685618575
"84081",0.071713197867768,0.163062013486503,0.120396436957225,0.0426655765292781,0.0913488156187347,0.0486832390894566
"75698",1.50503694964577,0.320225550365851,0.76699345077764,-0.44676790041179,-1.18481139927992,-0.738043498868134
"494240",0.524228161277229,0.264369739792618,0.368661297106398,-0.10429155731378,-0.259858421484611,-0.155566864170831
"467020",0.205576488613738,0.224556760197055,0.214941941739063,0.00961481845799173,0.0189802715833171,0.00936545312532533
"508714",0.276403927277062,0.154987430500314,0.208826689861961,-0.0538392593616467,-0.121416496776748,-0.0675772374151009
"560944",2.70744663018783,0.386083248547315,2.70744663018783,-2.32136338164052,-2.32136338164052,0
"329777",0.126719204454508,0.118904670935538,0.122511440255179,-0.00360676931964074,-0.00781453351896978,-0.00420776419932904
"279781",0.0370004460676614,0.0516867988127023,0.0448136735531415,0.00687312525956087,0.014686352745041,0.00781322748548009
"449949",0.137123414444103,0.0958146794697051,0.115970047114218,-0.020155367644513,-0.0413087349743978,-0.0211533673298848
"90320",0.313821852776689,0.175614113635851,0.238848267577012,-0.0632341539411603,-0.138207739140838,-0.0749735851996772
"223742",0.260646289404562,0.229137106690266,0.243880618158129,-0.014743511467863,-0.0315091827142951,-0.0167656712464321
"449726",0.158945008596508,0.13061264630817,0.143938781984669,-0.0133261356764988,-0.0283323622883375,-0.0150062266118387
"397898",0.57199972049509,0.220850635216852,0.355677157502987,-0.134826522286135,-0.351149085278238,-0.216322562992104
"530971",0.0951296954614048,0.070354575708528,0.0827536019276955,-0.0123990262191675,-0.0247751197528768,-0.0123760935337093
"256349",3.57284482189522,0.61210338402809,3.57284482189522,-2.96074143786713,-2.96074143786713,0
"63594",0.112600552557087,0.101955518076495,0.107116144651888,-0.00516062657539379,-0.0106450344805929,-0.00548440790519911
"96228",0.0550654930942531,0.142532668616122,0.0981007181294142,0.0444319504867082,0.0874671755218693,0.0430352250351611
"567782",0.144793232063835,0.0961447161588606,0.119235447109901,-0.0230907309510404,-0.0486485159049746,-0.0255577849539342
"404378",0.480045881014859,0.193373380317248,0.334693741165087,-0.14132036084784,-0.286672500697611,-0.145352139849772
"277159",3.16055690084174,1.04257750505079,1.84267993137265,-0.800102426321863,-2.11797939579095,-1.31787696946909
"474418",0.674400198490064,0.215206612617818,0.400036875271704,-0.184830262653885,-0.459193585872246,-0.274363323218361
"256298",0.730038256212714,0.258174933638391,0.449602976818141,-0.19142804317975,-0.471863322574323,-0.280435279394573
"71470",0.187023425167317,0.10227455291084,0.141875404955349,-0.0396008520445096,-0.084748872256477,-0.0451480202119675
"425039",0.0242472795198731,0.0564610006268626,0.0409742354862964,0.0154867651405663,0.0322137211069895,0.0167269559664233
"579187",0.309719950142583,0.118592693066198,0.209078531245876,-0.0904858381796776,-0.191127257076385,-0.100641418896707
"76232",0.705621701332128,0.259753757086222,0.438941030383712,-0.17918727329749,-0.445867944245906,-0.266680670948416
"328791",0.0416370145441829,0.0995944700031969,0.0710244867468285,0.0285699832563684,0.057957455459014,0.0293874722026456
"484925",0.0543935351236548,0.0790862337524025,0.0669112788981999,0.0121749548542027,0.0246926986287477,0.0125177437745451
"323140",0.70965927431324,0.256931028175599,0.440979103505426,-0.184048075329826,-0.452728246137641,-0.268680170807815
"183977",0.126353202501407,0.0627911372356687,0.0913874347155963,-0.0285962974799276,-0.0635620652657384,-0.0349657677858108
"333623",0.154555345105772,0.127217413005417,0.139243610323702,-0.0120261973182849,-0.0273379321003552,-0.0153117347820702
"347273",0.0291445645804928,0.0678309359965587,0.0485820633932178,0.0192488726033409,0.0386863714160659,0.019437498812725
"284275",1.17673750457154,0.206903624679424,1.17673750457154,-0.969833879892113,-0.969833879892113,0
"548403",0.19163451087414,0.0651126162537963,0.122063984174155,-0.0569513679203584,-0.126521894620344,-0.0695705266999854
"498825",1.51994421646808,0.298479917338055,1.51994421646808,-1.22146429913003,-1.22146429913003,0
"347789",0.588249995024112,0.139903236687206,0.295024256460302,-0.155121019773096,-0.448346758336906,-0.29322573856381
"25394",0.0291538025770303,0.042170816668587,0.0356572743772734,0.00651354229131366,0.0130170140915567,0.00650347180024306
"128734",0.142217975997656,0.101990248899295,0.121806727186733,-0.0198164782874374,-0.0402277270983607,-0.0204112488109233
"485232",0.0796359866281407,0.054423383687096,0.0660403962467516,-0.0116170125596556,-0.0252126029410447,-0.0135955903813892
"151247",0.153384663079108,0.115138214423615,0.133704337622385,-0.0185661231987699,-0.0382464486554924,-0.0196803254567224
"367121",0.0806240044239359,0.0502781285508196,0.0641114573536744,-0.0138333288028548,-0.0303458758731163,-0.0165125470702614
"309956",0.092690123618244,0.168772473374662,0.129608163224017,0.039164310150645,0.0760823497564179,0.0369180396057729
"16811",0.0179174255212893,0.039292923209186,0.0292104471293657,0.0100824760798203,0.0213754976878967,0.0112930216080764
"222177",0.806886349355432,0.227736311048472,0.457058006596131,-0.229321695547658,-0.57915003830696,-0.349828342759301
"172308",0.280714768838823,0.144609051836312,0.208171567081952,-0.0635625152456395,-0.13610571700251,-0.0725432017568709
"537479",0.160836572064478,0.168567234211856,0.16533940213816,0.00322783207369617,0.00773066214737828,0.0045028300736821
"379606",0.159181118328387,0.0767961149734491,0.115132174268233,-0.0383360592947844,-0.0823850033549379,-0.0440489440601535
"87577",0.194569855693527,0.114875670554353,0.151955911254818,-0.0370802407004648,-0.0796941851391743,-0.0426139444387095
"515574",0.132722131372964,0.138847298213949,0.135992821232798,0.00285447698115049,0.00612516684098469,0.0032706898598342
"546028",5.54490104827617,0.300173880622559,5.54490104827617,-5.24472716765361,-5.24472716765361,0
"465384",0.474591477346828,0.183503539922524,0.322432878421466,-0.138929338498942,-0.291087937424304,-0.152158598925362
"366054",0.131250629514737,0.103265015552548,0.114959387027496,-0.0116943714749479,-0.027985613962189,-0.0162912424872411
"406567",0.200423881916999,0.111687967643569,0.150559634036332,-0.0388716663927628,-0.0887359142734305,-0.0498642478806677
"457055",0.20968571416874,0.202934549291035,0.206024067336014,-0.0030895180449784,-0.00675116487770433,-0.00366164683272593
"126786",0.0236601395050047,0.0395528496329465,0.0318408971696489,0.00771195246329762,0.0158927101279418,0.00818075766464417
"247021",0.0529312921417299,0.0342364272045583,0.0429762051043392,-0.00873977789978087,-0.0186948649371716,-0.0099550870373907
"33245",0.0168814183019141,0.0470085670234962,0.0315683650047657,0.0154402020187305,0.0301271487215821,0.0146869467028516
"201298",0.108615169343618,0.111706514809636,0.110196612415585,0.0015099023940512,0.00309134546601873,0.00158144307196753
"7764",0.179269552839796,0.145979932254564,0.161569396693321,-0.0155894644387566,-0.0332896205852312,-0.0177001561464746
"62994",0.0537297552296435,0.133182920475601,0.0936947778454525,0.0394881426301488,0.0794531652459578,0.039965022615809
"415948",0.102827128850086,0.10186209667698,0.102318822882839,-0.000456726205859001,-0.000965032173106048,-0.000508305967247047
"71684",0.0316452795523215,0.0315619417753179,0.0316074849427668,-4.55431674489248e-05,-8.33377770036864e-05,-3.77946095547615e-05
"114640",0.0697220409271653,0.108425881801272,0.0906166326840674,0.0178092491172048,0.0387038408741069,0.0208945917569021
"71322",0.330664285846433,0.173833163449863,0.228230692368423,-0.0543975289185592,-0.15683112239657,-0.102433593478011
"497156",0.048601824070316,0.045016211633409,0.0467697161269245,-0.00175350449351551,-0.00358561243690707,-0.00183210794339156
"204364",0.215789051504235,0.158560446848135,0.184646099607379,-0.0260856527592441,-0.0572286046561008,-0.0311429518968567
"541601",2.28442140242514,0.346014079874502,2.28442140242514,-1.93840732255064,-1.93840732255064,0
"508465",0.13260401232204,0.09153803061192,0.111125566107723,-0.0195875354958031,-0.0410659817101202,-0.0214784462143171
"474353",0.0920223323885399,0.054835592732844,0.0722171741579228,-0.0173815814250788,-0.0371867396556959,-0.0198051582306171
"482314",0.31031499448356,0.161712634228388,0.23354808041573,-0.0718354461873416,-0.148602360255171,-0.0767669140678299
"65746",0.0947197909096822,0.135912263314316,0.116141861885515,0.019770401428801,0.0411924724046341,0.021422070975833
"62652",0.291263627729882,0.124755102946293,0.205290477791379,-0.0805353748450867,-0.166508524783589,-0.0859731499385024
"270188",3.38028302852102,0.240710023112486,3.38028302852102,-3.13957300540853,-3.13957300540853,0
"356600",1.00527680952687,0.271468300650089,0.581915253018645,-0.310446952368556,-0.73380850887678,-0.423361556508224
"442040",0.12774806912718,0.124727687030114,0.126264382737494,-0.00153669570737995,-0.00302038209706519,-0.00148368638968524
"80345",0.207528838324181,0.187638185415112,0.197606492681109,-0.00996830726599665,-0.0198906529090681,-0.00992234564307143
"334604",0.887026657207279,0.206149178244971,0.480740040310939,-0.274590862065968,-0.680877478962307,-0.406286616896339
"80191",0.166054987389433,0.0884067326707209,0.12357345011008,-0.0351667174393587,-0.0776482547187125,-0.0424815372793538
"177974",0.031588685078591,0.026323863602052,0.0288676616483081,-0.00254379804625615,-0.00526482147653904,-0.00272102343028289
"335995",0.0393395036777463,0.0593658588774225,0.0495759751519497,0.00978988372547279,0.0200263551996762,0.0102364714742034
"392401",0.180121221638032,0.14120440871028,0.158038145584821,-0.0168337368745415,-0.0389168129277516,-0.0220830760532102
"506464",0.129525366460321,0.124424776050024,0.126751632513886,-0.00232685646386216,-0.00510059041029756,-0.0027737339464354
"325221",0.0955492603751397,0.0879133896352329,0.0912046583830885,-0.00329126874785562,-0.00763587073990689,-0.00434460199205126
"516188",0.202105458309781,0.135415472707135,0.166585060408529,-0.0311695877013939,-0.0666899856026456,-0.0355203979012517
"214193",0.128338875259681,0.145604883410773,0.137007363859136,0.00859751955163715,0.0172660081510916,0.0086684885994544
"545952",0.249353322299883,0.124821997884459,0.180467919384652,-0.0556459215001929,-0.124531324415424,-0.0688854029152308
"441136",0.0439459689219657,0.0544300573775435,0.0495062582478771,0.00492379912966638,0.0104840884555778,0.00556028932591139
"44874",0.569943079374953,0.228756090364736,0.398613220362592,-0.169857129997856,-0.341186989010217,-0.171329859012361
"575497",0.0964001047184948,0.147550560867063,0.122019916715104,0.0255306441519593,0.051150456148568,0.0256198119966087
"342674",0.098861510831314,0.129524905204327,0.115303256537969,0.0142216486663574,0.0306633943730129,0.0164417457066555
"176602",0.451058843875214,0.168172977001095,0.300607995572838,-0.132435018571743,-0.282885866874119,-0.150450848302376
"442188",0.0871409288437723,0.143866894092127,0.115368839550873,0.0284980545412544,0.056725965248355,0.0282279107071005
"450192",0.151619870221825,0.143580584392595,0.147655818129443,-0.00407523373684807,-0.00803928582923014,-0.00396405209238207
"107059",0.243957045639413,0.189723461808359,0.216188871621824,-0.0264654098134648,-0.0542335838310535,-0.0277681740175887
"526140",0.132753892351531,0.103444868784609,0.117359751781199,-0.0139148829965903,-0.0293090235669219,-0.0153941405703316
"426214",4.17723479279101,0.403673476724427,4.17723479279101,-3.77356131606658,-3.77356131606658,0
"568851",0.05358636895885,0.0795960153639595,0.0670539553086736,0.0125420600552859,0.0260096464051095,0.0134675863498236
"31957",0.141202990956354,0.142357190279983,0.141804438001092,0.000552752278890456,0.00115419932362854,0.000601447044738079
"378722",0.0544991004168347,0.120840032154975,0.0875065144851014,0.0333335176698739,0.0663409317381406,0.0330074140682667
"228871",1.62377694520695,0.231438196398564,1.62377694520695,-1.39233874880838,-1.39233874880838,0
"542897",0.259108030781892,0.128672056378098,0.183991578343082,-0.0553195219649841,-0.130435974403794,-0.0751164524388098
"506492",0.186492740622181,0.126898640171013,0.155617737693796,-0.0287190975227831,-0.0595941004511682,-0.0308750029283851
"11399",0.0976981809399721,0.145832365584941,0.121603431920427,0.0242289336645138,0.0481341846449692,0.0239052509804554
"150710",0.0620548390894756,0.0614143217906665,0.0622761981036065,-0.000861876312940005,-0.000640517298809054,0.000221359014130951
"51956",0.0305719404426911,0.0787350399394623,0.0551432885729536,0.0235917513665088,0.0481630994967712,0.0245713481302624
"478817",0.462458485214064,0.194203874411692,0.28844849076896,-0.094244616357268,-0.268254610802371,-0.174009994445103
"76791",0.0653082328504925,0.0613209513307784,0.0630623876328587,-0.00174143630208024,-0.00398728151971411,-0.00224584521763387
"372804",4.40685049561724,0.333186989209068,4.40685049561724,-4.07366350640817,-4.07366350640817,0
"327904",0.0670830641716237,0.0947131479129473,0.0812434434210796,0.0134697044918677,0.0276300837413236,0.0141603792494559
"486419",0.0114118945685824,0.0385572860765883,0.0257285410619011,0.0128287450146872,0.027145391508006,0.0143166464933187
"469524",1.38025328461695,0.185003507056081,1.38025328461695,-1.19524977756087,-1.19524977756087,0
"95976",10,0.911920042625924,10,-9.08807995737408,-9.08807995737408,0
"576615",0.106963493182443,0.13178789273339,0.12115265159789,0.0106352411354995,0.0248243995509467,0.0141891584154472
"59153",0.0492502390588795,0.0829449012836161,0.0674014424172539,0.0155434588663622,0.0336946622247366,0.0181512033583744
"24596",0.379864488382521,0.157598982247094,0.259873773251391,-0.102274791004297,-0.222265506135427,-0.11999071513113
"570431",0.309339626609413,0.144242040786408,0.221416735934507,-0.077174695148098,-0.165097585823005,-0.0879228906749066
"101313",0.11598162712637,0.120028579227319,0.118143056482649,0.00188552274467076,0.00404695210094903,0.00216142935627828
"389693",0.157090980096689,0.101097262167619,0.128580112783346,-0.0274828506157269,-0.0559937179290703,-0.0285108673133433
"470376",0.235127699081346,0.157256625103179,0.195908467401172,-0.0386518422979933,-0.0778710739781664,-0.0392192316801732
"342038",0.247289069451122,0.161617424361975,0.203678509744571,-0.0420610853825958,-0.0856716450891462,-0.0436105597065503
"94893",0.021686496868471,0.0412355086851182,0.0317053993444985,0.00953010934061978,0.0195490118166472,0.0100189024760274
"75828",0.297361667244297,0.146880693059822,0.219395466765207,-0.0725147737053854,-0.150480974184475,-0.0779662004790899
"374946",0.345137261565233,0.156159920607421,0.246972515124972,-0.0908125945175509,-0.188977340957812,-0.0981647464402615
"20899",1.95951822654472,0.407307172587385,0.921465480360111,-0.514158307772726,-1.55221105395734,-1.03805274618461
"440585",0.709440060228413,0.209419989945082,0.403265867801232,-0.19384587785615,-0.500020070283331,-0.306174192427181
"525236",0.0973250032188856,0.100502239057423,0.0990159057147355,0.00148633334268797,0.00317723583853784,0.00169090249584987
"286484",0.229610656375378,0.164376011549799,0.195190677784145,-0.0308146662343462,-0.0652346448255792,-0.0344199785912329
"486900",0.114107875235988,0.12218065391959,0.118507700022818,0.00367295389677202,0.00807277868360187,0.00439982478682985
"300918",0.0367574757045329,0.0570579951590823,0.0473429501296893,0.00971504502939298,0.0203005194545494,0.0105854744251564
"383627",0.282722124183699,0.121721569246849,0.188392495812254,-0.0666709265654052,-0.16100055493685,-0.0943296283714452
"265183",0.112617966371647,0.0382783268763992,0.0739056795190802,-0.035627352642681,-0.0743396394952474,-0.0387122868525665
"94953",0.515723338947696,0.14337577441376,0.269423793263802,-0.126048018850042,-0.372347564533936,-0.246299545683894
"334513",0.59873519926812,0.129447441015594,0.343854485680215,-0.214407044664621,-0.469287758252526,-0.254880713587905
"433094",0.112169205556132,0.0972065757066915,0.104011482047174,-0.00680490634048252,-0.0149626298494409,-0.00815772350895841
"414625",2.11810131295435,0.385947755757831,2.11810131295435,-1.73215355719652,-1.73215355719652,0
"450287",0.145165868891859,0.0765158376756445,0.108026267339047,-0.0315104296634024,-0.0686500312162148,-0.0371396015528124
"296854",1.18220451591592,0.341972838001999,0.651786884772251,-0.309814046770253,-0.840231677913925,-0.530417631143672
"577964",0.038701224461624,0.047316025884205,0.0431595535337683,0.0041564723504367,0.00861480142258098,0.00445832907214428
"123310",10,1.36498003487435,10,-8.63501996512565,-8.63501996512565,0
"278017",0.237730104105493,0.16416487807235,0.198133446053041,-0.0339685679806911,-0.0735652260331427,-0.0395966580524516
"487832",0.068739104010662,0.0715342411937277,0.0702501805372341,0.00128406065649367,0.00279513718306569,0.00151107652657202
"321257",0.237168221692529,0.154131132149779,0.194695938235538,-0.0405648060857587,-0.0830370895427499,-0.0424722834569912
"149619",0.193023867728198,0.158343820581625,0.173633018975117,-0.0152891983934927,-0.0346800471465731,-0.0193908487530804
"351652",0.472381671423541,0.132805176688092,0.291267852097875,-0.158462675409784,-0.339576494735449,-0.181113819325666
"437440",0.140438572364357,0.146933100735461,0.143861653508874,0.00307144722658761,0.00649452837110431,0.0034230811445167
"320476",0.0165173079450408,0.0382084684968413,0.0276532607118113,0.01055520778503,0.0216911605518005,0.0111359527667705
"18986",0.673020664138924,0.291464289328466,0.450459754988021,-0.158995465659555,-0.381556374810459,-0.222560909150903
"452380",0.124248084754196,0.0728322175985182,0.0950877255742859,-0.0222555079757677,-0.0514158671556774,-0.0291603591799097
"448059",0.0255780142835142,0.0529465001092461,0.0396539986698139,0.0132925014394322,0.0273684858257319,0.0140759843862997
"272361",0.118771569470632,0.104455459678559,0.112337482496104,-0.0078820228175447,-0.0143161097920733,-0.00643408697452863
"154501",0.032564460038078,0.0702930383557877,0.0527299905298483,0.0175630478259395,0.0377285783177098,0.0201655304917703
"300334",0.422908358064202,0.174195512543357,0.288213805567522,-0.114018293024165,-0.248712845520845,-0.13469455249668
"131118",0.0186350160568081,0.0704559073852887,0.0461678717525472,0.0242880356327415,0.0518208913284806,0.0275328556957391
"412092",0.459176268612111,0.20034905101498,0.326122614758427,-0.125773563743447,-0.258827217597131,-0.133053653853684
"231771",0.99869941279031,0.229206031690747,0.543592455162303,-0.314386423471557,-0.769493381099564,-0.455106957628007
"41671",0.203472574383691,0.138833066752475,0.168362655921445,-0.0295295891689701,-0.0646395076312164,-0.0351099184622463
"372379",0.0499519089397384,0.0535254757680218,0.0519168340034419,0.00160864176457992,0.00357356682828335,0.00196492506370343
"329142",0.251598389998739,0.1675718284092,0.208201717394106,-0.0406298889849064,-0.0840265615895388,-0.0433966726046325
"111308",0.764624253202056,0.256941852286947,0.465569268943688,-0.208627416656742,-0.507682400915109,-0.299054984258367
"111139",0.100839297732378,0.0977977807810716,0.0993786319560825,-0.00158085117501093,-0.00304151695130682,-0.00146066577629589
"450719",0.0573661480141753,0.0880083202714457,0.0729260288443277,0.0150822914271179,0.0306421722572704,0.0155598808301525
"497185",0.0592297559288404,0.0498237863941317,0.0540224789294669,-0.00419869253533519,-0.00940596953470867,-0.00520727699937348
"148936",0.545133590178852,0.149195524798209,0.32994141334358,-0.180745888545372,-0.395938065380644,-0.215192176835272
"201737",0.0172081812137517,0.0390196347554426,0.0277964718565108,0.0112231628989318,0.021811453541691,0.0105882906427592
"291762",0.0090194964665097,0.0379151524666134,0.0229837088343618,0.0149314436322517,0.0288956560001037,0.0139642123678521
"469515",0.404413705771153,0.240239618711829,0.300669288274711,-0.0604296695628821,-0.164174087059324,-0.103744417496442
"574516",0.0382597009253015,0.0348431460755195,0.0364125044334917,-0.00156935835797215,-0.003416554849782,-0.00184719649180985
"264104",0.139272051558715,0.0983082814830614,0.117428900944759,-0.0191206194616979,-0.0409637700756533,-0.0218431506139554
"405000",2.05247143849827,0.204108129803873,2.05247143849827,-1.8483633086944,-1.8483633086944,0
"552391",0.00687656220950785,0.0245567734046561,0.0159505594121298,0.00860621399252624,0.0176802111951482,0.00907399720262198
"70249",0.643454285607027,0.199868120061039,0.362162381572546,-0.162294261511507,-0.443586165545988,-0.281291904034481
"39369",1.7919295841806,0.540962138415307,0.984318027711048,-0.443355889295741,-1.25096744576529,-0.807611556469549
"503232",1.25338993244729,0.434489421047647,0.718113430583758,-0.28362400953611,-0.818900511399639,-0.535276501863529
"563590",0.760521121895895,0.315387049600186,0.502586381760671,-0.187199332160484,-0.445134072295709,-0.257934740135224
"194867",0.476931647571383,0.260687848155511,0.366283652273733,-0.105595804118222,-0.216243799415872,-0.11064799529765
"444363",0.0370588508143477,0.0762511117424995,0.0572034078791093,0.0190477038633902,0.0391922609281518,0.0201445570647616
"110314",0.126697018610058,0.126192555092145,0.126452499798707,-0.000259944706562154,-0.000504463517913639,-0.000244518811351485
"542285",0.671043711851319,0.147846143536888,0.331007309895728,-0.183161166358839,-0.523197568314431,-0.340036401955592
"303846",0.415065299855689,0.205866567896021,0.30097845004199,-0.0951118821459688,-0.209198731959667,-0.114086849813698
"40441",0.0147708491942219,0.0622070749866439,0.0394366608410689,0.0227704141455751,0.047436225792422,0.024665811646847
"54493",0.401078830402332,0.267583104691835,0.323966569915489,-0.0563834652236535,-0.133495725710496,-0.0771122604868427
"246111",0.0463755982219563,0.0897612144172995,0.0715622305869261,0.0181989838303735,0.0433856161953433,0.0251866323649698
"494613",0.0831808096908708,0.0547035679146368,0.0680509328169945,-0.0133473649023578,-0.028477241776234,-0.0151298768738762
"411736",0.652387340014643,0.243515242185216,0.411684504737131,-0.168169262551915,-0.408872097829427,-0.240702835277512
"251848",0.0787466768742296,0.0966470338856301,0.0879056543374326,0.00874137954819754,0.0179003570114005,0.00915897746320297
"529351",0.0588917489329907,0.0736890407952084,0.0664961291366125,0.00719291165859592,0.0147972918622177,0.00760438020362179
"574397",0.804515284766431,0.254098292411953,0.480969061421028,-0.226870769009075,-0.550416992354478,-0.323546223345403
"206092",1.3697429189484,0.413540891307289,0.79877488425785,-0.385233992950561,-0.956202027641113,-0.570968034690552
"502078",0.055061222810391,0.0735249097852748,0.0649488048147701,0.00857610497050471,0.0184636869748838,0.00988758200437908
"278004",0.014021807169108,0.0219749949095374,0.0178650473022557,0.0041099476072817,0.00795318774042943,0.00384324013314774
"83812",0.0827993506956492,0.104379959734569,0.0947124923661462,0.00966746736842308,0.0215806090389201,0.011913141670497
"251492",0.0940978274074959,0.105565300366774,0.100231694442574,0.00533360592420054,0.0114674729592783,0.00613386703507778
"284906",0.0962533602342226,0.127782891667602,0.11321383904257,0.0145690526250318,0.0315295314333789,0.0169604788083471
"221304",0.00944266054828099,0.043173779424138,0.0255501538558686,0.0176236255682694,0.033731118875857,0.0161074933075877
"139998",0.0987717590282466,0.0754956811200068,0.0860263997004735,-0.0105307185804667,-0.0232760779082398,-0.0127453593277731
"15598",0.803300213294078,0.425194497329868,0.567416590737128,-0.14222209340726,-0.37810571596421,-0.23588362255695
"411856",0.0816453068082873,0.180099833478957,0.131511731529032,0.0485881019499249,0.09845452667067,0.0498664247207451
"500802",0.0792254739605035,0.0641531821267133,0.0707491842613976,-0.00659600213468432,-0.0150722918337902,-0.00847628969910588
"523239",0.20125837411311,0.141560790080117,0.167113627592704,-0.0255528375125873,-0.0596975840329933,-0.034144746520406
"194618",0.38052761405413,0.178245789064021,0.270042417948113,-0.0917966288840922,-0.202281824990109,-0.110485196106017
"498486",0.392156772140403,0.141068685732242,0.257320262031225,-0.116251576298983,-0.251088086408161,-0.134836510109178
"463963",0.159590879499569,0.0849293067987739,0.118111561642212,-0.0331822548434385,-0.0746615727007953,-0.0414793178573568
"187199",0.674857270180402,0.264572932440753,0.434386598316591,-0.169813665875838,-0.410284337739648,-0.24047067186381
"406098",0.745036123728413,0.331786501039307,0.508437297254963,-0.176650796215656,-0.413249622689105,-0.23659882647345
"40728",0.492777503499843,0.193872222192768,0.304901152460737,-0.111028930267968,-0.298905281307074,-0.187876351039106
"544264",0.655748337305453,0.290230675883276,0.441064518746213,-0.150833842862937,-0.365517661422177,-0.21468381855924
"552353",0.186452901291865,0.117650521100691,0.150281867691749,-0.0326313465910589,-0.0688023801911742,-0.0361710336001153
"257929",0.195619699140984,0.193351186267243,0.194517225440634,-0.00116603917339148,-0.002268512873741,-0.00110247370034952
"163575",0.49876418501464,0.11977266050951,0.289758073238894,-0.169985412729384,-0.37899152450513,-0.209006111775746
"47138",0.143964301688491,0.116316977537981,0.128868136052211,-0.0125511585142306,-0.0276473241505105,-0.0150961656362799
"312931",0.698353968321564,0.241367934236122,0.423909470093874,-0.182541535857753,-0.456986034085443,-0.27444449822769
"92958",0.0378974383816549,0.0617456215252271,0.0504419664188834,0.0113036551063437,0.0238481831435722,0.0125445280372285
"543996",0.0291362665731227,0.0687220480073464,0.0507861253990298,0.0179359226083167,0.0395857814342237,0.021649858825907
"374070",0.166157267668461,0.187460241781306,0.176987018273151,0.0104732235081555,0.0213029741128453,0.0108297506046897
"443152",0.67371153033036,0.196750739020088,0.386430908512212,-0.189680169492124,-0.476960791310272,-0.287280621818148
"421686",1.16704353026412,0.171070709588375,1.16704353026412,-0.995972820675741,-0.995972820675741,0
"211023",6.48969981116709,1.3648207312797,2.66953834106758,-1.30471760978788,-5.12487907988739,-3.82016147009951
"265374",1.52253322127161,0.510645933430517,0.945634466404068,-0.434988532973551,-1.01188728784109,-0.576898754867543
"383620",0.560235363517064,0.266324820576604,0.382338726205399,-0.116013905628795,-0.29391054294046,-0.177896637311664
"255379",0.082471582405922,0.0724495541297951,0.0771796449707057,-0.00473009084091053,-0.0100220282761268,-0.00529193743521629
"461862",0.144858023914,0.138229674513289,0.141242088834907,-0.00301241432161714,-0.00662834940071011,-0.00361593507909297
"42353",0.0404756151933472,0.0698674647983311,0.0552732024025245,0.0145942623958066,0.0293918496049839,0.0147975872091773
"249974",0.100400665573805,0.0604730754944484,0.0789131064917067,-0.0184400309972582,-0.0399275900793563,-0.0214875590820981
"139538",0.0728408643665193,0.0672120659286127,0.0699096125214208,-0.00269754659280812,-0.00562879843790659,-0.00293125184509847
"358311",0.22276052434756,0.161885788294342,0.190641303286132,-0.02875551499179,-0.0608747360532179,-0.0321192210614279
"525808",0.243055646328358,0.147589423023075,0.193749340712997,-0.0461599176899214,-0.0954662233052828,-0.0493063056153613
"556863",0.0220537684727478,0.0659042117656339,0.0430106435593089,0.022893568206325,0.0438504432928861,0.0209568750865611
"572512",0.402102390411499,0.176411383921487,0.287623860075595,-0.111212476154108,-0.225691006490012,-0.114478530335904
"350994",0.181927490428688,0.074543588714748,0.125933341539564,-0.0513897528248156,-0.10738390171394,-0.055994148889124
"194756",0.0419154220096955,0.0475286289931023,0.0453838312402688,0.00214479775283348,0.00561320698340679,0.00346840923057331
"529547",0.0930699111455747,0.0665531276903216,0.0795141518942007,-0.0129610242038791,-0.0265167834552531,-0.0135557592513741
"163040",0.0715146746980791,0.0858251302892145,0.0792117561576246,0.00661337413158988,0.0143104555911354,0.00769708145954548
"125725",0.198184802658293,0.172484655767065,0.184634197880807,-0.0121495421137423,-0.0257001468912279,-0.0135506047774856
"97499",0.0543970732717515,0.046112674617487,0.0499710168732154,-0.00385834225572839,-0.00828439865426456,-0.00442605639853617
"556780",0.477367315383626,0.159940205664915,0.269382053467348,-0.109441847802433,-0.317427109718711,-0.207985261916278
"79538",0.129500046584242,0.10876967189444,0.118524789926144,-0.00975511803170395,-0.0207303746898026,-0.0109752566580987
"60546",0.489022513835407,0.230126248593118,0.32633621096405,-0.0962099623709328,-0.258896265242289,-0.162686302871356
"230408",0.0539637802772728,0.0685144750043935,0.0618290154333219,0.00668545957107157,0.0145506947271207,0.00786523515604911
"321624",0.240504838409101,0.151976771879419,0.195188355969169,-0.0432115840897503,-0.0885280665296825,-0.0453164824399321
"468059",0.0760018028584946,0.076675896812116,0.0763685661385787,0.000307330673537332,0.000674093953621432,0.000366763280084101
"485500",2.17078164647196,0.508153223224826,1.11347911162272,-0.605325888397898,-1.66262842324714,-1.05730253484924
"261805",2.29743820023311,0.73992194420843,1.37079949558104,-0.630877551372608,-1.55751625602468,-0.92663870465207
"461477",0.0839625342986301,0.116751528781338,0.101494187389042,0.0152573413922967,0.0327889944827083,0.0175316530904117
"97174",0.17631609659705,0.119188656967948,0.147326633284148,-0.0281379763162001,-0.0571274396291021,-0.028989463312902
"531385",0.0460827756993248,0.0917259713567094,0.0693343466913933,0.0223916246653161,0.0456431956573846,0.0232515709920685
"338808",0.418611279649607,0.121985365705307,0.261002794854185,-0.139017429148877,-0.2966259139443,-0.157608484795422
"277572",0.00746522265630301,0.0286021255291819,0.0179892676497265,0.0106128578794554,0.0211369028728789,0.0105240449934235
"439840",0.450174247058348,0.291989117716077,0.356455465547211,-0.0644663478311341,-0.158185129342271,-0.0937187815111364
"160109",0.0675488092679081,0.0586182410127116,0.0629080306960517,-0.00428978968334014,-0.00893056825519652,-0.00464077857185638
"255095",1.8829245692585,0.520904859109757,1.0066581555061,-0.485753296396344,-1.36201971014874,-0.876266413752395
"384549",0.552214160507138,0.279165095634677,0.391988421915933,-0.112823326281256,-0.27304906487246,-0.160225738591205
"234260",0.140206397739835,0.114706315880538,0.127197405908577,-0.0124910900280384,-0.025500081859297,-0.0130089918312586
"214373",0.0755770058725438,0.064498230980581,0.0696705839424193,-0.00517235296183828,-0.0110787748919628,-0.0059064219301245
"118702",0.643126631254477,0.123870695277071,0.643126631254477,-0.519255935977406,-0.519255935977406,0
"92815",0.255674543644359,0.117977600824898,0.184234504611116,-0.0662569037862181,-0.137696942819461,-0.0714400390332432
"489684",0.131802903828083,0.100328452209902,0.115087687200272,-0.0147592349903699,-0.0314744516181811,-0.0167152166278113
"513418",0.307791930915398,0.162507805951863,0.22992993196497,-0.0674221260131071,-0.145284124963535,-0.0778619989504278
"4378",0.157619920944207,0.088054493606571,0.121245582097282,-0.0331910884907105,-0.0695654273376364,-0.0363743388469259
"523256",0.865163370779605,0.235567925033315,0.489255888791392,-0.253687963758077,-0.62959544574629,-0.375907481988213
"332149",0.123841939506188,0.0837903778112831,0.103097988644953,-0.0193076108336704,-0.0400515616949049,-0.0207439508612345
"241916",0.441556690857108,0.170917955122685,0.267278332158089,-0.0963603770354036,-0.270638735734423,-0.174278358699019
"31816",0.022734965373398,0.0670647019498368,0.0464670737804091,0.0205976281694277,0.0443297365764388,0.023732108407011
"540771",0.0303709295013117,0.0601726469701519,0.0452275305198306,0.0149451164503213,0.0298017174688401,0.0148566010185189
"250340",0.0403195517815695,0.0551391253502669,0.0479152802933851,0.00722384505688183,0.0148195735686974,0.00759572851181562
"26315",0.200174929511728,0.203115188422854,0.20165485766309,0.00146033075976404,0.00294025891112551,0.00147992815136147
"279515",0.14927588125275,0.106216748011829,0.125987183038902,-0.0197704350270728,-0.0430591332409204,-0.0232886982138476
"154576",0.123698364221107,0.0512978713823996,0.0836546351119806,-0.0323567637295811,-0.0724004928387079,-0.0400437291091268
"469491",1.16589057973898,0.37332919242309,0.669943258453107,-0.296614066030017,-0.792561387315887,-0.495947321285871
"447968",0.101359336341264,0.0522252212284026,0.0768161731969891,-0.0245909519685865,-0.049134115112861,-0.0245431631442745
"202253",0.150782966315297,0.102130461345021,0.125565204822459,-0.0234347434774378,-0.0486525049702751,-0.0252177614928373
"176898",0.0197106644868144,0.0556840407731998,0.0382722268941521,0.0174118138790478,0.0359733762863854,0.0185615624073376
"55205",0.0455119580437035,0.0362307045179746,0.0408010157039431,-0.00457031118596849,-0.00928125352572884,-0.00471094233976035
"541532",0.226677722703222,0.217180052781517,0.222012297963284,-0.00483224518176703,-0.00949766992170512,-0.00466542473993808
"187900",0.438528516948897,0.224489323433499,0.302866755124175,-0.0783774316906765,-0.214039193515399,-0.135661761824722
"346739",0.014199132448882,0.0461491751353271,0.030460210361885,0.0156889647734421,0.0319500426864451,0.016261077913003
"394248",2.34459452733421,0.476362147852954,0.990361841865266,-0.513999694012312,-1.86823237948125,-1.35423268546894
"369514",0.26075317918544,0.22780864186601,0.244225954482528,-0.0164173126165185,-0.03294453731943,-0.0165272247029115
"561737",0.766644633969709,0.296005998955492,0.494995823693121,-0.19898982473763,-0.470638635014217,-0.271648810276588
"480959",0.159407729424461,0.112994257254112,0.133198547293243,-0.0202042900391304,-0.0464134721703488,-0.0262091821312184
"380478",0.0333243826022463,0.0499750618707503,0.0424169452829691,0.00755811658778113,0.0166506792685039,0.00909256268072282
"486663",0.0524018642528549,0.0735075628985244,0.0637045512620411,0.0098030116364833,0.0211056986456694,0.0113026870091861
"368922",0.0963212791999944,0.125194830312986,0.111332609036877,0.0138622212761081,0.0288735511129912,0.0150113298368831
"355065",0.232133274028624,0.188548922029029,0.209014749818808,-0.0204658277897784,-0.0435843519995943,-0.0231185242098159
"291383",0.0898945015915546,0.119721161153187,0.10489175587848,0.0148294052747065,0.0298266595616321,0.0149972542869256
"390028",0.131514149527664,0.124755537533553,0.127706989028154,-0.00295145149460066,-0.00675861199411124,-0.00380716049951058
"109109",0.555716287246549,0.232602376145981,0.365024070389833,-0.132421694243852,-0.323113911100568,-0.190692216856717
"304427",0.121620792524803,0.129930647050846,0.125697787222657,0.00423285982818869,0.00830985452604242,0.00407699469785373
"249218",0.116854973941405,0.136061122599873,0.126501382557715,0.00955974004215893,0.0192061486584682,0.00964640861630932
"419861",0.0780378183898233,0.0594937153546553,0.0680557241911945,-0.00856200883653926,-0.0185441030351681,-0.0099820941986288
"73160",0.00550904799920972,0.0269500942694316,0.015278672893171,0.0116714213762606,0.0214410462702219,0.00976962489396133
"441792",0.892035382962363,0.302527949898676,0.504061037202828,-0.201533087304152,-0.589507433063687,-0.387974345759535
"37218",0.0992536678996093,0.112041621362449,0.10561674957852,0.00642487178392893,0.01278795346284,0.0063630816789111
"77745",0.725733695852115,0.255213865139112,0.489153827614191,-0.233939962475079,-0.470519830713003,-0.236579868237924
"521495",0.0950143608103427,0.176476933569069,0.134427080189514,0.0420498533795551,0.0814625727587265,0.0394127193791714
"362144",0.0986183923400386,0.0473914152630882,0.0713831445749857,-0.0239917293118975,-0.0512269770769504,-0.0272352477650529
"550475",0.126634007515636,0.146282252832559,0.136380596131761,0.00990165670079818,0.0196482453169234,0.00974658861612523
"301409",0.150013800767588,0.0507884573044211,0.0963673304823533,-0.0455788731779322,-0.0992253434631673,-0.0536464702852351
"164329",0.267832864324352,0.179460256746245,0.221233795015085,-0.0417735382688406,-0.0883726075781072,-0.0465990693092666
"120869",0.0833326700647209,0.099962163781604,0.0921907643300001,0.00777139945160392,0.0166294937168831,0.00885809426527923
"530719",0.938949530423495,0.300916489388683,0.517776760552185,-0.216860271163501,-0.638033041034812,-0.421172769871311
"88195",0.218178891246994,0.170891333090562,0.192453806387694,-0.0215624732971313,-0.0472875581564318,-0.0257250848593005
"398236",0.0136689311368278,0.0575079203767018,0.0358482762063093,0.0216596441703925,0.043838989239874,0.0221793450694815
"225562",0.332417826388902,0.182011494747385,0.250446150392716,-0.0684346556453309,-0.150406331641517,-0.081971675996186
"259558",0.110988460510971,0.0890853814209845,0.100601086462991,-0.0115157050420061,-0.021903079089987,-0.0103873740479808
"360707",0.0635930600744022,0.122448237333468,0.0955186499483365,0.0269295873851311,0.0588551772590654,0.0319255898739343
"531085",0.304859926366163,0.207052770916446,0.254579274166479,-0.0475265032500331,-0.0978071554497174,-0.0502806521996843
"161478",0.0503312099647368,0.0436662589470863,0.0468660046402657,-0.00319974569317939,-0.00666495101765049,-0.0034652053244711
"212124",6.62699452606035,0.536242077457111,6.62699452606035,-6.09075244860324,-6.09075244860324,0
"85374",8.22452164248088,0.884375074328448,8.22452164248088,-7.34014656815243,-7.34014656815243,0
"381437",0.112261439974592,0.0630404495251538,0.0861853408167697,-0.0231448912916159,-0.0492209904494382,-0.0260760991578223
"8925",0.0594881912063633,0.0607043264804977,0.0601922926061159,0.000512033874381874,0.00121613527413447,0.000704101399752591
"277461",3.01080185802406,0.676671831131197,1.30557172845547,-0.62889989732427,-2.33413002689287,-1.7052301295686
"531182",0.0661197527452268,0.0725808521346152,0.0695486153805972,0.00303223675401801,0.00646109938938845,0.00342886263537044
"345930",0.0902491126214349,0.0933015141126718,0.0918648460529149,0.00143666805975694,0.00305240149123695,0.00161573343148001
"21318",1.78467108376068,0.413016523050988,0.849789346153783,-0.436772823102795,-1.37165456070969,-0.934881737606898
"335209",0.349041194150481,0.0987428130910233,0.2166576284291,-0.117914815338077,-0.250298381059457,-0.13238356572138
"4594",0.146292780578269,0.0857514493729585,0.11513480819853,-0.0293833588255716,-0.0605413312053105,-0.0311579723797388
"100742",0.078153447660823,0.0973974463714817,0.0883295335533854,0.00906791281809634,0.0192439987106587,0.0101760858925624
"302428",0.0303590620480911,0.0712159790296723,0.052437195277406,0.0187787837522663,0.0408569169815812,0.0220781332293149
"31918",0.0121139189505608,0.0573539844851711,0.036636250985062,0.0207177335001091,0.0452400655346103,0.0245223320345012
"560058",0.637227242529876,0.115698348873195,0.637227242529876,-0.521528893656681,-0.521528893656681,0
"173719",0.664112012179724,0.199534970235465,0.373809088720706,-0.174274118485241,-0.464577041944259,-0.290302923459018
"369084",0.265791210038276,0.081501745977663,0.165543204858801,-0.0840414588811376,-0.184289464060613,-0.100248005179475
"378912",0.047768935031514,0.0390264271136807,0.0429884326810143,-0.00396200556733363,-0.0087425079178333,-0.00478050235049967
"450453",0.570544352860869,0.451802872060951,0.507288927516202,-0.0554860554552507,-0.118741480799918,-0.0632554253446671
"553802",0.00394272537714011,0.0350889393420588,0.0200183815566911,0.0150705577853677,0.0311462139649186,0.016075656179551
"208795",0.28446827524567,0.120997892017068,0.199882878510331,-0.0788849864932633,-0.163470383228602,-0.0845853967353388
"416273",0.0441817197761727,0.0569392812100095,0.0505968575819912,0.00634242362801835,0.0127575614338369,0.00641513780581852
"450119",0.347292401037012,0.130602878450043,0.236803272431537,-0.106200393981493,-0.216689522586968,-0.110489128605475
"28981",0.337740848448132,0.100856655032474,0.211705648672148,-0.110848993639674,-0.236884193415657,-0.126035199775984
"436985",0.272133741601081,0.0756952903251011,0.166781066377425,-0.0910857760523236,-0.19643845127598,-0.105352675223656
"74573",1e-08,0.0311612677332867,0.0178750529147228,0.0132862148185639,0.0311612577332867,0.0178750429147228
"264843",0.0537634013429482,0.0383619301885784,0.0451177490817466,-0.00675581889316817,-0.0154014711543697,-0.00864565226120158
"87131",0.628188612641519,0.239606295143715,0.391448933831646,-0.151842638687932,-0.388582317497805,-0.236739678809873
"523219",0.296330067866234,0.316719831317875,0.307793938185857,0.00892589313201742,0.0203897634516406,0.0114638703196232
"25169",0.106476581720192,0.174351817462804,0.140782086718593,0.0335697307442115,0.0678752357426126,0.0343055049984011
"503641",0.198413914682935,0.27456503431984,0.236132570684784,0.0384324636350558,0.0761511196369045,0.0377186560018487
"352226",3.79322436612211,0.413422242883036,3.79322436612211,-3.37980212323908,-3.37980212323908,0
"500740",0.197234598841823,0.151195499230715,0.172462452898013,-0.0212669536672978,-0.0460390996111078,-0.02477214594381
"533755",0.454658658607394,0.263370074851361,0.352533183083768,-0.0891631082324064,-0.191288583756033,-0.102125475523627
"463463",2.12449054310237,0.528609089669839,1.12152479108736,-0.592915701417517,-1.59588145343253,-1.00296575201501
"501242",0.1490554033117,0.134015359751688,0.141069990468318,-0.00705463071663015,-0.0150400435600122,-0.00798541284338206
"321464",0.245611183398118,0.171167909513953,0.205091667058727,-0.0339237575447735,-0.0744432738841648,-0.0405195163393913
"575437",0.174265113469932,0.103868682972145,0.135597252078977,-0.0317285691068311,-0.0703964304977867,-0.0386678613909557
"158119",1.12954446257812,0.381519376233577,0.65873033839886,-0.277210962165283,-0.74802508634454,-0.470814124179257
"532878",0.0997649480591613,0.111714700248612,0.106076561583328,0.00563813866528323,0.0119497521894504,0.0063116135241672
"94486",0.537028425561273,0.211778431593743,0.326965352463758,-0.115186920870016,-0.325249993967531,-0.210063073097515
"59693",0.0909456785999288,0.0972882609606954,0.0941595415885214,0.00312871937217403,0.00634258236076654,0.00321386298859251
"532490",0.0175286555051266,0.019788775802522,0.0185982342321209,0.00119054157040115,0.0022601202973954,0.00106957872699425
"97948",0.294033440848872,0.0891311554396249,0.178205227859985,-0.0890740724203606,-0.204902285409247,-0.115828212988887
"403153",0.228418401923265,0.196453367826909,0.210759971058386,-0.0143066032314766,-0.0319650340963559,-0.0176584308648793
"572714",0.135870146568432,0.0726967738797868,0.102789249714701,-0.0300924758349142,-0.063173372688645,-0.0330808968537308
"155662",0.0583435593882609,0.0699177327646294,0.0645687169031562,0.00534901586147317,0.0115741733763685,0.00622515751489533
"331356",0.00469344125893676,0.0197658686818888,0.0118607132925621,0.00790515538932671,0.0150724274229521,0.00716727203362535
"417511",0.0925973001264419,0.0875755230006131,0.0898790600511299,-0.00230353705051684,-0.00502177712582888,-0.00271824007531205
"170812",0.0355084372174882,0.0791902279853189,0.0590182926913512,0.0201719352939677,0.0436817907678307,0.023509855473863
"216681",0.0919764981781849,0.0850083404894518,0.0880509979572623,-0.00304265746781056,-0.00696815768873309,-0.00392550022092253
"450172",0.00910963588820743,0.0253611537230678,0.0169081747382054,0.0084529789848624,0.0162515178348604,0.007798538849998
"273921",0.521110816129313,0.193228480035728,0.313948276708652,-0.120719796672924,-0.327882336093585,-0.207162539420661
"556483",0.0955320108509927,0.109394087813451,0.102586133821202,0.00680795399224902,0.0138620769624582,0.00705412297020921
"26579",1.15654522437646,0.474891093518728,0.752842477505452,-0.277951383986724,-0.681654130857734,-0.40370274687101
"124658",0.0548754664240093,0.0382586452412068,0.0463107819701064,-0.00805213672889957,-0.0166168211828025,-0.00856468445390297
"337775",0.0231404816126184,0.0902663989976695,0.0583941752690439,0.0318722237286256,0.0671259173850511,0.0352536936564256
"286797",0.113412198770556,0.101627452456139,0.106464348104194,-0.00483689564805555,-0.0117847463144178,-0.00694785066636225
"329188",0.0420579164188392,0.0755908389167032,0.0590166874977028,0.0165741514190004,0.0335329224978639,0.0169587710788636
"499833",0.217670687446351,0.128993729824998,0.167154519242938,-0.0381607894179405,-0.088676957621353,-0.0505161682034125
"403156",0.0640517303511151,0.063114552526952,0.0635783853188062,-0.000463832791854232,-0.000937177824163041,-0.000473345032308808
"461204",0.207619540043732,0.157935266413529,0.181492145747983,-0.0235568793344544,-0.0496842736302026,-0.0261273942957482
"399666",0.0295598721251669,0.0733534399430529,0.0538682349365108,0.0194852050065421,0.043793567817886,0.0243083628113439
"506016",2.12681102846097,0.347834166398397,2.12681102846097,-1.77897686206257,-1.77897686206257,0
"396133",0.572595825698439,0.102833784769836,0.572595825698439,-0.469762040928602,-0.469762040928602,0
"300344",0.276449215354168,0.195603752314277,0.23409174445522,-0.038487992140943,-0.0808454630398917,-0.0423574708989486
"244761",0.583609767035151,0.32150238338548,0.434795983533327,-0.113293600147847,-0.262107383649671,-0.148813783501824
"574913",0.236285725974855,0.163949193698476,0.198770229526647,-0.0348210358281711,-0.0723365322763795,-0.0375154964482084
"443626",0.090742436815179,0.0672216094971705,0.0784018912444951,-0.0111802817473247,-0.0235208273180086,-0.0123405455706839
"320565",0.0628326933671687,0.0724570229930551,0.0678102614301183,0.00464676156293686,0.00962432962588644,0.00497756806294958
"246618",0.0335373478935221,0.0424928389951711,0.0379519114748653,0.00454092752030583,0.00895549110164903,0.00441456358134319
"484126",0.618696358623503,0.263713919703353,0.407866433839158,-0.144152514135806,-0.35498243892015,-0.210829924784345
"447907",1.11637258137865,0.439735855730424,0.705218172934017,-0.265482317203593,-0.676636725648231,-0.411154408444638
"106904",0.129878739199119,0.113498975353271,0.120902064800807,-0.00740308944753588,-0.0163797638458476,-0.00897667439831169
"563579",0.281814013563215,0.18055396395691,0.228470961947072,-0.0479169979901624,-0.101260049606305,-0.0533430516161428
"205713",0.0582799523105575,0.0351959600095183,0.0459978014409986,-0.0108018414314803,-0.0230839923010393,-0.0122821508695589
"507891",0.21309848638548,0.15310665421345,0.182930444797406,-0.0298237905839554,-0.0599918321720294,-0.0301680415880741
"224418",0.0350989406634567,0.113283838122794,0.0747350260844158,0.0385488120383786,0.0781848974593377,0.0396360854209592
"544431",0.247445455776429,0.168723534773362,0.206317498645061,-0.0375939638716992,-0.0787219210030668,-0.0411279571313676
"25995",0.0282596955874573,0.0418152675091173,0.0355264442799492,0.00628882322916809,0.01355557192166,0.00726674869249194
"163129",0.282911075199798,0.194028899289068,0.235479065925034,-0.0414501666359663,-0.0888821759107301,-0.0474320092747637
"329585",0.227646919709588,0.165955892544009,0.194037751919969,-0.0280818593759594,-0.0616910271655789,-0.0336091677896196
"11133",0.175510298298489,0.153810465625727,0.163913007471553,-0.010102541845826,-0.0216998326727621,-0.0115972908269361
"438754",0.024284712412636,0.0461233112132515,0.0351427968239436,0.0109805143893079,0.0218385988006155,0.0108580844113076
"243045",0.446855817767706,0.265451027722503,0.336684927351754,-0.0712338996292509,-0.181404790045203,-0.110170890415952
"324159",0.625480157004642,0.357634392941261,0.473106698817123,-0.115472305875862,-0.267845764063381,-0.152373458187519
"301179",0.307067316648657,0.218104910664349,0.258469005092408,-0.0403640944280593,-0.0889624059843081,-0.0485983115562488
"160372",0.884379068275641,0.357346398086522,0.536442276311531,-0.179095878225009,-0.527032670189119,-0.34793679196411
"234069",1.43973181339681,0.44780399900654,0.850339398845873,-0.402535399839333,-0.991927814390268,-0.589392414550935
"114313",3.01828778142992,0.55689384187193,3.01828778142992,-2.46139393955799,-2.46139393955799,0
"547868",2.15852234535495,0.293087910273975,2.15852234535495,-1.86543443508097,-1.86543443508097,0
"489362",0.63035239313017,0.293181174254279,0.432600080547472,-0.139418906293192,-0.33717121887589,-0.197752312582698
"529877",5.09224747042823,0.798172736390693,5.09224747042823,-4.29407473403753,-4.29407473403753,0
"314173",0.0892387312392753,0.0909531595174121,0.0901103244569117,0.00084283506050048,0.00171442827813689,0.000871593217636413
"38894",0.0191417485161419,0.0713149954634114,0.0473030758172742,0.0240119196461373,0.0521732469472696,0.0281613273011323
"493274",0.0661067753578469,0.137864375861954,0.104232292256231,0.0336320836057237,0.0717576005041074,0.0381255168983838
"393600",0.0206393572617533,0.0385041843568257,0.0301428454801706,0.00836133887665513,0.0178648270950724,0.00950348821841732
"83847",0.211428779767409,0.113557194444028,0.159103993598352,-0.0455467991543234,-0.0978715853233812,-0.0523247861690578
"289755",0.210574412755346,0.182518172380161,0.196164565022437,-0.0136463926422761,-0.0280562403751855,-0.0144098477329094
"188226",1.25668753217103,0.236726005809236,1.25668753217103,-1.0199615263618,-1.0199615263618,0
"556720",0.11355489564999,0.161084530842949,0.139542317960708,0.0215422128822419,0.0475296351929598,0.025987422310718
"414492",5.29499195153948,0.636535446483819,5.29499195153948,-4.65845650505566,-4.65845650505566,0
"210273",0.833385082236088,0.153882237674588,0.833385082236088,-0.6795028445615,-0.6795028445615,0
"328989",0.837466404582579,0.195796286741174,0.454298746509385,-0.25850245976821,-0.641670117841405,-0.383167658073195
"469004",0.0744045680771431,0.0778438125988252,0.0763902456000417,0.00145356699878356,0.00343924452168209,0.00198567752289854
"122324",0.28362547378533,0.151455961981267,0.215805661246421,-0.0643496992651543,-0.132169511804064,-0.0678198125389095
"146297",0.0585289089656393,0.137625389657821,0.0975383525909292,0.040087037066892,0.0790964806921819,0.0390094436252899
"435485",0.139670350416755,0.12960933437033,0.134424519027558,-0.00481518465722805,-0.0100610160464246,-0.00524583138919654
"308554",0.0914335385763047,0.079312279471758,0.0851200957773266,-0.00580781630556859,-0.0121212591045467,-0.00631344279897808
"131102",0.547367649448912,0.317625609254384,0.414874900158732,-0.0972492909043473,-0.229742040194527,-0.13249274929018
"544502",0.936429191177557,0.231789464458774,0.452495610530936,-0.220706146072162,-0.704639726718783,-0.483933580646621
"264628",0.0968369062335465,0.0575407270262594,0.0762315888635808,-0.0186908618373214,-0.0392961792072871,-0.0206053173699657
"23718",0.106648295334411,0.0903656207786501,0.0974177883578181,-0.00705216757916799,-0.0162826745557607,-0.00923050697659272
"174076",0.336519295409838,0.18434132583385,0.257426355475822,-0.0730850296419723,-0.152177969575988,-0.0790929399340161
"388267",0.186172286732736,0.0611135901336783,0.118294412292486,-0.0571808221588081,-0.125058696599058,-0.0678778744402496
"123928",0.0446644459339469,0.0666996562063739,0.0560402076667728,0.010659448539601,0.022035210272427,0.011375761732826
"449033",0.0832246011877373,0.0584265605988117,0.0709728848065065,-0.0125463242076947,-0.0247980405889256,-0.0122517163812309
"232177",0.71193786308403,0.270464871047074,0.449691379420177,-0.179226508373102,-0.441472992036956,-0.262246483663854
"103511",1.0301138793578,0.342732356443159,0.591812907924074,-0.249080551480915,-0.687381522914638,-0.438300971433723
"257615",0.285913997708866,0.117272881169584,0.193683250209502,-0.0764103690399184,-0.168641116539283,-0.0922307474993643
"577896",0.764535878553634,0.321338910676383,0.472410547204132,-0.151071636527749,-0.443196967877252,-0.292125331349503
"135230",0.0653642018988105,0.0726983123570823,0.0693154143168126,0.00338289804026967,0.00733411045827176,0.00395121241800209
"437523",1.46667996121135,0.204307756338601,1.46667996121135,-1.26237220487275,-1.26237220487275,0
"547794",0.356158064432578,0.170948851090641,0.258070555187228,-0.0871217040965868,-0.185209213341937,-0.0980875092453503
"554624",0.140792185638953,0.1685341918918,0.154684057145191,0.0138501347466085,0.0277420062528465,0.013891871506238
"65783",0.034302246535394,0.0523806264758337,0.0449341537301921,0.00744647274564158,0.0180783799404397,0.0106319071947981
"56893",0.0709694560899795,0.0993320587573269,0.0852122114038663,0.0141198473534606,0.0283626026673474,0.0142427553138868
"299028",1.30113331644475,0.278072242684589,0.641330400721014,-0.363258158036425,-1.02306107376016,-0.659802915723738
"499809",0.596325077145756,0.177083866645606,0.334657917554205,-0.157574050908599,-0.41924121050015,-0.261667159591551
"159299",0.0273980282872153,0.0383322992460846,0.0337694199845019,0.00456287926158277,0.0109342709588693,0.00637139169728653
"118917",0.163987910831,0.14898985834001,0.155973969200355,-0.0069841108603447,-0.0149980524909896,-0.00801394163064487
"356293",0.168093102253732,0.0996424300656345,0.127544452562213,-0.0279020224965787,-0.0684506721880973,-0.0405486496915187
"431870",1.14806635084045,0.410064714035244,0.69159756217997,-0.281532848144726,-0.738001636805207,-0.456468788660481
"260379",1.18219632964924,0.355111879852942,0.662117602255798,-0.307005722402856,-0.827084449796301,-0.520078727393445
"541689",0.0361703882142239,0.0839340605527866,0.0613696922738016,0.022564368278985,0.0477636723385626,0.0251993040595776
"276281",0.19836069499274,0.116766889360217,0.155919145199826,-0.0391522558396083,-0.0815938056325222,-0.0424415497929139
"59745",0.888159284434409,0.314949805316705,0.571568359047029,-0.256618553730324,-0.573209479117704,-0.31659092538738
"491006",0.16192516499218,0.140707382928481,0.149948188131642,-0.00924080520316087,-0.021217782063699,-0.0119769768605382
"314197",2.40665861675055,0.341004766907244,2.40665861675055,-2.06565384984331,-2.06565384984331,0
"56328",0.0257433610888837,0.0387866795584322,0.0321871922300037,0.00659948732842853,0.0130433184695486,0.00644383114112003
"213130",0.228827370069131,0.213174508142368,0.221303148782324,-0.00812864063995619,-0.0156528619267633,-0.00752422128680708
"405587",0.337577548890261,0.1853619888118,0.2619476718726,-0.0765856830608004,-0.152215560078461,-0.0756298770176606
"520314",0.223235216165312,0.181151190053304,0.200300918804978,-0.0191497287516738,-0.0420840261120075,-0.0229342973603337
"411580",0.761846236848063,0.314148561257279,0.505025734419254,-0.190877173161975,-0.447697675590784,-0.256820502428809
"122431",0.00342056008482983,0.0341224075069579,0.0193741634969758,0.0147482440099821,0.030701847422128,0.0159536034121459
"380282",0.192058180005867,0.152292368103626,0.170804084711014,-0.0185117166073879,-0.0397658119022417,-0.0212540952948538
"105798",0.536776921737367,0.150527886166891,0.284204028357928,-0.133676142191037,-0.386249035570476,-0.252572893379439
"461100",1.19502152960966,0.331838425285944,0.6459165076367,-0.314078082350757,-0.863183104323717,-0.54910502197296
"549569",0.299910714755026,0.205470710010163,0.249837354330811,-0.0443666443206478,-0.0944400047448631,-0.0500733604242153
"557307",0.0328080386330862,0.0348836365064449,0.0338475206920264,0.00103611581441854,0.00207559787335873,0.00103948205894019
"503082",0.115582223375325,0.077595175897042,0.0955130665914808,-0.0179178906944389,-0.0379870474782831,-0.0200691567838443
"398687",0.472002839076662,0.169024438305957,0.310247139185979,-0.141222700880022,-0.302978400770706,-0.161755699890684
"340546",0.0839252769181213,0.0592904360416933,0.0701549595625715,-0.0108645235208782,-0.024634840876428,-0.0137703173555499
"402887",0.9799324217126,0.278166746971669,0.580034235795926,-0.301867488824257,-0.701765674740931,-0.399898185916674
"336503",0.0152110836448035,0.0327441908224354,0.0238392957490144,0.00890489507342104,0.0175331071776319,0.00862821210421091
"166032",0.0954615112735362,0.0727976287206381,0.0836045946658713,-0.0108069659452332,-0.0226638825528981,-0.0118569166076649
"68777",0.0899284338614013,0.114727885330878,0.102973067050105,0.0117548182807729,0.0247994514694768,0.0130446331887039
"530743",0.0676687153449401,0.0610367315394157,0.0643060558769361,-0.0032693243375204,-0.00663198380552434,-0.00336265946800395
"440014",0.100646948532704,0.0897458121911946,0.0945485575234133,-0.00480274533221878,-0.010901136341509,-0.0060983910092902
"219262",0.142354396888529,0.136256523196263,0.138962464131743,-0.0027059409354801,-0.00609787369226605,-0.00339193275678595
"425265",1.31481234471393,0.320300802092585,0.689811320171908,-0.369510518079323,-0.994511542621343,-0.62500102454202
"141169",0.0425131418913249,0.0978127227019997,0.0699730401754086,0.0278396825265911,0.0552995808106747,0.0274598982840837
"322578",0.740054236280123,0.408267066386767,0.561228424553711,-0.152961358166944,-0.331787169893356,-0.178825811726412
"216363",0.365236688463374,0.151991006639732,0.25244744726306,-0.100456440623329,-0.213245681823643,-0.112789241200314
"254850",0.162758597440942,0.076571495968291,0.115593698485357,-0.0390222025170661,-0.0861871014726506,-0.0471648989555845
"86427",0.226766364184716,0.145070295516016,0.183010003812935,-0.0379397082969183,-0.0816960686687001,-0.0437563603717818
"89310",0.0199051816324403,0.0368081716262594,0.0282881960417515,0.00851997558450791,0.0169029899938191,0.00838301440931118
"160204",0.2959973948267,0.132330635371339,0.211525377750806,-0.0791947423794664,-0.16366675945536,-0.0844720170758938
"37730",0.710790536721363,0.376247839697591,0.526160747886314,-0.149912908188724,-0.334542697023772,-0.184629788835049
"59877",0.643648074158699,0.255321213266857,0.408177208198752,-0.152855994931895,-0.388326860891842,-0.235470865959947
"432666",0.712796461725877,0.228221811704955,0.423896816308435,-0.19567500460348,-0.484574650020922,-0.288899645417442
"333022",0.126305795803556,0.10375515767728,0.114624754656185,-0.0108695969789052,-0.0225506381262765,-0.0116810411473712
"111664",1.26142092110959,0.184153199607375,1.26142092110959,-1.07726772150222,-1.07726772150222,0
"170037",0.180196991314213,0.159756985042069,0.168830767962838,-0.00907378292076869,-0.0204400062721445,-0.0113662233513758
"63413",0.0715669921203082,0.0610460926617344,0.066027665502175,-0.00498157284044057,-0.0105208994585738,-0.00553932661813326
"557811",0.363032667757311,0.204473676044832,0.277409111797445,-0.0729354357526134,-0.158558991712479,-0.0856235559598657
"434209",1.29551067289963,0.298243243560191,0.66158488620534,-0.363341642645149,-0.997267429339437,-0.633925786694288
"573189",0.340119763128615,0.209642935696707,0.272979900870966,-0.0633369651742589,-0.130476827431907,-0.0671398622576485
"469917",0.841754565738101,0.463961924887167,0.641308958311574,-0.177347033424407,-0.377792640850934,-0.200445607426527
"3369",0.0981826050512357,0.101979540978889,0.100246009327946,0.0017335316509427,0.00379693592765312,0.00206340427671042
"383487",0.149778516114103,0.234505097719187,0.191697315740635,0.042807781978552,0.0847265816050842,0.0419187996265322
"162452",0.0866148917170278,0.136100540284533,0.111405514509839,0.0246950257746943,0.0494856485675051,0.0247906227928108
"352614",0.715348729487367,0.168582668270367,0.422394764956619,-0.253812096686252,-0.546766061217,-0.292953964530748
"97244",1.22358670116415,0.320032085903378,0.648195475243396,-0.328163389340018,-0.90355461526077,-0.575391225920752
"530333",0.787073821643535,0.198134119783545,0.430577852554682,-0.232443732771137,-0.58893970185999,-0.356495969088853
"303995",0.050712118952418,0.0840060692704393,0.068534706932254,0.0154713623381854,0.0332939503180213,0.0178225879798359
"512071",0.0439449140100598,0.0612966170330118,0.0536050989563339,0.00769151807667787,0.017351703022952,0.00966018494627414
"17772",0.250805655577122,0.160507765945649,0.20036772812825,-0.0398599621826008,-0.0902978896314732,-0.0504379274488723
"116460",0.00992792583893705,0.0566173856256036,0.0356617781589917,0.0209556074666119,0.0466894597866666,0.0257338523200546
"370210",0.0864192665463355,0.0773781831515937,0.0815706297388068,-0.0041924465872131,-0.0090410833947418,-0.0048486368075287
"413644",0.401416040466121,0.204438884008804,0.299841492669713,-0.095402608660909,-0.196977156457317,-0.101574547796408
"39219",0.265537331507643,0.220641994588946,0.242802038987966,-0.0221600443990193,-0.0448953369186967,-0.0227352925196774
"255529",9.19746969034818,1.34258663627452,9.19746969034818,-7.85488305407366,-7.85488305407366,0
"286422",2.65454436696736,0.697354274799734,1.34227597965609,-0.644921704856361,-1.95719009216763,-1.31226838731127
"149870",0.164933099570274,0.151764991672696,0.158035322373078,-0.00627033070038224,-0.013168107897579,-0.00689777719719672
"19522",0.379165094796291,0.310673684551123,0.339834885712315,-0.0291612011611918,-0.0684914102451678,-0.039330209083976
"475547",0.0926025718154215,0.14474236362596,0.119352801951025,0.0253895616749355,0.0521397918105387,0.0267502301356031
"71341",0.0846519559965297,0.0776836288403812,0.0810627920498535,-0.00337916320947229,-0.00696832715614855,-0.00358916394667626
"459712",4.98062478782624,0.182720317910758,4.98062478782624,-4.79790446991548,-4.79790446991548,0
"359804",0.286790104630046,0.203105801796216,0.243537062458201,-0.0404312606619855,-0.0836843028338304,-0.0432530421718449
"205014",0.0409556816269521,0.0793528350790797,0.0605242126954379,0.0188286223836418,0.0383971534521276,0.0195685310684858
"3339",0.0770702829681778,0.0804189876932046,0.0788606481997538,0.00155833949345086,0.00334870472502677,0.00179036523157591
"529879",0.0908899847790628,0.123631774163455,0.107323007815984,0.0163087663474703,0.0327417893843918,0.0164330230369215
"397588",0.029989211178426,0.0749031203214764,0.052391161891268,0.0225119584302084,0.0449139091430505,0.022401950712842
"390542",0.609105464222983,0.265597306660948,0.403943085451188,-0.138345778790239,-0.343508157562034,-0.205162378771795
"205051",0.329123785245475,0.129924484303464,0.218975696917191,-0.0890512126137277,-0.199199300942012,-0.110148088328284
"193479",0.0878473995389829,0.104755522333479,0.0966005793786471,0.00815494295483192,0.0169081227944961,0.00875317983966414
"292860",0.120605196573532,0.19319113270903,0.159405893030393,0.0337852396786367,0.0725859361354984,0.0388006964568617
"94363",0.0180633072313356,0.0400858408887744,0.0291083662438064,0.010977474644968,0.0220225336574388,0.0110450590124707
"302288",0.101420309109203,0.144622506700331,0.124455046776841,0.0201674599234897,0.0432021975911277,0.0230347376676379
"57277",1.55893280182158,0.392705467299855,0.864089752886877,-0.471384285587022,-1.16622733452173,-0.694843048934707
"313354",0.164297687195842,0.0386144766769426,0.0955827724527512,-0.0569682957758086,-0.125683210518899,-0.068714914743091
"133784",0.18181339742241,0.167987226189613,0.174591721593597,-0.00660449540398367,-0.0138261712327963,-0.00722167582881264
"114069",0.290889941309222,0.165637270530633,0.226575990738063,-0.0609387202074309,-0.125252670778589,-0.0643139505711583
"154678",0.148587067337821,0.224760905991304,0.187225534039892,0.0375353719514125,0.0761738386534836,0.0386384667020711
"517809",0.226157780001229,0.162786868320846,0.192588356164232,-0.0298014878433861,-0.063370911680383,-0.0335694238369969
"287057",0.454771724458123,0.29994312346974,0.362771326124277,-0.0628282026545365,-0.154828600988383,-0.0920003983338467
"133188",0.102029764702931,0.0413818709325594,0.0689904461072607,-0.0276085751747013,-0.0606478937703712,-0.0330393185956699
"32243",1.0917619746902,0.291650529755141,0.56202537967049,-0.270374849915349,-0.800111444935061,-0.529736595019711
"21931",0.0935454157860136,0.118146774536549,0.106167927932738,0.0119788466038102,0.024601358750535,0.0126225121467247
"317090",0.0302781746478504,0.0216904221615369,0.0259532092238021,-0.00426278706226514,-0.00858775248631348,-0.00432496542404834
"309063",0.100612917924056,0.0611745063556972,0.0808934272879066,-0.0197189209322094,-0.0394384115683593,-0.0197194906361499
"108542",0.0854117889686279,0.0758100031673647,0.0804006157353495,-0.00459061256798476,-0.00960178580126311,-0.00501117323327835
"577100",0.0264670464483781,0.0557490070083391,0.0411256068359356,0.0146234001724035,0.029281960559961,0.0146585603875574
"26329",0.612945931279051,0.213589412289935,0.405772735703878,-0.192183323413943,-0.399356518989117,-0.207173195575173
"60351",0.0171751903070444,0.0710477634257248,0.0459787609994634,0.0250690024262614,0.0538725731186803,0.0288035706924189
"556763",0.377152943701643,0.199395961704656,0.265990691969589,-0.0665947302649332,-0.177756981996987,-0.111162251732054
"492898",0.0357951165097707,0.0819248952526805,0.0611148191644641,0.0208100760882164,0.0461297787429098,0.0253197026546933
"142482",0.314375738015932,0.228099939694769,0.26940521390306,-0.0413052742082901,-0.0862757983211625,-0.0449705241128724
"535170",0.16216637320728,0.113822223010583,0.137608663384735,-0.023786440374152,-0.0483441501966975,-0.0245577098225454
"89900",0.0179383085962069,0.0463898479589471,0.0336025676618614,0.0127872802970857,0.0284515393627402,0.0156642590656544
"78016",0.0468595902454308,0.100426714971973,0.0769657926482311,0.0234609223237423,0.0535671247265427,0.0301062024028004
"10772",0.285056959377826,0.124335736989282,0.200271405235547,-0.0759356682462655,-0.160721222388545,-0.0847855541422795
"22537",2.26475524462961,0.633248126604516,1.12696903910644,-0.493720912501928,-1.63150711802509,-1.13778620552317
"485398",0.761281751527519,0.327572841312932,0.520340683271036,-0.192767841958104,-0.433708910214587,-0.240941068256483
"509846",0.0056473185455803,0.0287253929831351,0.0166754554639795,0.0120499375191556,0.0230780744375548,0.0110281369183992
"532204",0.0230183678304906,0.0926327372823643,0.0572583507081026,0.0353743865742617,0.0696143694518737,0.034239982877612
"101499",0.370138886153139,0.182371310425941,0.270181358356092,-0.087810047930151,-0.187767575727198,-0.0999575277970471
"81260",0.350807272783823,0.199385448365489,0.271610736269171,-0.0722252879036822,-0.151421824418334,-0.0791965365146516
"486057",0.265362294180377,0.185650866169257,0.225495913834524,-0.0398450476652666,-0.0797114280111199,-0.0398663803458533
"130954",0.0975034105357431,0.0619730515693859,0.0782570123627506,-0.0162839607933647,-0.0355303589663572,-0.0192463981729925
"136158",0.142710718678283,0.0739227048710693,0.104998059788216,-0.031075354917147,-0.0687880138072136,-0.0377126588900666
"46507",3.62085585155269,0.431305319388321,3.62085585155269,-3.18955053216436,-3.18955053216436,0
"118876",0.0130413548114435,0.0531515121831361,0.0342221250823659,0.0189293871007702,0.0401101573716926,0.0211807702709224
"553101",0.191266566792011,0.176870034114017,0.183779261635538,-0.00690922752152129,-0.0143965326779939,-0.00748730515647258
"368029",0.0208829851116842,0.0429112508044492,0.0319299824718614,0.0109812683325878,0.022028265692765,0.0110469973601773
"254673",0.0808443113524106,0.0634101988613344,0.0721083639076397,-0.00869816504630531,-0.0174341124910762,-0.00873594744477092
"446594",0.117157263806302,0.12383260467096,0.120406779231369,0.0034258254395915,0.00667534086465831,0.00324951542506681
"444387",0.0148475459649626,0.0485236957862818,0.0318244860489576,0.0166992097373243,0.0336761498213192,0.016976940083995
"320046",0.257546366397402,0.209869738938464,0.231429077995276,-0.0215593390568115,-0.0476766274589378,-0.0261172884021262
"564855",0.100578585304523,0.124213098947451,0.112671038819052,0.0115420601283997,0.0236345136429286,0.0120924535145289
"201386",0.0236428108404102,0.0546936101680755,0.0397254314437703,0.0149681787243052,0.0310507993276653,0.0160826206033601
"505006",0.197811652779229,0.128777553057232,0.162176960559862,-0.0333994075026307,-0.0690340997219971,-0.0356346922193664
"494221",0.0400858503524568,0.0369790024086892,0.0384471148072776,-0.00146811239858843,-0.00310684794376762,-0.0016387355451792
"525889",2.42473955454772,0.253147426560031,2.42473955454772,-2.17159212798769,-2.17159212798769,0
"32850",3.33234720627615,0.970758322869805,1.8498556889789,-0.879097366109096,-2.36158888340634,-1.48249151729725
"268169",0.371784296516698,0.0786452521886495,0.212394052019996,-0.133748799831346,-0.293139044328048,-0.159390244496702
"202129",0.0897071610020937,0.174680877888945,0.133325695683032,0.0413551822059131,0.0849737168868517,0.0436185346809386
"276793",0.518895366152495,0.439595102634408,0.469616261154389,-0.0300211585199808,-0.0793002635180872,-0.0492791049981064
"293254",0.159067450315103,0.0772501370262719,0.114525546610214,-0.0372754095839425,-0.0818173132888315,-0.044541903704889
"483239",0.0607497629982528,0.0388630944167873,0.0492324707422376,-0.0103693763254502,-0.0218866685814654,-0.0115172922560152
"256440",0.192987085272735,0.171557178068093,0.181592677958433,-0.0100354998903394,-0.0214299072046421,-0.0113944073143027
"327942",0.958169763437535,0.409218400691402,0.665257545921649,-0.256039145230247,-0.548951362746133,-0.292912217515886
"318274",0.0864786081411085,0.140472282164672,0.116993920600493,0.0234783615641797,0.0539936740235638,0.0305153124593841
"381352",0.681784014064308,0.262569500518198,0.430653780007701,-0.168084279489502,-0.419214513546109,-0.251130234056607
"115445",0.0564568336805003,0.0654845903624414,0.0612035889232466,0.0042810014391949,0.00902775668194111,0.00474675524274621
"142498",0.291540319191847,0.265300549225224,0.279107769998605,-0.013807220773381,-0.0262397699666226,-0.0124325491932416
"371105",0.0483574481040805,0.0354147451819527,0.0415395711898813,-0.00612482600792859,-0.0129427029221278,-0.00681787691419917
"148784",1.06043674898528,0.416537921728296,0.663380506975453,-0.246842585247157,-0.643898827256985,-0.397056242009828
"160439",0.0699390030671481,0.0473715224682786,0.0579986875479477,-0.0106271650796691,-0.0225674805988694,-0.0119403155192003
"76477",0.418490299662847,0.145525781740258,0.278461675947278,-0.13293589420702,-0.272964517922589,-0.140028623715569
"455968",0.14886803751664,0.11912672681623,0.133275183124649,-0.0141484563084188,-0.0297413107004098,-0.015592854391991
"533601",0.0656986719803015,0.0949596054445541,0.0808770634452372,0.014082541999317,0.0292609334642526,0.0151783914649356
"95337",0.275055947425984,0.145833583863251,0.207770121139842,-0.0619365372765913,-0.129222363562733,-0.0672858262861419
"148848",0.0620538542791635,0.0552375159769103,0.0583240552743571,-0.00308653929744681,-0.00681633830225328,-0.00372979900480647
"422940",0.126619547059482,0.129434925208362,0.127963565345263,0.00147135986309874,0.00281537814887967,0.00134401828578093
"438312",0.135769470516773,0.198840763084426,0.169513849549068,0.0293269135353583,0.0630712925676531,0.0337443790322948
"557460",0.0306108631039286,0.0904255859641244,0.0605082982374278,0.0299172877266966,0.0598147228601958,0.0298974351334991
"480524",1.28328949741318,0.265650321221907,0.482299234361872,-0.216648913139966,-1.01763917619127,-0.800990263051303
"316725",0.0152544486801029,0.0507964093877953,0.0356169458910102,0.0151794634967851,0.0355419607076924,0.0203624972109073
"28812",0.602093214308108,0.426459924502939,0.504484742284925,-0.0780248177819864,-0.175633289805169,-0.0976084720231822
"229603",0.153088891117379,0.12214189374084,0.136125047339578,-0.0139831535987387,-0.0309469973765394,-0.0169638437778007
"398685",0.0654775022037656,0.0639420318747676,0.064659535602693,-0.000717503727925381,-0.00153547032899796,-0.000817966601072584
"265221",0.0800472733348814,0.0986260997532309,0.0892695774817661,0.00935652227146483,0.0185788264183495,0.0092223041468847
"425834",0.0701428959193687,0.0590593247302916,0.0641669124471654,-0.00510758771687375,-0.0110835711890771,-0.00597598347220334
"36656",0.307188483508389,0.140955698273782,0.219961827336652,-0.0790061290628696,-0.166232785234607,-0.0872266561717375
"42322",0.14768866631572,0.13341379900849,0.140675036508265,-0.00726123749977442,-0.0142748673072297,-0.00701362980745529
"187876",0.0464957677299506,0.0442014178103915,0.0452541706258316,-0.00105275281544009,-0.00229434991955908,-0.001241597104119
"253529",0.166119100803364,0.136518948521492,0.150744062817354,-0.014225114295862,-0.0296001522818717,-0.0153750379860097
"39208",0.00954433452969423,0.0205732882575824,0.0147683462313258,0.00580494202625661,0.0110289537278882,0.00522401170163157
"467664",0.65156062435894,0.183535884942326,0.362873153139484,-0.179337268197158,-0.468024739416614,-0.288687471219457
"399123",0.0640431881347031,0.0819554138917713,0.0736011937190923,0.00835422017267901,0.0179122257570683,0.00955800558438925
"258824",0.117064585714347,0.11993789099236,0.118531968220714,0.00140592277164638,0.00287330527801377,0.0014673825063674
"574110",0.0253252627389227,0.0608792362692069,0.0440323541875079,0.016846882081699,0.0355539735302842,0.0187070914485852
"493135",0.601634834034414,0.204657547031078,0.351440902705753,-0.146783355674675,-0.396977287003336,-0.250193931328661
"518061",0.0225189992648005,0.0623647712255648,0.0447934054157302,0.0175713658098346,0.0398457719607643,0.0222744061509297
"416390",0.0589885701374934,0.0841313460084743,0.0717230518383843,0.0124082941700901,0.0251427758709809,0.0127344817008909
"417061",0.633620570332491,0.231885074367284,0.385500416155246,-0.153615341787962,-0.401735495965207,-0.248120154177245
"296707",0.267806335582401,0.317312598557467,0.291943926378972,0.025368672178495,0.0495062629750661,0.0241375907965711
"72136",0.0394306507718196,0.0306798654851707,0.0348839318835564,-0.00420406639838573,-0.0087507852866489,-0.00454671888826317
"116856",0.0493438834624368,0.0498963814828937,0.0500977781884462,-0.000201396705552463,0.000552498020456892,0.000753894726009355
"53150",0.18213910760629,0.130797582126854,0.153526130275556,-0.0227285481487013,-0.0513415254794358,-0.0286129773307345
"494332",0.807029807674159,0.261609377707159,0.49270066185594,-0.231091284148782,-0.545420429967,-0.314329145818218
"559049",0.243717094993437,0.235488359660778,0.239289832617249,-0.00380147295647126,-0.00822873533265914,-0.00442726237618787
"369729",0.254999808828332,0.230169861241179,0.241730693481401,-0.0115608322402219,-0.0248299475871524,-0.0132691153469306
"29793",1.2074696468838,0.320536177961373,0.634950744962652,-0.314414567001279,-0.886933468922427,-0.572518901921148
"90643",0.0775153681292582,0.0653517407062988,0.0713011679951481,-0.00594942728884934,-0.0121636274229594,-0.00621420013411009
"62146",1.11233292471205,0.44637102551803,0.710073843022933,-0.263702817504904,-0.66596189919402,-0.402259081689116
"254891",0.0922313753054,0.0823296647157261,0.0868655378378211,-0.00453587312209495,-0.00990171058967385,-0.00536583746757889
"225190",0.318131544033146,0.199534312699523,0.256823732900249,-0.0572894202007258,-0.118597231333623,-0.061307811132897
"228359",0.0331077408346467,0.0568212245438577,0.0463375241905213,0.0104837003533364,0.023713483709211,0.0132297833558746
"507372",0.209900733104618,0.171414624902185,0.189807211040194,-0.0183925861380084,-0.0384861082024329,-0.0200935220644245
"525948",1.33161347953402,0.243447364843292,1.33161347953402,-1.08816611469073,-1.08816611469073,0
"540453",0.502624344209769,0.216254545700667,0.326650855063632,-0.110396309362964,-0.286369798509101,-0.175973489146137
"253211",0.152641136378297,0.189848773910662,0.171052250543419,0.0187965233672431,0.0372076375323657,0.0184111141651226
"4189",0.637002347014965,0.269826244820682,0.420567232192268,-0.150740987371586,-0.367176102194284,-0.216435114822698
"85986",3.07223798760113,0.542822150556142,3.07223798760113,-2.52941583704498,-2.52941583704498,0
"74324",0.116411226413167,0.169008316195842,0.144998657061787,0.0240096591340557,0.0525970897826751,0.0285874306486194
"18581",0.384399577611252,0.186562754944118,0.285240501333128,-0.0986777463890096,-0.197836822667134,-0.0991590762781249
"303095",0.0853002373932025,0.109574599741257,0.0970522393046735,0.0125223604365839,0.0242743623480548,0.011752001911471
"331131",0.162039930249891,0.138133953323006,0.149791673220924,-0.0116577198979184,-0.023905976926885,-0.0122482570289666
"258893",0.296440171291916,0.228085015244383,0.259908907434871,-0.0318238921904875,-0.0683551560475322,-0.0365312638570447
"17949",0.435418858379142,0.236626502430851,0.331336485218917,-0.0947099827880667,-0.198792355948292,-0.104082373160225
"443829",0.0284654658934277,0.0638968673208977,0.0469165486686306,0.016980318652267,0.03543140142747,0.0184510827752029
"533493",0.0335393576368396,0.11274126410827,0.0750548379618795,0.0376864261463906,0.0792019064714305,0.0415154803250399
"195209",0.0357303060778173,0.105388941206396,0.0724583000875552,0.0329306411188408,0.0696586351285787,0.0367279940097379
"450806",0.328573411907871,0.227610860359608,0.264514877029429,-0.0369040166698205,-0.100962551548263,-0.0640585348784424
"417188",0.121899803973545,0.1295015081828,0.125792707294601,0.00370880088819914,0.00760170420925538,0.00389290332105624
"448173",0.0121151996984338,0.0598168497522706,0.0375413319593135,0.0222755177929571,0.0477016500538368,0.0254261322608797
"529739",0.723054850732126,0.198762640252062,0.400767059394382,-0.20200441914232,-0.524292210480064,-0.322287791337744
"96796",0.143222736133949,0.144231822856372,0.143776944276229,0.000454878580142759,0.00100908672242286,0.000554208142280105
"121746",1.06176075167716,0.391647715887565,0.638635391007004,-0.246987675119439,-0.670113035789597,-0.423125360670157
"449517",0.300722611945597,0.211015728918277,0.253968090387967,-0.0429523614696901,-0.0897068830273205,-0.0467545215576304
"290177",0.170254426211911,0.106198599975831,0.137385796289792,-0.0311871963139604,-0.0640558262360802,-0.0328686299221197
"538948",0.121232692728229,0.155105432707051,0.138117729511057,0.0169877031959932,0.0338727399788213,0.0168850367828281
"308792",0.0456994725615914,0.0610588273765994,0.0538888943416843,0.00716993303491516,0.0153593548150081,0.00818942178009291
"161794",0.0396225129189332,0.0444116772855462,0.042301256079437,0.00211042120610919,0.00478916436661301,0.00267874316050382
"433868",0.82268834505402,0.234835683517425,0.467804947265269,-0.232969263747844,-0.587852661536595,-0.354883397788752
"444886",0.0174366594477317,0.0359574074189158,0.0266934330866565,0.00926397433225923,0.018520747971184,0.0092567736389248
"373620",0.153960504172895,0.194652961640802,0.174513274372871,0.0201396872679314,0.0406924574679068,0.0205527701999754
"269043",0.268135634348186,0.197763396634257,0.231006493432293,-0.0332430967980359,-0.0703722377139296,-0.0371291409158937
"533861",0.799214761879143,0.292363814538634,0.507448546413411,-0.215084731874777,-0.506850947340508,-0.291766215465731
"280496",0.616869455951983,0.250436742968719,0.398440857877823,-0.148004114909104,-0.366432712983264,-0.21842859807416
"23622",2.05285109760362,0.612976127957438,1.15251377992968,-0.539537651972245,-1.43987496964618,-0.900337317673939
"187226",0.880329762299282,0.483389862696792,0.641600313547463,-0.158210450850671,-0.39693989960249,-0.238729448751819
"377610",3.32732634587829,0.810957290708966,1.70303733080076,-0.892080040091798,-2.51636905516933,-1.62428901507753
"158460",0.436081567199264,0.285740701397414,0.358716819801156,-0.0729761184037418,-0.15034086580185,-0.0773647473981086
"378616",0.546556709859669,0.186705363593501,0.320800217685377,-0.134094854091876,-0.359851346266168,-0.225756492174292
"487652",0.339174902951057,0.153786566093191,0.238119019783386,-0.084332453690195,-0.185388336857866,-0.101055883167671
"275048",0.0438460294033577,0.040253960231005,0.0419524959340552,-0.0016985357030502,-0.00359206917235261,-0.00189353346930241
"496581",0.0791331195823102,0.124235488711697,0.101703606092497,0.0225318826191993,0.0451023691293866,0.0225704865101873
"399250",0.496322598487709,0.248474283666882,0.348454679243511,-0.0999803955766287,-0.247848314820828,-0.147867919244199
"331173",1.96833407011557,0.385993540810626,1.96833407011557,-1.58234052930495,-1.58234052930495,0
"497202",0.0373425260844298,0.108360565675033,0.0726734726213268,0.0356870930537059,0.071018039590603,0.0353309465368971
"121621",0.506138960787946,0.296901716440633,0.382026925686985,-0.0851252092463518,-0.209237244347313,-0.124112035100961
"121081",1.21753087034986,0.600497644739662,0.870602240440382,-0.27010459570072,-0.617033225610199,-0.346928629909479
"371012",0.249083182816251,0.172479365432699,0.208437744126774,-0.0359583786940755,-0.0766038173835528,-0.0406454386894772
"56592",0.104695255118766,0.0655162021169145,0.0840092615718306,-0.0184930594549161,-0.0391790530018511,-0.020685993546935
"492462",0.0532299467772604,0.101084507814369,0.0799831481998452,0.0211013596145234,0.0478545610371083,0.0267532014225849
"550088",0.175666445704173,0.136801313349889,0.15462490059102,-0.0178235872411307,-0.0388651323542837,-0.021041545113153
"95230",0.0080594635714758,0.0262988476399561,0.0173631456669582,0.00893570197299792,0.0182393840684803,0.00930368209548237
"575451",0.127083794495343,0.0515403310278795,0.086301698592879,-0.0347613675649995,-0.0755434634674637,-0.0407820959024642
"480552",0.788369904872936,0.365158880429608,0.553684562598864,-0.188525682169257,-0.423211024443328,-0.234685342274071
"396999",0.0411629922798114,0.0942849545404758,0.0703466584282653,0.0239382961122104,0.0531219622606644,0.0291836661484539
"419656",0.818312399752845,0.237858206883048,0.475388929157476,-0.237530722274428,-0.580454192869797,-0.342923470595369
"251398",0.10828730392166,0.152371378116993,0.130362072180225,0.0220093059367674,0.0440840741953328,0.0220747682585654
"551417",0.546414248518389,0.179005241722649,0.312005554155114,-0.133000312432466,-0.36740900679574,-0.234408694363274
"255222",1.37439973004431,0.417494356105915,0.795580929291388,-0.378086573185473,-0.956905373938399,-0.578818800752926
"356761",0.0204950797462504,0.0779802660157568,0.0503119256508209,0.027668340364936,0.0574851862695065,0.0298168459045705
"339145",0.502863464580128,0.369536517414222,0.428713871391008,-0.0591773539767854,-0.133326947165906,-0.0741495931891207
"158397",0.826721663239652,0.261640489271372,0.495955563307776,-0.234315074036404,-0.56508117396828,-0.330766099931876
"30894",0.205699555449542,0.141919018702247,0.17335731456525,-0.0314382958630029,-0.0637805367472956,-0.0323422408842927
"545894",0.243104502543648,0.102291939664659,0.162481853404075,-0.0601899137394164,-0.140812562878989,-0.0806226491395725
"320529",0.335218438259249,0.161697108383338,0.235484131451621,-0.0737870230682837,-0.173521329875912,-0.0997343068076279
"334789",0.104101823493755,0.0799038355301624,0.091286578359431,-0.0113827428292687,-0.024197987963593,-0.0128152451343243
"297624",1.10681768642276,0.513168823690443,0.726954790652597,-0.213785966962154,-0.593648862732321,-0.379862895770167
"8106",0.0963694397602293,0.0894267485760051,0.0928599645505019,-0.00343321597449682,-0.00694269118422423,-0.00350947520972741
"145061",0.333340474284528,0.197090947345947,0.261411761893086,-0.0643208145471391,-0.136249526938581,-0.071928712391442
"266345",0.0541171884121623,0.0680489833493086,0.0622950499482049,0.00575393340110364,0.0139317949371463,0.00817786153604266
"459767",1.34766180034203,0.272616362178812,0.6566835846191,-0.384067222440288,-1.07504543816321,-0.690978215722927
"53085",3.59243988031684,0.765087912251323,1.76349670966506,-0.998408797413736,-2.82735196806552,-1.82894317065178
"161347",0.313742206370633,0.191572364179879,0.232211008199792,-0.0406386440199126,-0.122169842190753,-0.0815311981708409
"521023",0.208641845684839,0.141177245336368,0.171254666190186,-0.0300774208538178,-0.0674646003484712,-0.0373871794946534
"213949",0.22261996231837,0.115619887002882,0.16406731623153,-0.0484474292286474,-0.107000075315488,-0.0585526460868406
"512468",0.0844736093873245,0.0818002970840076,0.0829828279789644,-0.00118253089495686,-0.00267331230331694,-0.00149078140836008
"518246",0.139917835568682,0.0446703876809054,0.0880735543601282,-0.0434031666792228,-0.0952474478877761,-0.0518442812085533
"112694",0.160584444982646,0.135203604144287,0.147983619674802,-0.0127800155305149,-0.0253808408383594,-0.0126008253078445
"167028",0.157968946423143,0.0649893920195966,0.110098986743409,-0.0451095947238119,-0.092979554403546,-0.0478699596797341
"327063",0.0276667814646772,0.0488272692685347,0.0389218325085371,0.00990543675999751,0.0211604878038575,0.0112550510438599
"492627",0.0157937053056633,0.0371782633184764,0.0264740893859161,0.0107041739325603,0.0213845580128131,0.0106803840802528
"116830",0.00816511880494219,0.0463892846512562,0.0294657385160583,0.0169235461351979,0.038224165846314,0.0213006197111161
"131137",0.0562692559551017,0.0688283309907742,0.0630173752754452,0.00581095571532904,0.0125590750356726,0.00674811932034354
"107498",0.175152009030411,0.142596648043097,0.158728472043541,-0.0161318240004434,-0.0325553609873136,-0.0164235369868702
"350155",0.35331776863804,0.206288648498176,0.257476920863085,-0.0511882723649091,-0.147029120139864,-0.0958408477749547
"68887",0.650989315215039,0.296629011309432,0.476605040163712,-0.17997602885428,-0.354360303905607,-0.174384275051327
"156572",0.0216397931809354,0.0540554612043355,0.0391342940677242,0.0149211671366113,0.0324156680234,0.0174945008867888
"485583",0.466790701318543,0.318471618683341,0.394893081263445,-0.076421462580104,-0.148319082635202,-0.0718976200550977
"435412",0.195276538664944,0.155906825290108,0.175553567511497,-0.0196467422213882,-0.0393697133748359,-0.0197229711534476
"321465",0.050346128498693,0.0885219100541791,0.0697511235744395,0.0187707864797396,0.0381757815554861,0.0194049950757465
"399804",0.0156026324748652,0.0416207028663194,0.0283089249409222,0.0133117779253971,0.0260180703914542,0.012706292466057
"199707",0.0528960088239757,0.0881413057626231,0.0702207955898609,0.0179205101727622,0.0352452969386474,0.0173247867658852
"167503",0.367593915702447,0.227073113126837,0.295959504396689,-0.0688863912698522,-0.14052080257561,-0.071634411305758
"50131",0.286172680229135,0.160326194866266,0.215829198161608,-0.0555030032953429,-0.12584648536287,-0.0703434820675269
"73436",0.0220808358571005,0.0369668444834159,0.029632082582255,0.00733476190116086,0.0148860086263154,0.00755124672515453
"578125",2.30127795997009,0.330524326930053,2.30127795997009,-1.97075363304004,-1.97075363304004,0
"135483",0.0680979219863662,0.103584527260308,0.0863737123466518,0.0172108149136558,0.0354866052739414,0.0182757903602856
"438601",0.189489818844233,0.0916465613285316,0.138706599721793,-0.0470600383932615,-0.0978432575157018,-0.0507832191224402
"74965",0.122309292605626,0.108949191884382,0.115595512393829,-0.00664632050944677,-0.0133601007212443,-0.00671378021179757
"485729",0.024780123051728,0.048407374756294,0.0379113703485926,0.0104960044077014,0.023627251704566,0.0131312472968647
"51460",0.305769705996618,0.193143866501649,0.245668542108346,-0.0525246756066969,-0.112625839494969,-0.0601011638882725
"181946",1.84595590421729,0.311578656195173,1.84595590421729,-1.53437724802212,-1.53437724802212,0
"348332",3.94693482982068,0.343509865987222,3.94693482982068,-3.60342496383346,-3.60342496383346,0
"450590",0.403468094635074,0.194785258687107,0.292616509021648,-0.0978312503345407,-0.208682835947967,-0.110851585613426
"222459",0.0663641600774097,0.0822924078308136,0.0748186716489825,0.00747373618183104,0.0159282477534039,0.00845451157157284
"450859",1.3067928860912,0.157651458874457,1.3067928860912,-1.14914142721675,-1.14914142721675,0
"131543",1.02595601643888,0.162867423896127,1.02595601643888,-0.86308859254275,-0.86308859254275,0
"192875",0.0581315134216489,0.0812995742570181,0.0697050897770104,0.0115944844800077,0.0231680608353691,0.0115735763553614
"251057",0.145695526173241,0.118432989953071,0.131270533611268,-0.0128375436581973,-0.02726253622017,-0.0144249925619727
"113939",0.854423169012346,0.260174479451317,0.507362489543436,-0.247188010092118,-0.594248689561029,-0.34706067946891
"123637",0.00655497473054714,0.0156767993883338,0.0108047462696633,0.00487205311867054,0.00912182465778668,0.00424977153911614
"402277",0.0758180999449829,0.103661131694161,0.0905326149557731,0.013128516738388,0.0278430317491782,0.0147145150107902
"460755",0.0422323323232628,0.068206427735961,0.0558541628970626,0.0123522648388983,0.0259740954126982,0.0136218305737999
"112066",0.003268776165333,0.0200481442766782,0.0115828932640448,0.00846525101263342,0.0167793681113452,0.00831411709871182
"76557",0.047737228431461,0.0636139096010993,0.0562317633387349,0.00738214626236443,0.0158766811696383,0.00849453490727389
"27504",1.33866292142088,0.31137138326749,0.684350619165946,-0.372979235898456,-1.02729153815339,-0.654312302254929
"394509",0.0149456209303526,0.0624224479040361,0.0402877258702769,0.0221347220337592,0.0474768269736835,0.0253421049399243
"434283",0.69864085504857,0.46111209661729,0.57413360447193,-0.11302150785464,-0.23752875843128,-0.12450725057664
"63234",0.0680226896943078,0.134017438265993,0.10520279034046,0.0288146479255332,0.0659947485716854,0.0371801006461522
"195406",0.0195169238027947,0.0204761255236837,0.0201507453177742,0.000325380205909546,0.000959201720888984,0.000633821514979437
"563109",0.461878654219877,0.19703883391636,0.321605706842863,-0.124566872926503,-0.264839820303516,-0.140272947377014
"129556",1.18951709038314,0.223232136159568,1.18951709038314,-0.966284954223574,-0.966284954223574,0
"419332",0.555459292903647,0.366998429746706,0.450833494835868,-0.083835065089162,-0.188460863156942,-0.10462579806778
"346560",0.0416401282480186,0.0722792847607711,0.0585991745660148,0.0136801101947563,0.0306391565127526,0.0169590463179963
"501966",0.225845328741684,0.112158942023257,0.161128423066403,-0.0489694810431459,-0.113686386718427,-0.0647169056752812
"547062",0.913272881192456,0.381152452755137,0.587387087606684,-0.206234634851547,-0.532120428437319,-0.325885793585772
"452402",0.00406834975973972,0.0374219676995214,0.020668627369939,0.0167533403295824,0.0333536179397817,0.0166002776101993
"89027",0.173168932713978,0.207735283284292,0.191033725957875,0.0167015573264175,0.0345663505703136,0.0178647932438961
"315312",0.142965599511231,0.138864668464582,0.140755395175882,-0.00189072671129994,-0.00410093104664888,-0.00221020433534894
"432241",0.432970077573197,0.311129519359726,0.371170448344265,-0.0600409289845391,-0.121840558213471,-0.0617996292289316
"292776",0.16555130103963,0.137564051219978,0.149822767285616,-0.0122587160656377,-0.0279872498196517,-0.015728533754014
"124415",0.0581327224586753,0.100467122944781,0.0812777565950303,0.019189366349751,0.042334400486106,0.023145034136355
"172705",0.0881976719813492,0.138304277380772,0.113496690430089,0.0248075869506826,0.0501066053994223,0.0252990184487397
"146100",0.0447756339872565,0.0718011659794493,0.0600980156633199,0.0117031503161294,0.0270255319921928,0.0153223816760634
"323465",0.0343121456705085,0.0921734048689743,0.0640344942658799,0.0281389106030945,0.0578612591984658,0.0297223485953713
"42202",0.0751256973563993,0.100257420214006,0.0891790442558274,0.0110783759581786,0.0251317228576067,0.0140533468994281
"250313",0.280882944197006,0.161049304414594,0.220506697241288,-0.0594573928266934,-0.119833639782412,-0.0603762469557185
"210841",0.0462837819755476,0.0485291187697131,0.0473045892049532,0.00122452956475993,0.0022453367941655,0.00102080722940558
"376552",0.631659033661508,0.17846337976148,0.348211528951804,-0.169748149190323,-0.453195653900028,-0.283447504709704
"454209",0.63949593967414,0.232752201361705,0.436580681333966,-0.20382847997226,-0.406743738312434,-0.202915258340174
"372806",0.116742052817932,0.138526212731579,0.12852148229449,0.0100047304370895,0.0217841599136474,0.0117794294765579
"426107",0.0235371518920745,0.0631940750180544,0.0439955616399585,0.019198513378096,0.03965692312598,0.020458409747884
"308428",0.11266213535601,0.0976828144770868,0.104868239845977,-0.00718542536888989,-0.0149793208789235,-0.00779389551003364
"154179",0.526482331897739,0.245998835007489,0.356361173449914,-0.110362338442425,-0.28048349689025,-0.170121158447825
"95060",0.878740782124294,0.348696932874367,0.587474894835021,-0.238777961960654,-0.530043849249927,-0.291265887289272
"460560",0.0229940790630881,0.0858449455190318,0.0539682957365738,0.031876649782458,0.0628508664559437,0.0309742166734857
"264656",0.333918867503769,0.275684481023052,0.303179919454797,-0.0274954384317447,-0.0582343864807167,-0.030738948048972
"8953",0.0309728954680919,0.0507942385674069,0.0412816070083007,0.00951263155910616,0.019821343099315,0.0103087115402089
"362154",0.086129203812975,0.0591514724958087,0.071982839385407,-0.0128313668895983,-0.0269777313171663,-0.014146364427568
"476084",0.038709445732724,0.0528338946608059,0.0460777593016501,0.0067561353591558,0.014124448928082,0.00736831356892616
"93821",0.717291223710908,0.17130235912243,0.382135007686737,-0.210832648564307,-0.545988864588479,-0.335156216024171
"432655",0.00249014306805204,0.0231342782695013,0.0138122243487403,0.00932205392076101,0.0206441352014493,0.0113220812806883
"241096",0.319929168903527,0.178419536797157,0.242374623975392,-0.0639550871782353,-0.14150963210637,-0.0775545449281351
"531210",1e-08,0.0446513441462084,0.0242797481118505,0.0203715960343579,0.0446513341462084,0.0242797381118505
"299323",2.71839106754752,0.539119589369617,1.38382135399167,-0.844701764622052,-2.1792714781779,-1.33456971355585
"479003",0.0675507821060968,0.0974887711347469,0.0833687551766745,0.0141200159580725,0.0299379890286502,0.0158179730705777
"125482",0.364253727473686,0.129001307594835,0.232675741983439,-0.103674434388604,-0.235252419878851,-0.131577985490247
"283742",0.125773509191366,0.0733043653263836,0.0985578591831128,-0.0252534938567292,-0.0524691438649822,-0.0272156500082529
"175683",0.0817303185585049,0.0800234788150356,0.0808317279500304,-0.00080824913499479,-0.00170683974346925,-0.000898590608474456
"309033",0.0176420232978252,0.0702762527143816,0.0433388431244162,0.0269374095899654,0.0526342294165564,0.0256968198265909
"285905",0.0115851785843157,0.0537407899977396,0.0333485656096943,0.0203922243880453,0.0421556114134239,0.0217633870253786
"73224",0.223218834715377,0.116767992845914,0.168236190351665,-0.0514681975057508,-0.106450841869463,-0.0549826443637121
"281660",0.255106564893555,0.19302026615502,0.221742858155861,-0.0287225920008413,-0.0620862987385354,-0.0333637067376941
"3130",0.103277486919675,0.0651127681287879,0.0830201841789315,-0.0179074160501436,-0.0381647187908872,-0.0202573027407436
"444947",0.34583724621209,0.135033110602162,0.227566232093557,-0.0925331214913941,-0.210804135609927,-0.118271014118533
"439921",1.4560148943644,0.250635552010544,1.4560148943644,-1.20537934235385,-1.20537934235385,0
"543631",0.406573784966516,0.201114904783623,0.272331866072836,-0.0712169612892132,-0.205458880182894,-0.13424191889368
"36507",0.0406972973207415,0.116110861682178,0.0791908108414583,0.0369200508407197,0.0754135643614365,0.0384935135207169
"401691",0.123021975130213,0.138438450864603,0.131066480025423,0.0073719708391802,0.0154164757343898,0.00804450489520961
"59035",1.13143418355426,0.377458665095344,0.580318313465347,-0.202859648370004,-0.753975518458912,-0.551115870088908
"410350",0.257684185066298,0.095847921305352,0.17383734078202,-0.077989419476668,-0.161836263760946,-0.0838468442842782
"440205",0.378573651592522,0.197738408937427,0.279992065421616,-0.0822536564841891,-0.180835242655096,-0.0985815861709065
"24892",0.445634360641532,0.27689375045499,0.343502048536824,-0.0666082980818336,-0.168740610186542,-0.102132312104708
"163158",0.0494861778272741,0.0848098217226561,0.0682163765048689,0.0165934452177871,0.035323643895382,0.0187301986775949
"173653",2.37720464153453,0.3477933534896,2.37720464153453,-2.02941128804493,-2.02941128804493,0
"254513",0.261184282048659,0.164173601555298,0.205768579043442,-0.0415949774881438,-0.0970106804933606,-0.0554157030052169
"418249",0.029775300802737,0.0855840269418579,0.0573830646258134,0.0282009623160445,0.0558087261391209,0.0276077638230764
"73663",1.76872235796156,0.32430012766395,1.76872235796156,-1.44442223029761,-1.44442223029761,0
"489282",3.37456662277619,0.466926904977779,3.37456662277619,-2.90763971779841,-2.90763971779841,0
"548287",0.100378963178045,0.14787862007067,0.125971768867425,0.0219068512032443,0.0474996568926248,0.0255928056893805
"506414",0.0515460142512083,0.0659348482489492,0.0589891207223386,0.00694572752661059,0.0143888339977409,0.00744310647113032
"186980",0.136758439449976,0.0504521608004815,0.0883382861492726,-0.0378861253487912,-0.0863062786494949,-0.0484201533007037
"91901",7.58845686548088,1.61710553317677,3.23313153877399,-1.61602600559722,-5.97135133230411,-4.35532532670689
"462906",0.210619418185398,0.141402976892718,0.173657276332165,-0.0322542994394468,-0.0692164412926796,-0.0369621418532328
"542278",0.906298017791858,0.252805196150284,0.528964389840434,-0.27615919369015,-0.653492821641574,-0.377333627951424
"404985",0.211854202479999,0.119428238436575,0.164492635478003,-0.0450643970414279,-0.0924259640434246,-0.0473615670019967
"233206",0.0334702060107397,0.0281368967013535,0.0311109230375569,-0.00297402633620333,-0.00533330930938617,-0.00235928297318284
"96653",0.0811609183523281,0.0714152478454272,0.0759619974881964,-0.0045467496427692,-0.00974567050690082,-0.00519892086413162
"10258",2.01127161239241,0.446703351148814,0.985238417295141,-0.538535066146327,-1.56456826124359,-1.02603319509727
"381652",0.167319420167955,0.143516013413117,0.15380886693722,-0.010292853524103,-0.0238034067548379,-0.0135105532307349
"378621",1.50425182287363,0.420293751450559,0.860176989088701,-0.439883237638143,-1.08395807142307,-0.644074833784926
"96694",0.334800405267389,0.108276530570928,0.212079960490974,-0.103803429920046,-0.226523874696461,-0.122720444776415
"508551",0.552405816216431,0.169208556612809,0.311894234458963,-0.142685677846154,-0.383197259603622,-0.240511581757468
"417186",0.263464602589561,0.177399399790846,0.215781330168172,-0.0383819303773265,-0.0860652027987147,-0.0476832724213882
"20804",0.201980934841773,0.119829879539291,0.159416485505297,-0.0395866059660065,-0.0821510553024824,-0.0425644493364759
"200065",0.407822670237018,0.156527969617237,0.27462320929516,-0.118095239677923,-0.251294700619781,-0.133199460941858
"160438",0.0616434465445258,0.126343157085936,0.0957711419797207,0.0305720151062149,0.0646997105414097,0.0341276954351949
"261708",0.310402248200093,0.12859207432804,0.219145851267875,-0.0905537769398345,-0.181810173872053,-0.0912563969322181
"533667",1.14746378782819,0.38893166663227,0.669475995565652,-0.280544328933382,-0.758532121195923,-0.477987792262541
"92779",0.0182399338531357,0.0304876716901225,0.0247172122528172,0.00577045943730528,0.0122477378369867,0.00647727839968144
"341652",0.190162893170003,0.13695956933598,0.161754715328963,-0.0247951459929828,-0.0532033238340226,-0.0284081778410398
"137426",0.0600517879634442,0.0821262689292644,0.0709668316630819,0.0111594372661825,0.0220744809658202,0.0109150436996377
"374084",0.441023080903013,0.234017071686748,0.332040598123533,-0.0980235264367853,-0.207006009216265,-0.10898248277948
"120686",0.282075716033889,0.157148125003014,0.212776603196664,-0.0556284781936503,-0.124927591030876,-0.0692991128372252
"482196",1.87540707337674,0.718329941752508,1.17795891339939,-0.459628971646878,-1.15707713162423,-0.697448159977354
"58588",2.81600283633184,0.748969167205491,1.44461078442346,-0.695641617217966,-2.06703366912635,-1.37139205190839
"441366",0.0627307520128384,0.105922370285806,0.0850460972126048,0.0208762730732007,0.0431916182729671,0.0223153451997664
"469056",0.560862899274362,0.303876611156007,0.411995522633359,-0.108118911477353,-0.256986288118355,-0.148867376641003
"538902",0.137974769566429,0.150763584622944,0.144697882032577,0.00606570259036715,0.0127888150565153,0.00672311246614815
"214297",0.491394710655818,0.29371787841706,0.392354432380431,-0.0986365539633706,-0.197676832238758,-0.0990402782753871
"55611",0.0518582963459779,0.0722923386672993,0.0623971431119177,0.00989519555538162,0.0204340423213214,0.0105388467659398
"334496",0.210115829518998,0.149653276914744,0.175306525192011,-0.0256532482772669,-0.0604625526042538,-0.0348093043269869
"230763",1.91868210847912,0.768390660320145,1.23014649845136,-0.461755838131219,-1.15029144815898,-0.688535610027759
"116504",0.0175543812373468,0.0480946694244492,0.0343628005704012,0.013731868854048,0.0305402881871023,0.0168084193330543
"349765",0.279144319063861,0.251146157333695,0.264651978760505,-0.01350582142681,-0.0279981617301655,-0.0144923403033555
"62110",0.169134404581917,0.114084295047513,0.140226762792449,-0.0261424677449359,-0.0550501095344038,-0.0289076417894678
"340518",0.172794013119916,0.121795776502914,0.144748084262276,-0.022952307759362,-0.0509982366170028,-0.0280459288576408
"153893",0.0453693104838151,0.0592615164135971,0.0527858336505236,0.00647568276307343,0.013892205929782,0.00741652316670855
"370423",0.563853954987328,0.181979136449452,0.321438669439686,-0.139459532990234,-0.381874818537876,-0.242415285547642
"253212",0.36287218116497,0.264935882644428,0.30237033333859,-0.037434450694162,-0.0979362985205423,-0.0605018478263803
"408811",0.0847444950020289,0.0938573422664112,0.0894828035081306,0.00437453875828066,0.00911284726438233,0.00473830850610167
"280111",0.602191813175617,0.178258388643325,0.336887917620981,-0.158629528977656,-0.423933424532292,-0.265303895554636
"220839",0.796336429000563,0.400771345142579,0.539978218398378,-0.139206873255799,-0.395565083857984,-0.256358210602185
"292445",0.0297265191547925,0.0647219557106174,0.0489778954587478,0.0157440602518696,0.0349954365558248,0.0192513763039552
"389460",0.681539792981588,0.223952602672174,0.411732798155889,-0.187780195483715,-0.457587190309414,-0.269806994825699
"90270",0.0403086791970496,0.0359266952775252,0.0379699266548475,-0.00204323137732235,-0.00438198391952441,-0.00233875254220206
"204366",0.0891394879614543,0.0944807547085974,0.0917685468567991,0.00271220785179828,0.00534126674714312,0.00262905889534484
"453105",0.261366039350332,0.154753293951929,0.205647147265695,-0.050893853313766,-0.106612745398403,-0.0557188920846367
"470254",0.0768944204419846,0.121562095187653,0.0999162749378932,0.0216458202497601,0.0446676747456686,0.0230218544959086
"242860",0.0445382958827012,0.0512527464106621,0.0476368902897068,0.0036158561209553,0.00671445052796091,0.00309859440700561
"484087",0.566626927380689,0.192975754323509,0.332020060246448,-0.139044305922939,-0.37365117305718,-0.234606867134241
"561537",0.276681655450119,0.17843762217042,0.22542411326788,-0.0469864910974602,-0.0982440332796985,-0.0512575421822383
"91615",0.0137999136875913,0.0411415061989775,0.0283146300895507,0.0128268761094268,0.0273415925113862,0.0145147164019594
"463246",0.0466803081651667,0.0721710311537477,0.0605155617114194,0.0116554694423283,0.025490722988581,0.0138352535462527
"269495",0.908360827751241,0.306656856219832,0.568657544193683,-0.26200068797385,-0.601703971531408,-0.339703283557558
"522121",0.639267783304012,0.304112948108962,0.447745644277911,-0.143632696168948,-0.335154835195049,-0.191522139026101
"47083",0.0827856022651151,0.117380310152169,0.100937159259566,0.0164431508926036,0.0345947078870541,0.0181515569944505
"259332",1.66096535221944,0.35436727815229,0.877812463230735,-0.523445185078446,-1.30659807406715,-0.783152888988708
"264867",0.723130977306441,0.296004717808118,0.47296033895386,-0.176955621145742,-0.427126259498323,-0.250170638352581
"558264",0.0376944187443155,0.0627150837435446,0.0517631751312775,0.0109519086122672,0.0250206649992291,0.014068756386962
"433665",0.0527935553416852,0.0596832030251598,0.0562474296980455,0.00343577332711433,0.00688964768347461,0.00345387435636028
"504848",0.0165733565281509,0.0544024665773219,0.0360991431591393,0.0183033234181826,0.037829110049171,0.0195257866309884
"540316",0.23037229453725,0.122446289909204,0.172764313742163,-0.0503180238329587,-0.107926004628046,-0.0576079807950878
"299342",0.332579925414299,0.126505099176075,0.224654406123838,-0.0981493069477628,-0.206074826238224,-0.107925519290461
"109085",0.0719973669622147,0.0999773503251901,0.0859104451651288,0.0140669051600613,0.0279799833629754,0.0139130782029141
"570220",0.07867902805794,0.105306384132986,0.0922480215708151,0.0130583625621706,0.0266273560750457,0.0135689935128751
"152501",0.123109858388979,0.0761154257996246,0.0960388105073928,-0.0199233847077681,-0.0469944325893546,-0.0270710478815865
"96936",1.44218231940262,0.502544759540003,0.895687932373776,-0.393143172833773,-0.939637559862621,-0.546494387028848
"276876",0.0564785613112582,0.120622842784035,0.0898669637361279,0.0307558790479076,0.0641442814727772,0.0333884024248697
"71844",1.09241293545277,0.305438931077897,0.583443389461752,-0.278004458383855,-0.786974004374877,-0.508969545991023
"321025",1.2110976143636,0.280416086925533,0.604162819511038,-0.323746732585505,-0.930681527438065,-0.60693479485256
"546181",0.0838445976573702,0.088867830108549,0.0863713374112784,0.00249649269727059,0.00502323245117886,0.00252673975390827
"100405",0.567744035695972,0.237258763533972,0.366791822554002,-0.12953305902003,-0.330485272162,-0.20095221314197
"33826",0.42374434696383,0.21378045721653,0.291457031493876,-0.0776765742773458,-0.209963889747301,-0.132287315469955
"174790",0.532410728199613,0.271406231182925,0.371874249677821,-0.100468018494896,-0.261004497016688,-0.160536478521792
"398425",0.100670163269388,0.0991659613283883,0.0999376055522212,-0.000771644223832843,-0.00150420194099962,-0.000732557717166779
"217238",0.156241575084948,0.138435279303143,0.146996362990048,-0.00856108368690495,-0.0178062957818045,-0.00924521209489956
"77352",0.578775550338773,0.274518116653928,0.403118191581203,-0.128600074927274,-0.304257433684844,-0.17565735875757
"132847",0.324918643375963,0.178238288899911,0.246757148201315,-0.0685188593014039,-0.146680354476052,-0.0781614951746483
"205543",0.271222785081767,0.199657417306352,0.234414352358648,-0.0347569350522955,-0.071565367775415,-0.0368084327231195
"22346",0.932639975430629,0.156906626697737,0.932639975430629,-0.775733348732892,-0.775733348732892,0
"69397",0.0536153976119513,0.0494239422168689,0.0513688702488751,-0.00194492803200623,-0.00419145539508235,-0.00224652736307612
"156391",0.418327782936639,0.22321518630575,0.297717838801178,-0.0745026524954285,-0.195112596630889,-0.120609944135461
"42947",0.0394194960245859,0.0770612456093236,0.0584993313639994,0.0185619142453242,0.0376417495847376,0.0190798353394134
"482983",0.318144943224692,0.13021391120585,0.218341391621324,-0.0881274804154739,-0.187931032018842,-0.0998035516033684
"172083",0.032247764111643,0.12576783103992,0.0811192533366302,0.04464857770329,0.0935200669282772,0.0488714892249872
"156488",0.0595879116063268,0.0484834760320054,0.0538468752155568,-0.00536339918355137,-0.0111044355743214,-0.00574103639077007
"139752",7.5841006885453,1.31611084504032,7.5841006885453,-6.26798984350498,-6.26798984350498,0
"40575",0.152826959484421,0.147050338701836,0.149666900990395,-0.00261656228855839,-0.00577662078258484,-0.00316005849402645
"533779",0.610522029368622,0.314351667228105,0.463836145724019,-0.149484478495914,-0.296170362140517,-0.146685883644603
"55236",0.115347576917957,0.051440025544113,0.0783442525658895,-0.0269042270217765,-0.063907551373844,-0.0370033243520675
"424762",0.0636545741790806,0.0809107923671099,0.0728411228319235,0.00806966953518642,0.0172562181880294,0.00918654865284294
"64886",0.197748756621314,0.101441891119342,0.14508023793529,-0.0436383468159486,-0.0963068655019727,-0.0526685186860241
"11222",0.0242631006712995,0.0354047419711751,0.0297685077647146,0.00563623420646049,0.0111416412998756,0.00550540709341513
"346642",0.136781643162192,0.0673995253961944,0.100058812653551,-0.0326592872573564,-0.0693821177659979,-0.0367228305086415
"436711",1.73327539837385,0.167730970288769,1.73327539837385,-1.56554442808508,-1.56554442808508,0
"374245",0.0719489042084056,0.106580389698648,0.0891881594185821,0.0173922302800661,0.0346314854902425,0.0172392552101764
"341364",1.66661645248559,0.686089112275928,1.0580430214309,-0.371953909154971,-0.98052734020966,-0.608573431054689
"89557",0.0479300508654915,0.147095694474183,0.0993344266021428,0.0477612678720401,0.0991656436086915,0.0514043757366514
"295587",0.226888667194223,0.215751103487376,0.220818895387946,-0.00506779190056994,-0.011137563706847,-0.00606977180627705
"176141",0.0506940372070065,0.0907227716291816,0.0702868515773879,0.0204359200517937,0.040028734422175,0.0195928143703813
"158772",3.38598517048618,0.404102837353585,3.38598517048618,-2.98188233313259,-2.98188233313259,0
"315928",0.216157615617117,0.0858761823319469,0.135639435178218,-0.0497632528462714,-0.13028143328517,-0.0805181804388988
"273982",0.109581052368786,0.107431969371483,0.108327327416298,-0.000895358044814942,-0.00214908299730265,-0.00125372495248771
"496227",0.0797643683476915,0.0782983822383474,0.0789216205614944,-0.000623238323147091,-0.00146598610934419,-0.000842747786197098
"457865",7.86056232457433,0.14868873054219,7.86056232457433,-7.71187359403214,-7.71187359403214,0
"395208",0.0914046790321678,0.0994871653686994,0.0956405070630743,0.00384665830562504,0.00808248633653154,0.0042358280309065
"558653",0.181101833335489,0.148061756290842,0.163804332527777,-0.0157425762369353,-0.0330400770446477,-0.0172975008077124
"381045",0.27311475465153,0.234688304910158,0.252991402997989,-0.0183030980878313,-0.0384264497413724,-0.0201233516535412
"480916",0.351333127997779,0.168357947844255,0.254461872119319,-0.0861039242750642,-0.182975180153525,-0.0968712558784607
"309421",2.09882484899233,0.638746399556776,1.19880274087769,-0.56005634132091,-1.46007844943555,-0.900022108114643
"226961",8.77634570255925,0.627097374626822,8.77634570255925,-8.14924832793242,-8.14924832793242,0
"561708",0.0852735679078208,0.105601187602943,0.0961011493508119,0.00950003825213114,0.0203276196951222,0.0108275814429911
"273896",0.0765826601204384,0.114769806415271,0.0972472122512864,0.0175225941639848,0.0381871462948328,0.020664552130848
"320158",0.400518633419358,0.27197336507577,0.323239512219121,-0.0512661471433504,-0.128545268343588,-0.0772791212002378
"229193",0.67250213842163,0.36997914531199,0.501918107664204,-0.131938962352214,-0.302522993109641,-0.170584030757427
"322151",0.785407057236078,0.196396556875703,0.430778921470353,-0.23438236459465,-0.589010500360375,-0.354628135765726
"454208",0.642349824815478,0.28332018477896,0.430068033733342,-0.146747848954382,-0.359029640036518,-0.212281791082135
"105902",0.039553275834493,0.058561463990152,0.0495290407164097,0.00903242327374235,0.0190081881556591,0.0099757648819167
"334178",1.34448035107351,0.497277222571777,0.850072059558979,-0.352794836987202,-0.847203128501735,-0.494408291514533
"164172",0.162460355034481,0.137266889199844,0.149651332583072,-0.0123844433832281,-0.0251934658346379,-0.0128090224514099
"390500",1.2512841693363,0.240549962299841,1.2512841693363,-1.01073420703646,-1.01073420703646,0
"193375",0.327185765877086,0.209236981664244,0.262242505138796,-0.0530055234745521,-0.117948784212842,-0.0649432607382904
"402075",0.209792642220497,0.160259230396131,0.184201570816185,-0.0239423404200547,-0.0495334118243669,-0.0255910714043122
"226282",0.692653137961898,0.206798074206324,0.439247230355002,-0.232449156148678,-0.485855063755574,-0.253405907606896
"10434",2.14349856772692,0.449348255693542,1.04202039252295,-0.592672136829412,-1.69415031203338,-1.10147817520397
"491035",0.821212536571528,0.240713905514245,0.481992472730231,-0.241278567215986,-0.580498631057283,-0.339220063841297
"481724",10,0.934477739928591,10,-9.06552226007141,-9.06552226007141,0
"340175",0.0527302545211145,0.128828143943475,0.0921947798357493,0.036633364107726,0.0760978894223608,0.0394645253146348
"68852",0.0905439140142102,0.110430489118211,0.100688662564041,0.00974182655416936,0.0198865751040005,0.0101447485498311
"397650",0.0423165166452414,0.0705641998025354,0.0565319092699295,0.0140322905326059,0.028247683157294,0.0142153926246881
"292406",2.24316391441408,0.287314524763432,2.24316391441408,-1.95584938965065,-1.95584938965065,0
"545454",1.3012507401875,0.23456735851941,1.3012507401875,-1.06668338166809,-1.06668338166809,0
"177167",0.212878693258357,0.119359864199028,0.16437613149997,-0.0450162673009421,-0.0935188290593288,-0.0485025617583867
"377488",0.0439339920762647,0.0686975652556209,0.0563968306308262,0.0123007346247948,0.0247635731793562,0.0124628385545615
"563232",0.00590809546692041,0.0451176949982535,0.0270147688518753,0.0181029261463782,0.0392095995313331,0.0211066733849549
"394179",0.0854663871200618,0.0892065043039646,0.0874166221740648,0.00178988212989988,0.00374011718390285,0.00195023505400298
"44088",0.510055309042089,0.492086577397212,0.49910840105187,-0.00702182365465787,-0.0179687316448769,-0.010946907990219
"176356",0.140801695966141,0.107860872284311,0.121476970746088,-0.0136160984617776,-0.0329408236818297,-0.0193247252200522
"10367",0.0184705231374189,0.0311091627911276,0.0248317117817423,0.00627745100938532,0.0126386396537087,0.00636118864432339
"8213",0.0678993508671937,0.0705048527311845,0.0692975572845086,0.00120729544667586,0.00260550186399075,0.00139820641731489
"424455",0.600654061948995,0.195555368383252,0.351226162986293,-0.155670794603041,-0.405098693565743,-0.249427898962702
"422487",0.399726292019569,0.271209355522989,0.336208875793111,-0.064999520270122,-0.12851693649658,-0.063517416226458
"53734",0.298019907382989,0.166129981081777,0.229142346814277,-0.0630123657325004,-0.131889926301212,-0.0688775605687117
"469716",0.868840775128521,0.370990481666345,0.593698957336003,-0.222708475669657,-0.497850293462176,-0.275141817792518
"52665",0.0774702027193592,0.133387907245468,0.106132303526123,0.0272556037193444,0.0559177045261083,0.0286621008067639
"471538",0.160120443749767,0.18059078972758,0.170764875348406,0.00982591437917352,0.0204703459778126,0.0106444315986391
"316803",0.186428037909479,0.223135924577611,0.205330623821985,0.017805300755626,0.0367078866681324,0.0189025859125064
"441331",0.236057167974892,0.147831210389389,0.186772934107683,-0.038941723718294,-0.0882259575855026,-0.0492842338672085
"546051",3.54647655459617,0.494453975003537,3.54647655459617,-3.05202257959263,-3.05202257959263,0
"486688",1.18199771993021,0.363019132772721,0.666136939391533,-0.303117806618811,-0.818978587157491,-0.51586078053868
"359194",0.149847812834879,0.167086649562139,0.158847797051146,0.00823885251099257,0.0172388367272601,0.00899998421626749
"376132",1.50949450706051,0.401883530879973,0.845293221268826,-0.443409690388854,-1.10761097618053,-0.664201285791681
"205408",0.052021495866845,0.0881874025634802,0.0705984984789917,0.0175889040844886,0.0361659066966353,0.0185770026121467
"390608",0.138196627157067,0.102226764177345,0.115728237199189,-0.0135014730218442,-0.0359698629797216,-0.0224683899578774
"7505",0.192902563598275,0.0800765328323733,0.1347531165067,-0.0546765836743272,-0.112826030765902,-0.0581494470915745
"480336",0.0290638426595403,0.0697250009858153,0.0512189397676545,0.0185060612181608,0.040661158326275,0.0221550971081142
"151381",2.08353187396477,0.273651374594729,2.08353187396477,-1.80988049937004,-1.80988049937004,0
"263271",0.517655747988992,0.296525140133068,0.386679880809688,-0.09015474067662,-0.221130607855924,-0.130975867179304
"420706",0.156047109013281,0.133694930989766,0.143617828283104,-0.00992289729333828,-0.0223521780235149,-0.0124292807301766
"187474",0.0141232761259057,0.0534122243187318,0.0343989952188312,0.0190132290999006,0.0392889481928261,0.0202757190929256
"486622",0.226399042960858,0.148732033209491,0.186796358650102,-0.0380643254406115,-0.0776670097513671,-0.0396026843107556
"548985",0.679125546306497,0.26360353456859,0.432137866575046,-0.168534332006457,-0.415522011737908,-0.246987679731451
"163631",0.468240823777969,0.166520760181915,0.273546576571965,-0.10702581639005,-0.301720063596054,-0.194694247206004
"329996",0.818406642182445,0.224219114663478,0.512820037499619,-0.288600922836141,-0.594187527518967,-0.305586604682826
"460576",0.0758282909931461,0.136578580013254,0.107740150884183,0.0288384291290713,0.0607502890201082,0.031911859891037
"351849",0.216833697014636,0.175716949016131,0.195529590530986,-0.0198126415148548,-0.0411167479985046,-0.0213041064836498
"384664",1.58125503388166,0.179431786841962,1.58125503388166,-1.4018232470397,-1.4018232470397,0
"503129",0.164641664431023,0.16277829262946,0.163546725201175,-0.0007684325717143,-0.00186337180156232,-0.00109493922984802
"251368",0.110758394189471,0.0609235997014452,0.0846302537234106,-0.0237066540219654,-0.0498347944880258,-0.0261281404660604
"106556",0.613878791030193,0.24920261823804,0.393554235844304,-0.144351617606264,-0.364676172792153,-0.220324555185889
"372867",0.19686808323833,0.154584975700188,0.174618020372829,-0.0200330446726416,-0.0422831075381425,-0.0222500628655009
"282844",0.557278844395202,0.316310527357072,0.414908456178813,-0.0985979288217402,-0.24096831703813,-0.14237038821639
"159707",0.0997456220446536,0.0746460593538986,0.0865309663935197,-0.0118849070396211,-0.025099562690755,-0.013214655651134
"384660",2.09241635377745,0.606391204835203,1.17369073536992,-0.567299530534714,-1.48602514894224,-0.918725618407529
"556779",0.0137290052613739,0.0299705439446725,0.0214738093066086,0.00849673463806391,0.0162415386832986,0.0077448040452347
"477972",0.178022366129374,0.127383937180074,0.148911538902199,-0.0215276017221246,-0.0506384289492992,-0.0291108272271746
"504709",0.929445120852504,0.237025384792897,0.449121537985105,-0.212096153192208,-0.692419736059607,-0.480323582867399
"444531",0.321985831877616,0.128531454471474,0.215541218267116,-0.0870097637956415,-0.193454377406142,-0.1064446136105
"300278",0.0740856058561596,0.0859275271253946,0.0802202069279288,0.00570732019746577,0.011841921269235,0.00613460107176921
"373797",0.0929978941595653,0.112678728214253,0.103307891436208,0.00937083677804508,0.0196808340546874,0.0103099972766423
"474753",0.175996271788988,0.0977109266981239,0.132623632527864,-0.0349127058297403,-0.0782853450908637,-0.0433726392611234
"227181",0.0421285649281255,0.101515598703474,0.0708040319334833,0.0307115667699906,0.0593870337753484,0.0286754670053578
"8772",0.0904080949130421,0.062342983803106,0.0753111105650136,-0.0129681267619076,-0.0280651111099361,-0.0150969843480285
"552492",0.0470806450355151,0.0592635087073574,0.0534352180784884,0.00582829062886895,0.0121828636718422,0.00635457304297329
"568320",0.0679337041843425,0.0991270595459786,0.0837599190583983,0.0153671404875803,0.031193355361636,0.0158262148740558
"377946",0.195141697919294,0.106791790032503,0.147627093506166,-0.0408353034736625,-0.0883499078867903,-0.0475146044131279
"215126",0.116577025684212,0.0620478131897387,0.0869457751745266,-0.024897961984788,-0.0545292124944732,-0.0296312505096852
"545700",0.0996748112737851,0.163972296187723,0.132622452204555,0.0313498439831681,0.0642974849139376,0.0329476409307695
"336123",0.0579798473519997,0.138578634587268,0.102148288762216,0.0364303458250528,0.0805987872352687,0.0441684414102159
"39435",0.839582252347204,0.333866475988987,0.552286441263424,-0.218419965274437,-0.505715776358217,-0.28729581108378
"487419",0.332301623974319,0.175703115798766,0.251112734388999,-0.0754096185902327,-0.156598508175553,-0.0811888895853205
"226635",0.367821220210243,0.248671572797248,0.291517585381476,-0.0428460125842282,-0.119149647412995,-0.0763036348287669
"253105",0.0435620046958176,0.136684303232712,0.0919905796446477,0.0446937235880645,0.0931222985368946,0.0484285749488301
"287738",0.204831058863657,0.182472883361272,0.193471113142302,-0.0109982297810298,-0.0223581755023853,-0.0113599457213555
"213959",0.388196438701668,0.161657147895554,0.266080564076019,-0.104423416180465,-0.226539290806114,-0.12211587462565
"499886",1.10615444336394,0.623419217632261,0.829095008326709,-0.205675790694449,-0.482735225731679,-0.277059435037231
"54351",0.0606989959343459,0.102595970822638,0.0826633179845848,0.0199326528380527,0.0418969748882916,0.0219643220502389
"97921",0.161730104104913,0.173178832435185,0.168213488756266,0.00496534367891957,0.0114487283302724,0.00648338465135281
"188283",0.042658317132241,0.0304171952618978,0.0363519481960078,-0.00593475293410994,-0.0122411218703432,-0.00630636893623326
"301447",0.0385873952056561,0.108441553190911,0.074984913707289,0.0334566394836215,0.0698541579852544,0.0363975185016329
"521166",1.19894085415311,0.652463362212399,0.892392459426725,-0.239929097214326,-0.546477491940712,-0.306548394726387
"485502",0.176522060713792,0.106570614122549,0.139322305632701,-0.0327516915101521,-0.0699514465912428,-0.0371997550810907
"521684",0.457453076306147,0.24650877032894,0.323105327825202,-0.0765965574962624,-0.210944305977208,-0.134347748480945
"265373",2.06439577690638,0.401902015216944,2.06439577690638,-1.66249376168943,-1.66249376168943,0
"65627",0.190895526404682,0.143677293973489,0.166622523524517,-0.0229452295510283,-0.047218232431193,-0.0242730028801647
"450694",2.93520152042158,0.384351420457369,2.93520152042158,-2.55085009996421,-2.55085009996421,0
"458591",0.857148403490418,0.203448213263732,0.46917997829476,-0.265731765031028,-0.653700190226686,-0.387968425195658
"93816",0.240696133766835,0.239522426892175,0.240047627535953,-0.000525200643778645,-0.00117370687465998,-0.000648506230881335
"540261",0.0377669109412126,0.0697883384396014,0.0546543219802816,0.0151340164593197,0.0320214274983888,0.016887411039069
"391892",0.0269733820176217,0.0417750340783965,0.0344240030802391,0.00735103099815747,0.0148016520607748,0.00745062106261734
"67675",0.169516193334838,0.170939952694365,0.170357055553145,0.000582897141220617,0.00142375935952732,0.000840862218306704
"418479",0.0312992811817151,0.0620460268825222,0.0476039249922907,0.0144421018902315,0.0307467457008072,0.0163046438105757
"152432",0.14526788142387,0.186039120371722,0.165539347421125,0.0204997729505966,0.0407712389478522,0.0202714659972556
"190937",0.610493819957182,0.250229221161054,0.428423736240102,-0.178194515079047,-0.360264598796128,-0.182070083717081
"96767",0.222995433480607,0.341628174542305,0.290213977018318,0.0514141975239874,0.118632741061698,0.0672185435377105
"116963",0.0432104515691406,0.0544697427731632,0.04882267625841,0.00564706651475318,0.0112592912040227,0.00561222468926947
"18361",0.542530308645083,0.206249481407073,0.366413158074934,-0.160163676667861,-0.336280827238009,-0.176117150570148
"434378",0.187842710946028,0.171941204271669,0.179743272828971,-0.00780206855730275,-0.0159015066743597,-0.00809943811705693
"433045",1e-08,0.0293284039713389,0.0142508641235361,0.0150775398478027,0.0293283939713389,0.0142508541235361
"173509",1.11882317997825,0.229028845176561,0.597855575151846,-0.368826729975285,-0.889794334801685,-0.520967604826401
"138983",0.170560117032162,0.128905938008656,0.149156655616682,-0.0202507176080257,-0.0416541790235055,-0.0214034614154797
"145572",0.13846702361323,0.126115734729507,0.131851340976941,-0.00573560624743386,-0.0123512888837232,-0.00661568263628931
"561748",0.0850906029585637,0.0494058025804106,0.0662671661630942,-0.0168613635826836,-0.0356848003781531,-0.0188234367954696
"353919",0.742708143455455,0.320747307763567,0.496034470524646,-0.175287162761079,-0.421960835691888,-0.246673672930809
"204028",0.0433659375064571,0.0392729753421499,0.0415061697314166,-0.00223319438926677,-0.00409296216430725,-0.00185976777504049
"351121",0.128178554215632,0.128885488088472,0.128489722525931,0.000395765562540978,0.000706933872839766,0.000311168310298787
"292798",0.144499042951837,0.14249631916016,0.143536457421783,-0.00104013826162239,-0.00200272379167679,-0.000962585530054405
"247083",0.150434695206789,0.14821093101421,0.149339024034101,-0.00112809301989078,-0.00222376419257861,-0.00109567117268783
"210876",0.581839134115826,0.202422689249375,0.385670577638405,-0.18324788838903,-0.379416444866451,-0.196168556477421
"76422",0.219045598056546,0.124700485716039,0.169556029186015,-0.0448555434699763,-0.0943451123405066,-0.0494895688705303
"433728",0.484719956047428,0.0820487072060028,0.484719956047428,-0.402671248841425,-0.402671248841425,0
"538812",0.100162869980174,0.051746029218717,0.0743850249181321,-0.0226389956994151,-0.0484168407614567,-0.0257778450620416
"301786",0.0442572207695116,0.108225473512763,0.0770589014781177,0.0311665720346451,0.0639682527432512,0.032801680708606
"459805",0.126059786655686,0.142149236230838,0.134129056054873,0.00802018017596468,0.0160894495751522,0.00806926939918748
"236081",0.358738721111814,0.275601894351834,0.317278537010948,-0.041676642659114,-0.0831368267599794,-0.0414601841008653
"301782",0.146928696480406,0.145557641923956,0.146168511052813,-0.000610869128856412,-0.00137105455645012,-0.000760185427593707
"119121",0.29470762068832,0.174975440224419,0.229035319893645,-0.0540598796692266,-0.119732180463902,-0.0656723007946751
"40139",0.608135569453385,0.316885188996428,0.440737760221929,-0.123852571225501,-0.291250380456957,-0.167397809231456
"33581",0.883294128930071,0.403537714452865,0.582509630202296,-0.178971915749432,-0.479756414477206,-0.300784498727774
"146162",0.198075788726161,0.194950824077792,0.196598843895537,-0.00164801981774546,-0.00312496464836881,-0.00147694483062336
"272445",0.597446226397434,0.252540703324698,0.386980950274543,-0.134440246949846,-0.344905523072736,-0.21046527612289
"397821",0.0593723296417379,0.0612834928214255,0.0604937088459849,0.000789783975440633,0.00191116317968758,0.00112137920424694
"472098",0.461915250438987,0.228020491058735,0.316914968429997,-0.0888944773712628,-0.233894759380252,-0.14500028200899
"276975",0.216860352831601,0.1802546122153,0.197421827050298,-0.0171672148349977,-0.0366057406163006,-0.0194385257813029
"255463",0.312670203656693,0.210086658218211,0.257961996161632,-0.0478753379434207,-0.102583545438482,-0.0547082074950613
"10226",2.08035418864848,0.614310626857536,1.17026224066817,-0.55595161381063,-1.46604356179095,-0.910091947980317
"277555",1.08845906653827,0.321658488073685,0.602451679461465,-0.280793191387781,-0.766800578464587,-0.486007387076807
"188821",1.39936726652667,0.298153580138859,0.708940136634743,-0.410786556495884,-1.10121368638782,-0.690427129891932
"337891",0.0662633895036492,0.0763725741752572,0.0716499985354477,0.00472257563980949,0.010109184671608,0.00538660903179851
"42222",0.581904356542189,0.225695748002051,0.398879660208333,-0.173183912206282,-0.356208608540138,-0.183024696333856
"11398",0.0422562599385967,0.0860035717547577,0.0641946210118857,0.021808950742872,0.043747311816161,0.0219383610732891
"59339",0.335982367839464,0.186381124066949,0.258654772010696,-0.0722736479437475,-0.149601243772515,-0.0773275958287673
"556816",0.268047475077798,0.243416880867395,0.255413327116994,-0.0119964462495993,-0.024630594210403,-0.0126341479608036
"121086",0.0421926821852494,0.0487004823312917,0.0455827122299112,0.00311777010138051,0.00650780014604226,0.00339003004466175
"511134",0.0114245682894552,0.0204069092696715,0.0156557454868066,0.00475116378286486,0.00898234098021631,0.00423117719735145
"561132",0.156623921120133,0.134723766275862,0.145039874497317,-0.0103161082214554,-0.0219001548442711,-0.0115840466228156
"415389",0.809368337567515,0.316733299519494,0.527033009076308,-0.210299709556814,-0.492635038048021,-0.282335328491207
"95194",0.0911743932347591,0.0952671149959479,0.0933856958115009,0.00188141918444704,0.0040927217611888,0.00221130257674176
"65334",1.03210896853636,0.237393586221822,0.56610105671294,-0.328707470491118,-0.794715382314536,-0.466007911823417
"577954",0.0677304457378521,0.13226681384889,0.0998387605109179,0.032428053337972,0.0645363681110378,0.0321083147730658
"26366",0.40876336177845,0.124846282078622,0.255230179819275,-0.130383897740653,-0.283917079699828,-0.153533181959175
"155172",0.173421348318004,0.153418151130514,0.162957328101375,-0.00953917697086135,-0.0200031971874907,-0.0104640202166293
"72517",1.50340693454128,0.269868886693238,1.50340693454128,-1.23353804784804,-1.23353804784804,0
"200713",0.0204596211318526,0.0367154977822287,0.0285666507545073,0.00814884702772138,0.0162558766503761,0.00810702962265471
"71598",0.153035556409529,0.0466297701569535,0.0871632611549575,-0.040533490998004,-0.106405786252576,-0.0658722952545718
"523477",1.06851699031152,0.389805281507797,0.63981521264955,-0.250009931141753,-0.678711708803722,-0.428701777661969
"9942",2.94892802979392,0.801817570425925,1.3888460055553,-0.587028435129375,-2.14711045936799,-1.56008202423862
"187025",0.0843491943676238,0.108876789222334,0.0985158963195206,0.0103608929028133,0.0245275948547101,0.0141667019518968
"188928",0.312244168759643,0.112244474739157,0.19605573663047,-0.0838112618913129,-0.199999694020485,-0.116188432129173
"398314",0.0300481079561493,0.0873138629527591,0.0601692690046145,0.0271445939481446,0.0572657549966098,0.0301211610484652
"364949",0.277571743086878,0.195881453149187,0.236038989650407,-0.0401575365012209,-0.0816902899376919,-0.041532753436471
"125529",0.574520521761728,0.292701556835351,0.431270727067173,-0.138569170231822,-0.281818964926377,-0.143249794694555
"270834",0.0311671125183399,0.0556077890258879,0.0443885078910905,0.0112192811347974,0.024440676507548,0.0132213953727506
"482135",0.167139259460775,0.147261722220561,0.155790238218911,-0.00852851599835044,-0.0198775372402141,-0.0113490212418637
"186070",1.06423724808577,0.315437539341835,0.577141280544516,-0.261703741202681,-0.748799708743937,-0.487095967541257
"304548",1.76914324703753,0.184596687957344,1.76914324703753,-1.58454655908018,-1.58454655908018,0
"24011",0.873116215666193,0.249400781955196,0.510927396124413,-0.261526614169217,-0.623715433710997,-0.36218881954178
"95059",0.479330050039462,0.425815920015746,0.454275240483485,-0.0284593204677394,-0.0535141300237167,-0.0250548095559774
"84203",0.120182523349078,0.104057370568381,0.111640477204752,-0.00758310663637068,-0.0161251527806962,-0.00854204614432554
"93980",0.135338707329784,0.111510811990046,0.122531515238753,-0.0110207032487075,-0.0238278953397382,-0.0128071920910307
"56594",0.983329347030801,0.0677062224176669,0.983329347030801,-0.915623124613134,-0.915623124613134,0
"170191",0.56833688601245,0.217785014285328,0.350704613362648,-0.13291959907732,-0.350551871727121,-0.217632272649801
"73576",0.213375716882469,0.131849516761943,0.172008487392323,-0.0401589706303795,-0.0815262001205259,-0.0413672294901464
"248058",0.523345595300482,0.23591643924898,0.345871081158663,-0.109954641909683,-0.287429156051502,-0.177474514141819
"284865",3.42160002245038,0.775362052486434,1.70215839620298,-0.926796343716545,-2.64623796996395,-1.7194416262474
"104095",0.0127482971755155,0.0514028658836451,0.0331145090509559,0.0182883568326892,0.0386545687081296,0.0203662118754404
"116251",0.771383506819982,0.106686144466522,0.771383506819982,-0.66469736235346,-0.66469736235346,0
"142228",0.339465952355782,0.166886132403944,0.248158400158974,-0.0812722677550297,-0.172579819951837,-0.0913075521968076
"130875",0.494785480094565,0.200876874964301,0.303992755000381,-0.10311588003608,-0.293908605130265,-0.190792725094184
"77071",0.146411601384559,0.113969929787586,0.129114043006577,-0.0151441132189912,-0.0324416715969732,-0.017297558377982
"577850",0.405019874947253,0.250404715787146,0.323440274386358,-0.0730355585992113,-0.154615159160106,-0.0815796005608951
"415118",0.0411530929847612,0.0726424003857949,0.0579184543529511,0.0147239460328437,0.0314893074010336,0.0167653613681899
"213004",0.0281806881031532,0.0785959626953065,0.0537861714218832,0.0248097912734233,0.0504152745921532,0.02560548331873
"251459",1.61023452603246,0.367908526810983,0.854435130991193,-0.486526604180209,-1.24232599922148,-0.755799395041268
"397866",0.266710117528756,0.180380082931092,0.222651203658994,-0.0422711207279023,-0.0863300345976642,-0.0440589138697619
"412400",0.310809168720299,0.161405440879604,0.227446302010361,-0.066040861130757,-0.149403727840695,-0.0833628667099375
"446816",0.0371665219727999,0.0253333092354499,0.0311402535700959,-0.00580694433464604,-0.0118332127373501,-0.00602626840270401
"574031",0.660089183896549,0.213428142832594,0.38977241304159,-0.176344270208996,-0.446661041063955,-0.270316770854959
"511703",0.32157134627148,0.192760698665505,0.251902024382529,-0.0591413257170241,-0.128810647605975,-0.0696693218889509
"576064",3.33615995734597,0.568811064840267,3.33615995734597,-2.76734889250571,-2.76734889250571,0
"222766",0.0390311442703972,0.0622122519885182,0.0511795621638654,0.0110326898246527,0.023181107718121,0.0121484178934682
"472169",0.0939260266888181,0.122351923009873,0.108608789855346,0.0137431331545273,0.0284258963210549,0.0146827631665276
"80650",0.64443858213886,0.236261730991398,0.392106448482718,-0.155844717491319,-0.408176851147462,-0.252332133656142
"465759",0.0427316529751385,0.0826946449411788,0.0634752964313013,0.0192193485098775,0.0399629919660404,0.0207436434561629
"562448",5.23723424909252,0.744365464107065,5.23723424909252,-4.49286878498545,-4.49286878498545,0
"165621",1.14956556374768,0.446193519529158,0.719586691104813,-0.273393171575655,-0.703372044218525,-0.42997887264287
"418021",0.099511933521715,0.0930148318137877,0.0960419463284147,-0.00302711451462705,-0.00649710170792732,-0.00346998719330027
"384150",0.00939979519017294,0.0430223851154499,0.0264307702632984,0.0165916148521515,0.033622589925277,0.0170309750731255
"301052",0.0232967780181854,0.0786555704080109,0.0543501234245573,0.0243054469834536,0.0553587923898254,0.0310533454063718
"444553",0.0733355393877713,0.0594504536592785,0.0662541803631262,-0.00680372670384772,-0.0138850857284929,-0.00708135902464516
"321879",0.198836187368038,0.136904282018428,0.165264031230102,-0.0283597492116739,-0.0619319053496097,-0.0335721561379357
"22548",0.0349342710444057,0.0552874904362591,0.0457788127417959,0.00950867769446315,0.0203532193918534,0.0108445416973902
"41106",0.672115547496934,0.0967980435453976,0.672115547496934,-0.575317503951536,-0.575317503951536,0
"327624",0.126443556333737,0.15788166741643,0.145595883409294,0.0122857840071362,0.0314381110826931,0.0191523270755569
"207014",0.643422644185274,0.39475569370757,0.502348805857484,-0.107593112149914,-0.248666950477703,-0.141073838327789
"334153",0.0296554391940426,0.0613970379069994,0.0462013685977808,0.0151956693092186,0.0317415987129568,0.0165459294037382
"171470",0.155973783360637,0.17784623558056,0.167724438973818,0.0101217966067417,0.0218724522199233,0.0117506556131816
"146111",0.0830808155171451,0.121171246987511,0.102123720162457,0.0190475268250543,0.0380904314703663,0.019042904645312
"149641",1.7718254422212,0.843125763925986,1.22336650081452,-0.380240736888529,-0.928699678295213,-0.548458941406684
"534580",0.184106667512653,0.151117748928969,0.166650815136933,-0.0155330662079641,-0.0329889185836847,-0.0174558523757206
"209768",0.226523088847894,0.141944949514784,0.182026317083845,-0.0400813675690612,-0.0845781393331101,-0.0444967717640488
"307243",0.158108516148644,0.279689206019594,0.219146247015064,0.0605429590045302,0.12158068987095,0.0610377308664198
"495534",0.0429745627298532,0.0245204942458676,0.0335091198862411,-0.00898862564037353,-0.0184540684839856,-0.00946544284361211
"93958",0.530259216618261,0.263382395061517,0.362932742575563,-0.0995503475140465,-0.266876821556744,-0.167326474042698
"9274",0.0854562176086534,0.0851463201489625,0.0853187488171786,-0.000172428668216068,-0.0003098974596909,-0.000137468791474832
"486912",0.0242833250429689,0.0583744016957918,0.0431083708406314,0.0152660308551604,0.0340910766528229,0.0188250457976625
"86121",0.00795247408986461,0.0451191074466621,0.0264581539896677,0.0186609534569943,0.0371666333567975,0.0185056798998031
"552016",0.0607082841690105,0.0821918153819436,0.0713014151571344,0.0108904002248092,0.0214835312129331,0.0105931309881239
"538616",0.0528463087775858,0.0947024839074832,0.0742427595389743,0.0204597243685089,0.0418561751298975,0.0213964507613886
"98403",0.459127399320664,0.276271920120803,0.347886862963575,-0.0716149428427719,-0.182855479199861,-0.111240536357089
"31806",0.0920503185108032,0.119668836818632,0.106255133128433,0.0134137036901992,0.027618518307829,0.0142048146176298
"108179",0.0393694267204226,0.0419770859551895,0.0406934084955319,0.00128367745965761,0.0026076592347669,0.00132398177510929
"199557",0.347561477181461,0.115967192938767,0.223297689799865,-0.107330496861097,-0.231594284242693,-0.124263787381596
"82641",0.0347802270129409,0.0682294625088935,0.0534146188566141,0.0148148436522794,0.0334492354959526,0.0186343918436732
"262119",0.151104227556585,0.161784525057715,0.156889926418434,0.00489459863928154,0.0106802975011297,0.00578569886184818
"19136",0.0705296972396457,0.0527982904356035,0.0612287575248607,-0.00843046708925714,-0.0177314068040422,-0.00930093971478501
"186962",0.573505954875437,0.254303817044548,0.37628960890159,-0.121985791857042,-0.319202137830889,-0.197216345973847
"402625",0.742419517166272,0.0954656372855042,0.742419517166272,-0.646953879880768,-0.646953879880768,0
"308705",0.157391801998067,0.132417443071072,0.144091601272205,-0.0116741582011327,-0.0249743589269947,-0.013300200725862
"538854",0.120127192073878,0.124964766696133,0.122713825803014,0.00225094089311874,0.00483757462225455,0.00258663372913581
"528655",0.0509380526196653,0.0822817873540605,0.0675159905055334,0.0147657968485271,0.0313437347343952,0.0165779378858681
"40415",0.396627740876112,0.280551031122863,0.33624180670319,-0.0556907755803267,-0.116076709753248,-0.0603859341729217
"385063",2.67768857290207,0.390012312592778,2.67768857290207,-2.28767626030929,-2.28767626030929,0
"301965",0.369128842506703,0.284804127135711,0.325798645882845,-0.0409945187471343,-0.0843247153709927,-0.0433301966238585
"31320",0.291180233287192,0.229040648360935,0.257509218157838,-0.0284685697969022,-0.0621395849262565,-0.0336710151293543
"541680",7.32796075775579,1.71870766988555,3.26780649699197,-1.54909882710642,-5.60925308787024,-4.06015426076382
"110578",0.118505249088677,0.13183944466602,0.125512002536491,0.00632744212952954,0.0133341955773431,0.00700675344781353
"123544",0.0324062554212139,0.0336375084552136,0.0330708786993858,0.000566629755827747,0.00123125303399961,0.000664623278171864
"136090",0.0816445115108054,0.090152867983175,0.0859726773891183,0.00418019059405671,0.00850835647236958,0.00432816587831288
"316165",0.252119609680982,0.157803150405986,0.199583507418035,-0.0417803570120498,-0.0943164592749965,-0.0525361022629467
"413519",0.0355673056885703,0.0376010898836063,0.0367745346574938,0.000826555226112503,0.00203378419503596,0.00120722896892345
"533944",4.05201704617658,0.698673689287391,4.05201704617658,-3.35334335688919,-3.35334335688919,0
"474677",0.0776918340210049,0.0960938860712943,0.0871474978924464,0.00894638817884788,0.0184020520502894,0.00945566387144148
"458539",1.39462383198917,0.279989265147201,0.685941473304344,-0.405952208157143,-1.11463456684197,-0.708682358684824
"189411",0.705437975672529,0.577912241483934,0.631352312766877,-0.0534400712829425,-0.127525734188594,-0.0740856629056517
"538248",0.154209976060077,0.179858868157405,0.167977213670727,0.0118816544866786,0.0256488920973287,0.0137672376106502
"520343",0.0249117161220723,0.0454579087024666,0.0348927700420488,0.0105651386604178,0.0205461925803943,0.00998105391997652
"360566",0.55313239150323,0.226848209160937,0.356246112315976,-0.129397903155039,-0.326284182342293,-0.196886279187254
"402980",0.593222687330115,0.186147901597325,0.335345542090996,-0.149197640493671,-0.407074785732789,-0.257877145239119
"151140",1.81480589628325,0.512078022831262,0.954010407583455,-0.441932384752194,-1.30272787345198,-0.86079548869979
"208888",0.305823329672443,0.249408034525428,0.276692076210727,-0.027284041685299,-0.056415295147015,-0.0291312534617159
"365690",0.111466212558152,0.066717768292435,0.088431571632983,-0.0217138033405481,-0.0447484442657173,-0.0230346409251693
"9066",0.0631635026981948,0.143534184066411,0.102863794920384,0.0406703891460266,0.080370681368216,0.0397002922221895
"219715",1.06518742905187,0.179570709704551,1.06518742905187,-0.885616719347317,-0.885616719347317,0
"254756",0.018587671446411,0.0496684258732999,0.0363734554044894,0.0132949704688105,0.0310807544268888,0.0177857839580783
"471062",0.133278475902056,0.183881769931229,0.160439750597128,0.0234420193341013,0.0506032940291732,0.0271612746950718
"376276",0.0226315977202382,0.0376191565512067,0.0299552399558252,0.00766391659538148,0.0149875588309685,0.00732364223558706
"525956",0.0451151438939103,0.132926510730113,0.0938570068704185,0.0390695038596944,0.0878113668362026,0.0487418629765082
"91073",0.114350060666611,0.130925002798005,0.123030578158839,0.00789442463916577,0.0165749421313933,0.00868051749222749
"484760",0.168626582005722,0.125540425762002,0.144738063283734,-0.0191976375217316,-0.0430861562437192,-0.0238885187219875
"261246",0.206721275073523,0.215255482220577,0.211249318115457,0.00400616410511961,0.00853420714705413,0.00452804304193452
"242633",0.153678925195032,0.0654037975725836,0.105865843591921,-0.0404620460193377,-0.0882751276224481,-0.0478130816031104
"149365",0.164318391651917,0.151350884153384,0.157425370852179,-0.00607448669879443,-0.0129675074985329,-0.0068930207997385
"135592",0.351610420994155,0.418776719454831,0.383886234226744,0.0348904852280872,0.0671662984606763,0.032275813232589
"14372",0.906479149703966,0.362169272530053,0.553114244576911,-0.190944972046859,-0.544309877173913,-0.353364905127055
"264985",1.04163908153424,0.282142124741864,0.607896524036119,-0.325754399294255,-0.759496956792381,-0.433742557498126
"452750",0.0938533595706966,0.196686019779174,0.148225927932873,0.0484600918463002,0.102832660208477,0.0543725683621768
"287501",0.0640487528768901,0.0799183428774876,0.0720702745281371,0.00784806834935053,0.0158695900005975,0.00802152165124696
"221061",0.247019681693738,0.166041102651773,0.203117954550515,-0.0370768518987417,-0.080978579041965,-0.0439017271432234
"81220",0.239975964371378,0.158468540147288,0.197207898624926,-0.0387393584776373,-0.0815074242240894,-0.042768065746452
"540940",0.0291724144192913,0.0394887518821149,0.0347779324649364,0.00471081941717855,0.0103163374628236,0.00560551804564506
"141142",0.112147106599296,0.100218959255486,0.105944151435883,-0.00572519218039684,-0.0119281473438098,-0.00620295516341296
"340979",0.106014011138516,0.120334400535569,0.113226627316966,0.00710777321860347,0.0143203893970531,0.00721261617844968
"79174",0.0532872251093261,0.0756619281014468,0.0655684135929527,0.0100935145084941,0.0223747029921207,0.0122811884836266
"252013",0.0395600287310186,0.108854115466827,0.0732438999173319,0.0356102155494949,0.0692940867358082,0.0336838711863133
"301896",0.0541319348990015,0.0525798298752939,0.0532599202706638,-0.000680090395369905,-0.0015521050237076,-0.000872014628337692
"449391",0.120634071022422,0.0803339544981058,0.100580612741259,-0.0202466582431535,-0.0403001165243165,-0.020053458281163
"26947",0.169344925017368,0.107496806397343,0.135032493575702,-0.0275356871783584,-0.0618481186200249,-0.0343124314416665
"392209",0.5791276348543,0.200060186044131,0.340298057842656,-0.140237871798525,-0.379067448810169,-0.238829577011644
"91330",0.671965935229791,0.260498752939138,0.422632691865673,-0.162133938926535,-0.411467182290653,-0.249333243364119
"117131",1.11640566466482,0.260485623948463,0.542842273053238,-0.282356649104774,-0.855920040716355,-0.57356339161158
"336525",0.144560900980237,0.0954439987350031,0.116287798092697,-0.0208437993576939,-0.0491169022452344,-0.0282731028875405
"452185",0.587198608080871,0.240815982466275,0.371127406753647,-0.130311424287372,-0.346382625614596,-0.216071201327224
"106252",1.30937401160022,0.44701608118972,0.719307727042342,-0.272291645852622,-0.862357930410498,-0.590066284557877
"562631",0.0384875510780552,0.0277720811366703,0.0330348961584871,-0.0052628150218168,-0.0107154699413848,-0.00545265491956802
"414467",1.30306881073158,0.112079137581153,1.30306881073158,-1.19098967315043,-1.19098967315043,0
"463720",0.149956369238274,0.135179847979707,0.142298301821894,-0.00711845384218737,-0.0147765212585668,-0.00765806741637942
"523077",0.395770089511065,0.281787122654497,0.327751350064388,-0.045964227409891,-0.113982966856568,-0.0680187394466773
"178552",0.133998303774002,0.12459996857372,0.129268169930983,-0.00466820135726312,-0.00939833520028149,-0.00473013384301837
"214523",0.0756138186096327,0.136387648485884,0.109220457758247,0.0271671907276371,0.0607738298762515,0.0336066391486144
"221579",0.192559397694822,0.161174201855642,0.176806791278743,-0.0156325894231009,-0.0313851958391806,-0.0157526064160797
"417966",0.0543020726782647,0.0961204325223651,0.0759680098465672,0.0201524226757979,0.0418183598441004,0.0216659371683025
"434615",0.166645005951808,0.176338162505413,0.17146949243238,0.00486867007303243,0.00969315655360525,0.00482448648057282
"230152",0.678837107145487,0.295957156161721,0.453137298487525,-0.157180142325803,-0.382879950983765,-0.225699808657962
"153589",0.23274077991599,0.181716316634065,0.207864441621942,-0.026148124987877,-0.0510244632819252,-0.0248763382940482
"177788",0.0663804739969111,0.0849737581572982,0.0757961744180824,0.00917758373921579,0.0185932841603871,0.00941570042117136
"529491",0.0404743611800657,0.0241133926950605,0.032256775671605,-0.00814338297654452,-0.0163609684850053,-0.00821758550846074
"461027",0.0450579106962819,0.0392136767274702,0.0420189800171116,-0.00280530328964139,-0.00584423396881172,-0.00303893067917033
"533976",0.108192736003019,0.138424882379116,0.125395450319985,0.0130294320591307,0.0302321463760973,0.0172027143169666
"99252",0.719582165284339,0.269945830307997,0.455359697261181,-0.185413866953183,-0.449636334976342,-0.264222468023159
"246307",0.0782765835347462,0.0874800791124787,0.0830334999180394,0.00444657919443929,0.00920349557773249,0.0047569163832932
"234416",0.0876512951792395,0.151572764723129,0.121327380254887,0.0302453844682421,0.0639214695438897,0.0336760850756476
"73229",0.159274036337356,0.124965322059388,0.14143681778187,-0.016471495722482,-0.0343087142779683,-0.0178372185554863
"542792",0.153614136485856,0.137289143107441,0.145027708954643,-0.00773856584720248,-0.0163249933784158,-0.00858642753121328
"355682",0.192776924958514,0.171615947539063,0.181623920285021,-0.0100079727459576,-0.0211609774194509,-0.0111530046734933
"270086",0.915134179435441,0.228209416182074,0.511505334011069,-0.283295917828995,-0.686924763253367,-0.403628845424373
"291658",0.186647618570731,0.301862073243856,0.243976294202996,0.0578857790408592,0.115214454673125,0.0573286756322658
"511103",6.23143169703844,1.13272846144229,6.23143169703844,-5.09870323559615,-5.09870323559615,0
"530473",0.0574503688856696,0.094941849438109,0.0769478038967338,0.0179940455413751,0.0374914805524394,0.0194974350110643
"439839",0.465955649942561,0.287426536030313,0.374416686954058,-0.0869901509237458,-0.178529113912249,-0.0915389629885029
"469041",0.296139275663281,0.126721907432866,0.206670775486417,-0.0799488680535515,-0.169417368230415,-0.0894685001768631
"469821",0.667722277878473,0.353025994856332,0.46892257095583,-0.115896576099498,-0.314696283022141,-0.198799706922643
"292923",0.0732313613427256,0.100622937760315,0.0870049516243715,0.0136179861359438,0.0273915764175897,0.0137735902816459
"478085",0.0662378930565036,0.0792008520489669,0.0729568153115242,0.00624403673744266,0.0129629589924633,0.0067189222550206
"99621",6.89038258921855,0.953981452439698,6.89038258921855,-5.93640113677885,-5.93640113677885,0
"22869",0.0700411944354627,0.0825849567114791,0.076511836425891,0.00607312028558818,0.0125437622760164,0.00647064199042825
"13527",0.137945689693193,0.154415561824587,0.147250204133301,0.00716535769128626,0.0164698721313947,0.00930451444010841
"46342",0.294441281491175,0.285755609349194,0.289740525634826,-0.00398491628563186,-0.0086856721419809,-0.00470075585634905
"545832",0.030121813438472,0.0292007751384101,0.0296258026228179,-0.000425027484407717,-0.000921038300061856,-0.00049601081565414
"554540",0.494284405067072,0.154634610917271,0.310752915046027,-0.156118304128756,-0.339649794149801,-0.183531490021045
"160642",0.579822178639838,0.257798576537022,0.392270802393887,-0.134472225856865,-0.322023602102816,-0.187551376245951
"504765",0.031864605242063,0.0829476681291315,0.0582671910774853,0.0246804770516461,0.0510830628870685,0.0264025858354224
"259134",0.0206056649379649,0.0509716017936289,0.0363186750336313,0.0146529267599977,0.030365936855664,0.0157130100956663
"493047",0.703221709596691,0.342913110101299,0.499095723896745,-0.156182613795446,-0.360308599495392,-0.204125985699946
"512241",0.049297084139346,0.0846828226760728,0.0678481329709716,0.0168346897051012,0.0353857385367268,0.0185510488316256
"254945",0.715123885522152,0.387634231683365,0.531671627989717,-0.144037396306353,-0.327489653838788,-0.183452257532435
"13549",0.137232379737823,0.143386060691466,0.140502709925423,0.00288335076604357,0.00615368095364316,0.00327033018759959
"78867",0.0345343254684107,0.119517923515702,0.0773325636059004,0.042185359909802,0.0849835980472917,0.0427982381374896
"565616",0.186090958691551,0.193241154956996,0.189958043164857,0.00328311179213839,0.00715019626544514,0.00386708447330675
"557129",1.1872210172627,0.225843855280008,1.1872210172627,-0.961377161982694,-0.961377161982694,0
"70149",1.22659967867234,0.269493408871512,0.600580311603548,-0.331086902732036,-0.957106269800832,-0.626019367068796
"341469",0.0181644321818272,0.035243194076978,0.0262492223559264,0.00899397172105158,0.0170787618951508,0.00808479017409922
"494599",0.42118930009999,0.26162928064001,0.341374631752596,-0.0797453511125862,-0.159560019459979,-0.0798146683473933
"412581",0.450738244577128,0.190768108503923,0.282871632253555,-0.0921035237496326,-0.259970136073205,-0.167866612323573
"355333",0.039547553553592,0.144932061728877,0.0945459608391544,0.0503861008897226,0.105384508175285,0.0549984072855624
"373368",0.0530161271855712,0.059852722153371,0.0565797698448644,0.00327295230850668,0.00683659496779979,0.00356364265929311
"76274",0.0984792237396566,0.076968317631801,0.0871668284239015,-0.0101985107921005,-0.0215109061078557,-0.0113123953157552
"437669",0.152830349793917,0.169604650081499,0.1610969502105,0.00850769987099906,0.0167743002875823,0.00826660041658325
"65455",0.171129969507997,0.123516833356469,0.14657769664031,-0.0230608632838414,-0.0476131361515286,-0.0245522728676872
"460970",0.994241576590752,0.489773867414922,0.695421998133884,-0.205648130718962,-0.50446770917583,-0.298819578456868
"155692",0.140619828916885,0.132547382101956,0.136413371204144,-0.00386598910218816,-0.00807244681492897,-0.00420645771274081
"494218",0.0252692872960885,0.0743227000595361,0.0490660433538858,0.0252566567056503,0.0490534127634476,0.0237967560577974
"83987",0.0629835659726186,0.119941380079073,0.0920717284323142,0.0278696516467586,0.0569578141064543,0.0290881624596956
"138464",0.180444749553254,0.147498411193494,0.163818560952264,-0.0163201497587698,-0.0329463383597602,-0.0166261886009904
"368462",0.309966253550688,0.194638492543719,0.233623126099655,-0.0389846335559355,-0.115327761006969,-0.0763431274510335
"406136",0.66741671528826,0.27181178770468,0.436265904661221,-0.164454116956541,-0.39560492758358,-0.231150810627039
"219975",0.18936644476512,0.117859038869103,0.15250562248042,-0.0346465836113164,-0.0715074058960165,-0.0368608222847001
"486717",0.0355604887955741,0.0788189359430263,0.0584585238024976,0.0203604121405287,0.0432584471474521,0.0228980350069234
"270777",0.0521923701121319,0.12368276174678,0.0892999695988522,0.0343827921479273,0.0714903916346476,0.0371075994867203
"53777",0.023537017111341,0.0372065528909062,0.0304480999511275,0.00675845293977869,0.0136695357795652,0.00691108283978654
"503292",0.0451173457765656,0.0465220426749894,0.0458409882040376,0.000681054470951868,0.0014046968984238,0.000723642427471936
"134319",0.101641673962469,0.0668728862768307,0.0829066430302319,-0.0160337567534011,-0.0347687876856386,-0.0187350309322374
"529357",0.101733339142471,0.201070226705184,0.153248728551267,0.0478214981539172,0.0993368875627127,0.0515153894087955
"272669",0.0393139738536602,0.0504131648961296,0.0449249428511871,0.00548822204494252,0.0110991910424694,0.00561096899752686
"120605",0.161317146545078,0.175369266670753,0.169281151659294,0.00608811501145845,0.0140521201256748,0.00796400511421633
"94187",0.0583374430764057,0.107652545900114,0.0842025471087037,0.02344999879141,0.049315102823708,0.025865104032298
"165574",0.191640614059806,0.214539547234313,0.203987362693771,0.0105521845405419,0.0228989331745066,0.0123467486339647
"541605",0.887028828883411,0.194884796375821,0.475246075961352,-0.280361279585532,-0.692144032507591,-0.411782752922059
"75896",0.144263456952178,0.0996238004481775,0.119764828703096,-0.0201410282549185,-0.0446396565040002,-0.0244986282490817
"55226",0.0947205886144713,0.0775501720711019,0.0860789557264221,-0.00852878365532023,-0.0171704165433694,-0.0086416328880492
"530082",0.138946381799368,0.145071451001736,0.142219407177449,0.00285204382428689,0.0061250692023683,0.00327302537808141
"437754",0.030396008900441,0.0407261978644979,0.035842673779222,0.00488352408527589,0.0103301889640569,0.00544666487878099
"107081",0.0272857635871902,0.077031926514355,0.0525489129701355,0.0244830135442195,0.0497461629271648,0.0252631493829453
"408813",0.0882519002281835,0.191255078821093,0.142953936643493,0.0483011421775994,0.103003178592909,0.0547020364153097
"46860",0.713086358113421,0.228478106538891,0.416779605435241,-0.18830149889635,-0.48460825157453,-0.29630675267818
"294572",0.146533069788374,0.0564115408178577,0.097153923171396,-0.0407423823535383,-0.0901215289705167,-0.0493791466169785
"455040",0.107272421673487,0.119667027749432,0.114003942414363,0.00566308533506948,0.0123946060759449,0.00673152074087542
"503229",0.263894206005896,0.200795735355391,0.23336572234586,-0.032569986990469,-0.0630984706505051,-0.0305284836600361
"148370",0.0273280053305946,0.0355298772140565,0.0314505596064645,0.00407931760759207,0.00820187188346196,0.00412255427586989
"42239",0.865852985994065,0.254314266883751,0.512447075312355,-0.258132808428604,-0.611538719110314,-0.35340591068171
"496565",0.224833454497157,0.188022986832181,0.206251404625515,-0.0182284177933341,-0.0368104676649761,-0.018582049871642
"93565",0.00482295210386986,0.0244232943590633,0.0145055827336218,0.00991771162544159,0.0196003422551935,0.00968263062975189
"544261",0.306915195686238,0.12860536288252,0.206466759100964,-0.0778613962184435,-0.178309832803718,-0.100448436585274
"416718",1.07587908428244,0.261989274972777,0.538658251376187,-0.27666897640341,-0.813889809309668,-0.537220832906257
"236879",0.119009268713442,0.092087146473187,0.103301355503265,-0.0112142090300778,-0.0269221222402551,-0.0157079132101773
"507464",1.9489122299593,0.488734366157233,0.996367037134272,-0.507632670977039,-1.46017786380207,-0.952545192825027
"170058",0.0718716174924056,0.0661149456451795,0.0689511511028137,-0.00283620545763416,-0.00575667184722606,-0.0029204663895919
"342228",1.14031993364563,0.464110606761507,0.731621376311755,-0.267510769550247,-0.67620932688412,-0.408698557333872
"90429",0.0180535220857023,0.0500403898498964,0.0349433490572007,0.0150970407926957,0.0319868677641941,0.0168898269714984
"115278",0.200795221223586,0.130276618836254,0.162483554755832,-0.0322069359195777,-0.070518602387332,-0.0383116664677544
"120304",1.69007970416882,0.123671805747243,1.69007970416882,-1.56640789842158,-1.56640789842158,0
"87945",0.342100003313091,0.256828349995307,0.290287318654754,-0.0334589686594466,-0.0852716533177837,-0.0518126846583371
"499915",0.165543841543133,0.200595006809483,0.188117522786342,0.0124774840231407,0.0350511652663496,0.022573681243209
"544028",0.162121131493981,0.133703452792138,0.145970539161996,-0.0122670863698575,-0.0284176787018431,-0.0161505923319855
"65496",0.0343704535891628,0.103910209922119,0.0707139708945543,0.0331962390275651,0.0695397563329565,0.0363435173053914
"562896",0.124055749812768,0.0981803358550525,0.110677387704774,-0.0124970518497214,-0.0258754139577153,-0.0133783621079939
"346029",2.94738969601042,0.706031765558008,1.46340158787274,-0.757369822314737,-2.24135793045241,-1.48398810813768
"312356",0.160877840013223,0.167051773005631,0.164178539467672,0.00287323353795918,0.00617393299240734,0.00330069945444816
"523156",0.104716113093292,0.0858209774680617,0.0944904463885358,-0.00866946892047411,-0.0188951356252308,-0.0102256667047567
"354501",0.373356303515364,0.198621818679992,0.283464142739283,-0.0848423240592909,-0.174734484835372,-0.0898921607760812
"213751",0.171223229859927,0.26967698376494,0.22073916412086,0.0489378196440801,0.0984537539050132,0.0495159342609331
"456019",0.0461811955512852,0.101284407599976,0.072831865886062,0.0284525417139144,0.0551032120486912,0.0266506703347768
"10255",0.0193735855918851,0.0608567927734272,0.0401326456707254,0.0207241471027018,0.0414832071815421,0.0207590600788403
"574401",0.178250655268261,0.138502829781142,0.155210342327534,-0.0167075125463925,-0.0397478254871197,-0.0230403129407272
"345055",0.324981454970081,0.111350871829333,0.204253079498026,-0.0929022076686929,-0.213630583140748,-0.120728375472055
"76772",0.335108277130848,0.225660875522738,0.276926910911758,-0.0512660353890197,-0.10944740160811,-0.0581813662190902
"432508",0.0643007842904083,0.0661482044779862,0.0652936141246969,0.000854590353289331,0.00184742018757798,0.000992829834288653
"108399",0.209412538362494,0.246954972917069,0.228158365770974,0.0187966071460949,0.0375424345545748,0.0187458274084799
"181695",0.149618866054034,0.140996143747992,0.14536244978499,-0.00436630603699806,-0.00862272230604191,-0.00425641626904386
"539221",2.75993731106369,0.733657475041599,1.41910427649876,-0.685446801457161,-2.02627983602209,-1.34083303456493
"407424",0.300154913126409,0.128527202249408,0.20914604364222,-0.0806188413928112,-0.171627710877001,-0.0910088694841894
"414089",0.118186763097789,0.1178518082867,0.118037169528256,-0.000185361241555729,-0.000334954811088542,-0.000149593569532813
"190640",0.270566916016233,0.162634727149079,0.215861854872535,-0.0532271277234555,-0.107932188867154,-0.0547050611436984
"529647",0.0480178468580278,0.035005376817723,0.0415274949278138,-0.00652211811009076,-0.0130124700403048,-0.00649035193021408
"434837",0.17021915428365,0.157817020295879,0.163892179741415,-0.00607515944553622,-0.0124021339877704,-0.00632697454223421
"202742",1.3472423467224,0.327190982439255,0.705755222837603,-0.378564240398348,-1.02005136428315,-0.641487123884798
"257559",0.036038837067769,0.0295948832758275,0.0329049265187488,-0.00331004324292129,-0.0064439537919415,-0.00313391054902021
"261288",0.514617401930819,0.284116259305126,0.3969737645682,-0.112857505263074,-0.230501142625692,-0.117643637362619
"254931",0.0860590641718936,0.111615113413556,0.0984126684494981,0.0132024449640574,0.0255560492416619,0.0123536042776045
"372209",1.1316468202623,0.386319812760949,0.664037388774499,-0.277717576013551,-0.745327007501352,-0.467609431487801
"300914",0.280831456014388,0.0789261951618431,0.170501353681014,-0.0915751585191706,-0.201905260852545,-0.110330102333374
"11106",0.178601845192932,0.256064488795848,0.218060361462444,0.0380041273334039,0.0774626436029167,0.0394585162695128
"457859",0.731977332998614,0.333822374003668,0.504997681792266,-0.171175307788598,-0.398154958994947,-0.226979651206348
"376224",0.423479050109292,0.242761207443166,0.311152413296799,-0.0683912058536329,-0.180717842666126,-0.112326636812493
"444422",0.238968686534018,0.262615657783369,0.251293571161355,0.0113220866220141,0.0236469712493509,0.0123248846273368
"189859",0.407576221892721,0.300486609523369,0.343422002241217,-0.0429353927178482,-0.107089612369353,-0.0641542196515046
"288401",0.0726476087382394,0.0434966058721477,0.0570085539958416,-0.0135119481236939,-0.0291510028660917,-0.0156390547423978
"301215",0.0883839888000975,0.12993585114624,0.109773926950474,0.0201619241957658,0.0415518623461422,0.0213899381503765
"111173",0.130443417701985,0.103262338993758,0.116514204464683,-0.0132518654709253,-0.0271810787082277,-0.0139292132373023
"564909",0.0430384886439985,0.0887474452531549,0.0667053209061354,0.0220421243470195,0.0457089566091564,0.0236668322621369
"362155",0.597819032026765,0.188940197990595,0.340005817678397,-0.151065619687802,-0.40887883403617,-0.257813214348368
"482146",0.0649901003096572,0.121940085814727,0.0952755823168361,0.0266645034978908,0.0569499855050697,0.0302854820071789
"351152",0.174613752162647,0.120004391854676,0.145743384922798,-0.0257389930681222,-0.0546093603079706,-0.0288703672398485
"522893",1.26357247068913,0.296716058175576,0.726751840553379,-0.430035782377803,-0.966856412513554,-0.536820630135751
"219838",0.0360827527769891,0.0541915216972989,0.0451922574086145,0.00899926428868442,0.0181087689203098,0.00910950463162541
"240323",0.0562779733989369,0.0563139729907312,0.0563149223229093,-9.49332178097617e-07,3.59995917943376e-05,3.69489239724352e-05
"496957",0.0972057730996407,0.0452902537584201,0.0700803461986819,-0.0247900924402618,-0.0519155193412206,-0.0271254269009588
"57017",0.0462598976055608,0.0638319746651339,0.0550417624739102,0.00879021219122369,0.017572077059573,0.00878186486834935
"38877",0.00903111376402012,0.0293494302541729,0.0199362111206471,0.00941321913352583,0.0203183164901528,0.010905097356627
"178740",0.185920783016601,0.159280420599471,0.172143372370579,-0.0128629517711076,-0.0266403624171302,-0.0137774106460227
"357735",10,2.29058343932771,4.64927337938423,-2.35868994005652,-7.70941656067229,-5.35072662061577
"74516",0.0713869325706051,0.0482887431622462,0.0592038116984796,-0.0109150685362334,-0.023098189408359,-0.0121831208721256
"337339",0.28734597819036,0.23776710498618,0.260437422168629,-0.0226703171824491,-0.0495788732041804,-0.0269085560217313
"345973",0.664916797164009,0.344317203518433,0.480356057263447,-0.136038853745014,-0.320599593645576,-0.184560739900562
"487744",0.0251892542227785,0.067206212168947,0.0480851303109397,0.0191210818580074,0.0420169579461686,0.0228958760881612
"555648",0.131774355261309,0.216974624473222,0.172504556727493,0.0444700677457289,0.0852002692119133,0.0407302014661844
"25461",0.0102192236009761,0.0455843411987744,0.028004066210703,0.0175802749880714,0.0353651175977983,0.0177848426097269
"351266",0.252862373522329,0.247009449315525,0.249696560530819,-0.00268711121529483,-0.00585292420680478,-0.00316581299150995
"284267",0.138324583446458,0.144035904653844,0.14141173626238,0.00262416839146434,0.00571132120738677,0.00308715281592242
"450538",0.582588440310137,0.188683920069399,0.334972407796033,-0.146288487726633,-0.393904520240738,-0.247616032514104
"434663",0.161071018875983,0.140761188273304,0.150542319916336,-0.00978113164303285,-0.0203098306026795,-0.0105286989596466
"375844",0.0609905261340602,0.0812801336878606,0.0713148632511842,0.00996527043667647,0.0202896075538004,0.010324337117124
"87616",0.195807353276288,0.184242541052632,0.189736619344631,-0.00549407829199869,-0.0115648122236562,-0.00607073393165755
"35747",0.0120927744533527,0.0480978846479531,0.0305357796088929,0.0175621050390602,0.0360051101946004,0.0184430051555402
"553650",0.0220760299860293,0.0462454578377604,0.034913939931047,0.0113315179067134,0.0241694278517311,0.0128379099450178
"122945",0.447669917652333,0.442466228040489,0.444727475045319,-0.00226124700483027,-0.00520368961184442,-0.00294244260701415
"506956",0.0429337429511076,0.038826211448009,0.0408775732191497,-0.00205136177114067,-0.00410753150309864,-0.00205616973195798
"277777",1.06860614500807,0.491493406553987,0.723609597230856,-0.232116190676869,-0.577112738454085,-0.344996547777216
"312673",0.128213001068023,0.104037458960798,0.115319790877336,-0.011282331916538,-0.0241755421072252,-0.0128932101906872
"418268",1.49245210057593,0.847279879984157,1.10715380475438,-0.259873924770223,-0.645172220591773,-0.38529829582155
"106184",0.573652764652732,0.176981059053998,0.327321102398545,-0.150340043344547,-0.396671705598733,-0.246331662254186
"117823",0.177291361052123,0.190587433562598,0.184038834235733,0.00654859932686438,0.0132960725104745,0.00674747318361013
"437843",0.159612901490477,0.145097809716035,0.153025620641204,-0.00792781092516895,-0.0145150917744426,-0.00658728084927365
"416861",0.330852246587246,0.414320635043004,0.383789519475535,0.030531115567469,0.0834683884557575,0.0529372728882885
"227677",4.24292390325258,0.295815454417403,4.24292390325258,-3.94710844883518,-3.94710844883518,0
"496689",0.0655518334444528,0.0609483099281259,0.0631528620968929,-0.00220455216876703,-0.00460352351632689,-0.00239897134755986
"532443",0.0907795749947116,0.075751211097635,0.0827815109440158,-0.00703029984638087,-0.0150283638970767,-0.00799806405069582
"205369",0.0778994686232105,0.0902151175831707,0.0848580734981404,0.00535704408503022,0.0123156489599602,0.00695860487492997
"195286",0.187321718173162,0.172289618773783,0.179093388628744,-0.00680376985496031,-0.0150320993993784,-0.00822832954441804
"116967",2.76251586695148,0.301993867646788,2.76251586695148,-2.4605219993047,-2.4605219993047,0
"557151",0.0382364594430626,0.107860473111286,0.0754573949556289,0.0324030781556576,0.0696240136682238,0.0372209355125662
"237554",0.467238783338512,0.398448678372443,0.42941578973226,-0.0309671113598174,-0.0687901049660695,-0.037822993606252
"4110",0.0262328444722374,0.0954667949417578,0.0619177134662004,0.0335490814755574,0.0692339504695204,0.035684868993963
"356666",1.06307954614101,0.584098817461926,0.745665105989383,-0.161566288527458,-0.478980728679085,-0.317414440151628
"120997",0.182205935646901,0.0888396735448504,0.131245851495542,-0.0424061779506917,-0.0933662621020502,-0.0509600841513585
"317731",0.0800839963053631,0.12051053479156,0.101821636684903,0.0186888981066569,0.0404265384861969,0.02173764037954
"302767",0.0525531067243375,0.0975482657397726,0.0770588333498469,0.0204894323899257,0.0449951590154352,0.0245057266255094
"137274",2.19399039318456,0.479903421097949,1.0872481449611,-0.607344723863149,-1.71408697208661,-1.10674224822346
"145588",0.173624226481005,0.201739372701046,0.187972929910115,0.0137664427909312,0.0281151462200411,0.0143487034291099
"274725",0.0212660670909544,0.0757234836067077,0.0527295285282052,0.0229939550785025,0.0544574165157533,0.0314634614372508
"577207",0.140036264450429,0.142587411111706,0.141210103608746,0.00137730750295986,0.0025511466612762,0.00117383915831634
"218787",0.716331955441725,0.240304883979915,0.432818587993619,-0.192513704013704,-0.47602707146181,-0.283513367448106
"150941",0.011203269040707,0.0292256711366188,0.0211877869906045,0.00803788414601426,0.0180224020959118,0.00998451794989751
"507466",0.936971089439919,0.270989022350992,0.548540189961603,-0.277551167610611,-0.665982067088926,-0.388430899478316
"27170",0.233383658046009,0.293719498077722,0.26320820206584,0.0305112960118825,0.0603358400317135,0.029824544019831
"281855",0.180738811693713,0.237555931991261,0.209943670594237,0.0276122613970238,0.0568171202975482,0.0292048589005243
"76016",0.0479465911450614,0.0476748287109632,0.0478017661738733,-0.0001269374629101,-0.000271762434098162,-0.000144824971188062
"395444",0.265964296992194,0.175817878619545,0.217595530236508,-0.0417776516169638,-0.0901464183726494,-0.0483687667556856
"485833",0.373523964696363,0.15957825148519,0.2596702342166,-0.100091982731411,-0.213945713211174,-0.113853730479763
"325563",0.698456321511742,0.38724578052985,0.523011883957849,-0.135766103427999,-0.311210540981892,-0.175444437553893
"486489",0.0181070481013834,0.0396962746115321,0.0287215528104271,0.0109747218011049,0.0215892265101487,0.0106145047090437
"350848",0.527074925705884,0.369356522829116,0.437730169241268,-0.068373646412152,-0.157718402876767,-0.0893447564646154
"381823",0.198340741681124,0.140157580519758,0.168496634001257,-0.0283390534814991,-0.0581831611613667,-0.0298441076798676
"223688",0.12279744278589,0.181092757355372,0.15189617738683,0.029196579968542,0.0582953145694819,0.0290987346009399
"163168",2.82873393572686,0.582080893493784,1.28095473233617,-0.698873838842386,-2.24665304223308,-1.54777920339069
"486446",0.0670708614000382,0.0624791721379515,0.064655066290202,-0.0021758941522505,-0.00459168926208671,-0.00241579510983621
"149731",0.0623927249956603,0.112660110307847,0.0860540600387467,0.0266060502691007,0.050267385312187,0.0236613350430864
"9052",0.135022689160483,0.146525350177943,0.140795316661437,0.00573003351650664,0.0115026610174597,0.00577262750095306
"551871",0.844052697960084,0.261243682167399,0.508015867441117,-0.246772185273719,-0.582809015792686,-0.336036830518967
"80450",1.24288682972219,0.502737632971024,0.731502083518729,-0.228764450547706,-0.740149196751167,-0.511384746203461
"513909",0.123137692789336,0.0977195171207418,0.109478016020683,-0.0117584988999413,-0.0254181756685944,-0.0136596767686532
"425754",0.312365173639736,0.208246960064776,0.261076364238524,-0.0528294041737477,-0.10411821357496,-0.0512888094012126
"257795",0.217598292917356,0.127969897270711,0.17129822970732,-0.0433283324366091,-0.089628395646645,-0.0463000632100359
"436526",0.440789660959735,0.295832205523507,0.351026076860605,-0.0551938713370979,-0.144957455436228,-0.0897635840991301
"129775",0.271273450358418,0.209207538352152,0.238783306732258,-0.0295757683801053,-0.062065912006266,-0.0324901436261607
"454326",0.762282076915535,0.268443007478502,0.469116891124633,-0.200673883646131,-0.493839069437033,-0.293165185790902
"453346",0.158711997774421,0.13792039247135,0.147809282705611,-0.00988889023426065,-0.0207916053030711,-0.0109027150688104
"303134",0.0194127643005096,0.0241017824208229,0.0218790955684201,0.00222268685240273,0.00468901812031323,0.0024663312679105
"486540",0.825186512608152,0.434574436251632,0.618518023327336,-0.183943587075705,-0.39061207635652,-0.206668489280815
"5788",1.63144714310661,0.315913148953185,1.63144714310661,-1.31553399415343,-1.31553399415343,0
"544252",0.294024643404836,0.274334727251903,0.281829892759546,-0.00749516550764306,-0.0196899161529331,-0.0121947506452901
"96075",0.0680007401944002,0.0609327957286206,0.0642576153570822,-0.00332481962846165,-0.00706794446577956,-0.00374312483731791
"286429",0.986109945756157,0.125116612501886,0.986109945756157,-0.860993333254271,-0.860993333254271,0
"390117",0.0701185767337066,0.0500157218516718,0.0592558149772128,-0.00924009312554107,-0.0201028548820348,-0.0108627617564938
"71980",0.284555197625915,0.127185025546775,0.202676982014409,-0.0754919564676337,-0.15737017207914,-0.0818782156115058
"256576",0.210247727126252,0.200898037853716,0.205172038834368,-0.00427400098065223,-0.00934968927253607,-0.00507568829188385
"141092",0.477429384274361,0.185442714411923,0.285938726293283,-0.10049601188136,-0.291986669862438,-0.191490657981078
"515217",0.318295472830662,0.198566644269208,0.256050111226139,-0.0574834669569311,-0.119728828561454,-0.0622453616045232
"337453",0.250762680224967,0.140839675228354,0.194156181633786,-0.0533165064054316,-0.109923004996613,-0.0566064985911813
"506050",0.14072617528869,0.0896828633631555,0.114303338072364,-0.0246204747092084,-0.0510433119255346,-0.0264228372163262
"433328",0.028205027787706,0.0317249675862287,0.0299936586081199,0.00173130897810878,0.00351993979852263,0.00178863082041384
"120592",0.0517050474528215,0.114344853561746,0.0849705826207487,0.0293742709409976,0.0626398061089248,0.0332655351679272
"205599",0.228288488666366,0.180362343500688,0.201837665288639,-0.0214753217879516,-0.0479261451656785,-0.026450823377727
"476904",0.210037287640569,0.184833468014225,0.196673657370947,-0.011840189356722,-0.0252038196263442,-0.0133636302696221
"454482",0.0784733984312877,0.0845834601780169,0.0818002366292258,0.00278322354879111,0.00611006174672918,0.00332683819793807
"321728",0.368030819759345,0.254461444015261,0.311362475818664,-0.0569010318034032,-0.113569375744084,-0.0566683439406805
"509416",0.110813944296582,0.0937877831560577,0.101200721015948,-0.00741293785989018,-0.0170261611405247,-0.00961322328063451
"51459",1.00654141649351,0.326093766119035,0.562564213415986,-0.236470447296951,-0.680447650374479,-0.443977203077528
"310135",0.0977371816687236,0.0842684145450897,0.0906621908899063,-0.00639377634481658,-0.0134687671236338,-0.00707499077881726
"332175",0.482638050510808,0.26764450259176,0.350414693706732,-0.0827701911149714,-0.214993547919048,-0.132223356804076
"490586",2.66263318491775,0.402430319347252,2.66263318491775,-2.2602028655705,-2.2602028655705,0
"309192",0.0550101684293038,0.0712964393126544,0.0642465804050184,0.00704985890763604,0.0162862708833507,0.00923641197571462
"89190",1.53651379979893,0.376055330042668,0.838189452505485,-0.462134122462817,-1.16045846975626,-0.698324347293443
"276928",0.0798712751957325,0.105010811016637,0.0926296425424177,0.0123811684742198,0.025139535820905,0.0127583673466852
"478668",1.37960269700099,0.526433351989974,0.888862235286447,-0.362428883296473,-0.853169345011015,-0.490740461714542
"97947",0.0738230804660086,0.0958890643654924,0.085738089697997,0.0101509746674954,0.0220659838994837,0.0119150092319883
"382033",0.612446935761017,0.276180139891606,0.41020081296827,-0.134020673076664,-0.336266795869411,-0.202246122792747
"415836",1e-08,0.0632213408169792,0.0361499846614871,0.0270713561554921,0.0632213308169792,0.0361499746614871
"260726",0.474879155027088,0.315448629588215,0.380542569528673,-0.0650939399404579,-0.159430525438873,-0.0943365854984154
"35967",0.0191384980033216,0.0465250957856309,0.0343039051730363,0.0122211906125946,0.0273865977823093,0.0151654071697147
"161427",1.12381864575248,0.457708122065907,0.717686066518237,-0.25997794445233,-0.666110523686576,-0.406132579234246
"306702",0.0918212711426473,0.176462814014877,0.137881509202945,0.0385813048119322,0.0846415428722299,0.0460602380602976
"25449",0.297280326622304,0.112370049099805,0.199214371247611,-0.0868443221478061,-0.184910277522499,-0.0980659553746928
"426820",0.227321974041284,0.215077233670974,0.220595179413118,-0.00551794574214395,-0.0122447403703106,-0.00672679462816669
"230422",0.124772243894101,0.113495513332517,0.11892388253286,-0.00542836920034344,-0.0112767305615841,-0.00584836136124066
"49539",0.0675491407570103,0.104002106121122,0.0852417329946293,0.0187603731264928,0.0364529653641118,0.017692592237619
"364919",0.0717169940717762,0.145056406719286,0.109259732753707,0.0357966739655793,0.0733394126475102,0.0375427386819309
"24250",0.0698998582270606,0.147942952057159,0.109813952225599,0.0381289998315599,0.0780430938300985,0.0399140939985386
"25610",0.143520985799698,0.160966046737471,0.153389292798152,0.00757675393931878,0.0174450609377731,0.00986830699845431
"440393",0.0251017477380232,0.0486220428999825,0.0379552371329012,0.0106668057670814,0.0235202951619593,0.0128534893948779
"167843",0.154068049457499,0.133455415942969,0.142856703560928,-0.00940128761795878,-0.0206126335145294,-0.0112113458965706
"221008",0.335981894059132,0.209861784277935,0.268895100735502,-0.0590333164575676,-0.126120109781197,-0.0670867933236291
"328380",0.0729701090681377,0.131806503664563,0.102319061471183,0.0294874421933803,0.0588363945964257,0.0293489524030454
"564994",0.508584535416698,0.242041264601957,0.341882982324796,-0.0998417177228385,-0.266543270814741,-0.166701553091903
"84927",0.0266240194919022,0.0932535395412272,0.0596449943345094,0.0336085452067178,0.066629520049325,0.0330209748426072
"79424",8.2188032579051,1.37408979988752,8.2188032579051,-6.84471345801758,-6.84471345801758,0
"125428",0.0567225009228978,0.0995387493918448,0.0790578450985682,0.0204809042932766,0.0428162484689469,0.0223353441756703
"453170",0.0182110494780368,0.0597306921750225,0.0394292570616299,0.0203014351133926,0.0415196426969857,0.0212182075835931
"528260",1.12521586352662,0.406031498628521,0.682197793274122,-0.276166294645601,-0.719184364898102,-0.443018070252501
"171960",0.0314319642469691,0.0942024597662426,0.0642141177520593,0.0299883420141833,0.0627704955192736,0.0327821535050902
"317127",0.0592326050316946,0.0220243221565562,0.039887379758578,-0.0178630576020218,-0.0372082828751384,-0.0193452252731166
"299146",0.261419068911695,0.126260183094666,0.19146153697558,-0.065201353880914,-0.135158885817029,-0.0699575319361148
"217484",1.77771511899379,0.327536310828401,1.77771511899379,-1.45017880816539,-1.45017880816539,0
"482268",0.184437973251735,0.208827756551859,0.19776638354447,0.011061373007389,0.0243897833001246,0.0133284102927356
"474837",0.20228768115779,0.149427766537328,0.175608477062584,-0.0261807105252568,-0.0528599146204621,-0.0266792040952053
"453080",0.150391248214265,0.205336103835455,0.178534221156356,0.0268018826790991,0.0549448556211897,0.0281429729420906
"70533",1.06170865341209,0.482911690548843,0.717623925130243,-0.2347122345814,-0.578796962863251,-0.344084728281851
"357368",0.0523026785671886,0.0580473576099265,0.0558109414696759,0.00223641614025067,0.00574467904273798,0.00350826290248731
"330589",0.00813618404739372,0.0347485128984991,0.0212913287795222,0.0134571841189769,0.0266123288511054,0.0131551447321285
"164731",0.0428608642964538,0.082669139340758,0.0628657537467306,0.0198033855940274,0.0398082750443042,0.0200048894502768
"17381",0.0589678067079611,0.0179633953204215,0.037539415619742,-0.0195760202993205,-0.0410044113875396,-0.0214283910882192
"483295",0.489353928929887,0.251047848270862,0.347185966614354,-0.0961381183434914,-0.238306080659025,-0.142167962315534
"515127",0.493761715925883,0.557623464068366,0.527151603184657,0.030471860883709,0.0638617481424831,0.0333898872587741
"72845",0.0801507561478559,0.0793317236866304,0.0796970510028753,-0.000365327316244932,-0.0008190324612255,-0.000453705144980568
"147495",5.43434665381635,0.780734029422796,5.43434665381635,-4.65361262439355,-4.65361262439355,0
"31925",0.106517428418942,0.099892425075985,0.10279014582803,-0.00289772075204534,-0.00662500334295711,-0.00372728259091178
"360113",0.0795859364125093,0.0896987188567798,0.0854339245553858,0.00426479430139401,0.0101127824442705,0.00584798814287653
"196714",0.0308125055722481,0.0710631665558527,0.0528206339180085,0.0182425326378442,0.0402506609836046,0.0220081283457604
"84930",3.58847378506157,0.515813392602758,3.58847378506157,-3.07266039245882,-3.07266039245882,0
"130763",0.0585869986754548,0.0940378123543314,0.077226949172346,0.0168108631819854,0.0354508136788766,0.0186399504968912
"403044",0.0846861215063676,0.120732076600455,0.104345801743202,0.0163862748572535,0.0360459550940875,0.0196596802368341
"506922",0.341826836768344,0.261376208916804,0.291047703374863,-0.0296714944580584,-0.0804506278515398,-0.0507791333934814
"509792",0.0518912160477923,0.131296087340352,0.0924592442760865,0.038836843064265,0.0794048712925592,0.0405680282282943
"343301",0.299366475166464,0.149455323141026,0.216590714309463,-0.0671353911684371,-0.149911152025437,-0.0827757608570003
"24752",0.612869295881402,0.208753881833859,0.364630401143954,-0.155876519310095,-0.404115414047543,-0.248238894737448
"550719",0.116340499716781,0.0804262308236701,0.0978961395664526,-0.0174699087427825,-0.0359142688931112,-0.0184443601503286
"155740",1.69438558095074,0.294392620846086,1.69438558095074,-1.39999296010465,-1.39999296010465,0
"174377",0.437353630158946,0.186780283976688,0.274358238240901,-0.0875779542642137,-0.250573346182258,-0.162995391918045
"89305",0.0126315669133931,0.0511120033580014,0.0315657078566018,0.0195462955013996,0.0384804364446083,0.0189341409432086
"407292",0.244249422375054,0.142208778021757,0.191201124962204,-0.0489923469404463,-0.102040644353297,-0.0530482974128505
"129363",0.845056041335189,0.291298217636166,0.571306514920425,-0.280008297284259,-0.553757823699023,-0.273749526414764
"22279",0.401286045905847,0.116705003275433,0.243270236898085,-0.126565233622652,-0.284581042630414,-0.158015809007762
"302733",0.902060281615201,0.610471546664453,0.734559485250539,-0.124087938586086,-0.291588734950748,-0.167500796364662
"420369",0.0711512682541817,0.0582708193960772,0.0649187112355604,-0.00664789183948313,-0.0128804488581045,-0.00623255701862137
"521313",0.0312093711502149,0.0388957915253547,0.0352117180571304,0.00368407346822432,0.00768642037513986,0.00400234690691554
"30366",0.0983901249823759,0.121460199995129,0.109992443893271,0.0114677561018577,0.0230700750127531,0.0116023189108954
"407877",0.0810566065218327,0.117558483785873,0.100176505762353,0.0173819780235208,0.0365018772640406,0.0191198992405198
"342649",0.00758735678007215,0.0295254728794247,0.01853091544149,0.0109945574379347,0.0219381160993526,0.0109435586614178
"572688",0.247229332479266,0.270275557565341,0.258858378033881,0.0114171795314596,0.0230462250860748,0.0116290455546152
"416193",0.177342571652501,0.192597274289096,0.184676242765649,0.00792103152344767,0.0152547026365955,0.00733367111314781
"471171",1.20984618809768,0.357619079286328,0.680093228420842,-0.322474149134514,-0.852227108811348,-0.529752959676834
"341880",0.670722354064881,0.240235905531858,0.406783593717959,-0.1665476881861,-0.430486448533022,-0.263938760346922
"384960",0.27525492563497,0.278965269213732,0.277012237570359,0.00195303164337263,0.00371034357876243,0.0017573119353898
"407666",4.90664402839318,0.944518832891373,4.90664402839318,-3.96212519550181,-3.96212519550181,0
"127649",1e-08,0.0528560614543381,0.0290644142207961,0.0237916472335419,0.0528560514543381,0.0290644042207961
"540997",0.392063289533533,0.269526251608835,0.317734527106597,-0.0482082754977622,-0.122537037924698,-0.0743287624269357
"474262",0.0936502727571295,0.118103090884752,0.106418211410371,0.0116848794743815,0.0244528181276229,0.0127679386532414
"60203",1.89132882894686,0.378280609444075,0.854825189846461,-0.476544580402385,-1.51304821950278,-1.0365036391004
"9792",0.126333190205868,0.123510017737298,0.124849212494871,-0.00133919475757271,-0.00282317246857014,-0.00148397771099743
"566819",3.32994080963498,0.132500325646174,3.32994080963498,-3.19744048398881,-3.19744048398881,0
"312251",3.65152290114555,0.455615370451574,3.65152290114555,-3.19590753069397,-3.19590753069397,0
"253857",0.262691096308239,0.191656921859579,0.226541842429663,-0.0348849205700842,-0.0710341744486602,-0.036149253878576
"58773",0.922277680304111,0.170744545134719,0.922277680304111,-0.751533135169391,-0.751533135169391,0
"439613",0.0167512158911454,0.0747272177722499,0.0485182073702307,0.0262090104020192,0.0579760018811045,0.0317669914790853
"207853",0.561956556258122,0.248669607963463,0.405954970048051,-0.157285362084588,-0.313286948294659,-0.156001586210071
"393516",0.406955485683674,0.222727405210957,0.290022405008001,-0.0672949997970439,-0.184228080472717,-0.116933080675674
"360957",0.457920435380391,0.186362991540739,0.318024046361661,-0.131661054820922,-0.271557443839652,-0.139896389018729
"482132",0.710512284178053,0.264068526263692,0.448834034200591,-0.184765507936899,-0.446443757914361,-0.261678249977462
"237257",0.253503592310177,0.201728998469736,0.227254232925585,-0.0255252344558486,-0.0517745938404404,-0.0262493593845918
"372423",0.116664347894615,0.223324107569082,0.173775145663389,0.0495489619056932,0.106659759674467,0.0571107977687738
"500930",0.403459640136715,0.342384945176164,0.372081895251549,-0.0296969500753849,-0.0610746949605507,-0.0313777448851658
"408758",0.253525226053179,0.189685035305209,0.220278537792525,-0.0305935024873158,-0.06384019074797,-0.0332466882606541
"94176",0.0270796390271547,0.079257125619151,0.0546716646473282,0.0245854609718229,0.0521774865919963,0.0275920256201734
"254231",0.427835130903823,0.279685027826303,0.334926948029927,-0.0552419202036243,-0.14815010307752,-0.0929081828738961
"19088",1e-08,0.0669110070078404,0.0378334488831615,0.0290775581246789,0.0669109970078404,0.0378334388831615
"574243",0.244074832144696,0.176622067472051,0.210206026587792,-0.033583959115741,-0.067452764672646,-0.033868805556905
"258435",0.106655614216355,0.169724347862476,0.138946604060339,0.0307777438021376,0.0630687336461212,0.0322909898439836
"258143",0.119795366803758,0.198735883206926,0.161824380630761,0.0369115025761647,0.0789405164031673,0.0420290138270026
"208787",1.78327604656618,0.489193054367967,1.04628163279754,-0.557088578429571,-1.29408299219821,-0.736994413768641
"523435",0.122399345430316,0.169684820711532,0.146995725413598,0.0226890952979343,0.047285475281216,0.0245963799832816
"338549",0.0433134592930813,0.0600264350701454,0.0519213868942626,0.0081050481758828,0.0167129757770641,0.00860792760118127
"325801",2.319830321014,0.311860432862926,2.319830321014,-2.00796988815108,-2.00796988815108,0
"81535",0.0141664942544991,0.0266353045658876,0.0205019733086938,0.00613333125719379,0.0124688103113885,0.00633547905419471
"359082",0.246201844328371,0.358584868406643,0.301843991736979,0.0567408766696633,0.112383024078272,0.0556421474086087
"10203",0.383078469028923,0.213808351676381,0.295170206755877,-0.0813618550794959,-0.169270117352543,-0.0879082622730467
"531507",0.11713529702868,0.147851590287264,0.133647549296172,0.0142040409910921,0.0307162932585843,0.0165122522674922
"339778",0.455851809953177,0.233848964123685,0.319631346730413,-0.0857823826067281,-0.222002845829493,-0.136220463222765
"52345",0.0878915377114756,0.132708230833572,0.112593400497791,0.0201148303357809,0.0448166931220965,0.0247018627863157
"540260",0.45195765852916,0.216780741914343,0.29823903130224,-0.0814582893878971,-0.235176916614817,-0.15371862722692
"69315",0.0131859930560724,0.0486887446625866,0.0306361302722816,0.018052614390305,0.0355027516065142,0.0174501372162092
"299932",0.00698623603711664,0.0256098224838307,0.0157780608684059,0.00983176161542487,0.0186235864467141,0.00879182483128923
"215604",0.274085254868213,0.164001660223398,0.215023060865409,-0.0510214006420104,-0.110083594644815,-0.0590621940028044
"386446",0.130127551690407,0.158548134036705,0.14475902197589,0.0137891120608144,0.0284205823462979,0.0146314702854835
"344795",0.021153868105483,0.0449766154226054,0.0341889312727625,0.0107876841498429,0.0238227473171223,0.0130350631672795
"261995",1.08266121945836,0.355367889963146,0.683348495042766,-0.327980605079621,-0.727293329495215,-0.399312724415595
"72521",0.047080920750921,0.112531969403913,0.081466893149689,0.0310650762542245,0.0654510486529925,0.034385972398768
"203569",0.0359625295723529,0.0656267522108261,0.0517199744825005,0.0139067777283255,0.0296642226384732,0.0157574449101476
"92006",0.704790468201119,0.252926297861987,0.477656824780099,-0.224730526918112,-0.451864170339132,-0.22713364342102
"549543",0.390553660149043,0.183247362155128,0.25163971201256,-0.0683923498574315,-0.207306297993915,-0.138913948136483
"265948",0.0494773151403895,0.0525694592024075,0.0516493849260439,0.000920074276363606,0.00309214406201799,0.00217206978565439
"458803",0.253235095449497,0.379196382712525,0.324289177763742,0.0549072049487833,0.125961287263029,0.0710540823142455
"176472",0.439082561983477,0.17147269638625,0.265662305632864,-0.0941896092466145,-0.267609865597228,-0.173420256350613
"89969",0.193236506614774,0.141157326807125,0.163893895303047,-0.0227365684959225,-0.0520791798076493,-0.0293426113117269
"4655",2.36715564619669,1.12461250722318,1.49065516507062,-0.366042657847437,-1.2425431389735,-0.876500481126067
"106376",0.0156348980226306,0.084514514619103,0.0517030524867792,0.0328114621323238,0.0688796165964725,0.0360681544641487
"57145",0.0283251364895798,0.0350809690823165,0.0319245557357025,0.00315641334661396,0.00675583259273667,0.00359941924612271
"465798",0.194584909262898,0.177243101197762,0.185661960690156,-0.00841885949239468,-0.017341808065136,-0.00892294857274137
"416824",0.514280169955478,0.351222583289039,0.422711763581114,-0.0714891802920741,-0.163057586666438,-0.0915684063743641
"342091",0.251566670696111,0.246198020658015,0.248775036493776,-0.0025770158357612,-0.00536865003809617,-0.00279163420233497
"239563",0.112622977298304,0.1147251914794,0.113597574530426,0.00112761694897388,0.00210221418109627,0.000974597232122384
"367541",0.106539779093074,0.106797615704729,0.106661346720357,0.000136268984371662,0.000257836611655585,0.000121567627283922
"90387",0.0221017761377998,0.0571273261953805,0.0406461701376193,0.0164811560577612,0.0350255500575807,0.0185443939998195
"145989",0.792946030206301,0.252486893756069,0.480925752061763,-0.228438858305693,-0.540459136450232,-0.312020278144538
"525585",1.2141230524245,0.304228340960106,0.633857219044094,-0.329628878083988,-0.909894711464396,-0.580265833380408
"309733",4.22205302984198,0.943454921347044,1.89391702152193,-0.950462100174882,-3.27859810849494,-2.32813600832006
"254058",0.484736511828181,0.205047976632088,0.341521567076971,-0.136473590444883,-0.279688535196093,-0.143214944751209
"186450",0.445797707679076,0.107485917206524,0.266653807424493,-0.159167890217968,-0.338311790472551,-0.179143900254583
"359012",2.07684591530948,0.386338842461892,2.07684591530948,-1.69050707284759,-1.69050707284759,0
"309099",0.742012032283863,0.163669716040292,0.375411746879728,-0.211742030839436,-0.578342316243571,-0.366600285404135
"423214",0.156975357392054,0.205851920317512,0.18207657475215,0.0237753455653621,0.0488765629254579,0.0251012173600958
"117402",0.0752294168645663,0.155077204949,0.116341534783925,0.0387356701650754,0.0798477880844338,0.0411121179193584
"372852",0.973996485645071,0.336568500439383,0.557734041107704,-0.221165540668321,-0.637427985205688,-0.416262444537368
"176637",0.0432843779883284,0.0359284720542909,0.0395218458108484,-0.00359337375655748,-0.00735590593403743,-0.00376253217747995
"158785",0.0678481059524242,0.162231174498377,0.113759565601041,0.0484716088973363,0.0943830685459531,0.0459114596486167
"545072",0.131525860639663,0.0962527923920314,0.111396007720081,-0.0151432153280493,-0.0352730682476319,-0.0201298529195826
"90078",2.02668595468134,0.429214471924634,0.971261387152135,-0.542046915227501,-1.5974714827567,-1.0554245675292
"138051",0.0565921636251016,0.0820746014129569,0.070799989988325,0.0112746114246319,0.0254824377878553,0.0142078263632233
"141099",0.714368581974748,0.427237041473574,0.555472770926909,-0.128235729453336,-0.287131540501174,-0.158895811047838
"146436",0.467812065611181,0.114743365222399,0.267104578517976,-0.152361213295576,-0.353068700388782,-0.200707487093206
"171600",0.441282710326888,0.243114225953211,0.339987251684981,-0.0968730257317699,-0.198168484373676,-0.101295458641906
"523109",0.0639933077510443,0.0817462092813634,0.073176071938156,0.00857013734320748,0.0177529015303191,0.00918276418711161
"463260",0.0923353958584412,0.201818837849612,0.148500210537093,0.053318627312519,0.109483441991171,0.0561648146786515
"509888",0.356641341077676,0.131849648365983,0.197840902088654,-0.0659912537226701,-0.224791692711693,-0.158800438989023
"389519",0.0513429859657532,0.103602467106227,0.0799105041862762,0.0236919629199513,0.0522594811404742,0.028567518220523
"244056",0.307709582139021,0.237782215165474,0.271128733625489,-0.0333465184600149,-0.0699273669735463,-0.0365808485135313
"286732",0.0189440881073841,0.074551643831844,0.046264955162895,0.028286688668949,0.0556075557244599,0.0273208670555109
"56045",0.0469555536625241,0.109820048255201,0.0820953228637554,0.0277247253914456,0.0628644945926769,0.0351397692012313
"354354",0.100977531985465,0.157378822571786,0.128993588828445,0.0283852337433415,0.0564012905863212,0.0280160568429797
"122053",0.205461767424173,0.198071671726619,0.201434323694874,-0.00336265196825547,-0.00739009569755444,-0.00402744372929897
"296548",0.275403416668474,0.23480742031372,0.254949033782741,-0.0201416134690209,-0.0405959963547545,-0.0204543828857336
"251120",0.0207590045770438,0.0257633290791787,0.0231841340062676,0.00257919507291104,0.00500432450213485,0.00242512942922381
"86265",2.34216192116329,0.33160862751934,2.34216192116329,-2.01055329364395,-2.01055329364395,0
"517980",0.0501927300696327,0.0212328964873808,0.0352134994971097,-0.0139806030097288,-0.0289598335822519,-0.014979230572523
"556460",1.20189189273365,0.487049851103283,0.773473355472748,-0.286423504369465,-0.714842041630367,-0.428418537260901
"119750",0.205350281486928,0.135403109303936,0.168238460340933,-0.0328353510369966,-0.0699471721829912,-0.0371118211459947
"257921",1.76168531346744,0.359898903569015,0.928578017265942,-0.568679113696927,-1.40178640989842,-0.833107296201493
"423425",0.586809284078038,0.350782281528297,0.449577156983111,-0.0987948754548144,-0.236027002549741,-0.137232127094927
"161510",0.133602885850875,0.0677853138854144,0.0981174966861342,-0.0303321828007198,-0.0658175719654608,-0.0354853891647409
"192856",0.252013400696518,0.18563475587572,0.215730977771914,-0.0300962218961945,-0.0663786448207984,-0.0362824229246038
"330838",0.975555937788683,0.260794825600637,0.487578381547458,-0.226783555946822,-0.714761112188046,-0.487977556241225
"433962",0.0113135484301507,0.0528680383035848,0.0329395548431753,0.0199284834604095,0.0415544898734341,0.0216260064130246
"203893",0.0882223269824206,0.115527157258883,0.102866246752557,0.0126609105063256,0.0273048302764621,0.0146439197701365
"420074",1.21489966840326,0.333007123304618,0.651529619250814,-0.318522495946197,-0.881892545098639,-0.563370049152442
"485272",0.207042416904304,0.157543240615684,0.17880711602453,-0.0212638754088458,-0.0494991762886201,-0.0282353008797742
"496723",0.109107847901663,0.0875997842692342,0.0979378975123822,-0.010338113243148,-0.0215080636324285,-0.0111699503892805
"215628",0.146346248366002,0.172026492028263,0.159547212702942,0.0124792793253208,0.0256802436622614,0.0132009643369405
"454351",10,1.07951789052739,10,-8.92048210947261,-8.92048210947261,0
"534200",0.219830825888288,0.186077401825301,0.201720076877351,-0.0156426750520493,-0.0337534240629866,-0.0181107490109373
"286603",0.0688626358567503,0.1263554195902,0.0990847417097189,0.0272706778804815,0.0574927837334502,0.0302221058529686
"325983",0.0919505252518816,0.167644829044041,0.130094805803196,0.0375500232408452,0.0756943037921599,0.0381442805513146
"512384",1.1107538138622,0.452830426700629,0.709192049734906,-0.256361623034277,-0.657923387161575,-0.401561764127298
"59250",0.218706838045098,0.175196435284615,0.196299815904977,-0.0211033806203615,-0.0435104027604825,-0.022407022140121
"220544",1.87317794680929,0.493058201878425,0.965325316645856,-0.472267114767431,-1.38011974493087,-0.907852630163435
"25456",0.463616640073077,0.344836658613184,0.392627473983991,-0.0477908153708069,-0.118779981459893,-0.0709891660890859
"284247",0.0623807066074222,0.0541774740122572,0.0580962582169443,-0.00391878420468712,-0.00820323259516497,-0.00428444839047785
"41422",0.31074682442654,0.199880273059632,0.250706361693557,-0.0508260886339246,-0.110866551366908,-0.0600404627329832
"250998",0.0192093297709284,0.0585840843024359,0.0407471707826377,0.0178369135197982,0.0393747545315075,0.0215378410117092
"237310",0.0685677709632244,0.0675027497827872,0.0680537052357715,-0.000550955452984239,-0.00106502118043721,-0.000514065727452967
"516105",0.093841473231415,0.107903310253968,0.101456470345067,0.00644683990890006,0.0140618370225525,0.00761499711365241
"59177",2.62001650727705,0.846312838193687,1.44346964754599,-0.597156809352308,-1.77370366908337,-1.17654685973106
"264453",0.172241500219227,0.16875611821287,0.17052237423088,-0.0017662560180105,-0.00348538200635745,-0.00171912598834695
"111521",0.15107436571527,0.202979870301657,0.179143208045573,0.0238366622560835,0.0519055045863872,0.0280688423303037
"236391",0.584553613129124,0.311470042960557,0.421698585362299,-0.110228542401742,-0.273083570168567,-0.162855027766825
"40339",0.454170460309053,0.229019357789417,0.340829129712595,-0.111809771923178,-0.225151102519636,-0.113341330596458
"108022",2.75837301605557,0.564802889861242,1.42280959397009,-0.858006704108851,-2.19357012619433,-1.33556342208548
"471156",1.00434288061033,0.378574953778653,0.605380997172191,-0.226806043393538,-0.625767926831674,-0.398961883438136
"383715",0.270122548367083,0.271798479563018,0.271041620849911,0.000756858713107211,0.00167593119593579,0.000919072482828576
"8910",0.190129709671051,0.149376983033458,0.166939713601539,-0.0175627305680811,-0.0407527266375929,-0.0231899960695118
"241120",0.180153554847692,0.161274932206792,0.170028634828185,-0.00875370262139313,-0.0188786226409005,-0.0101249200195073
"194930",0.0945471999449425,0.110050151692764,0.102596570343189,0.00745358134957505,0.0155029517478218,0.00804937039824676
"327749",0.00291143220843895,0.0446681494188892,0.0259839865843651,0.0186841628345241,0.0417567172104502,0.0230725543759261
"187017",0.00993931358166871,0.0215794027904593,0.0154193138941151,0.00616008889634423,0.0116400892087906,0.00548000031244638
"447349",0.206564945275798,0.207628533180577,0.207080660972329,0.000547872208248035,0.00106358790477898,0.000515715696530944
"242644",1e-08,0.0350296012841969,0.016786840069629,0.0182427612145679,0.0350295912841969,0.016786830069629
"445600",2.49225254205262,0.37276948491731,2.49225254205262,-2.11948305713531,-2.11948305713531,0
"225367",0.0956814298078579,0.0813727908540901,0.0878683537985144,-0.00649556294442437,-0.0143086389537678,-0.00781307600934342
"299937",0.0854369021056807,0.0990715450609728,0.0926316177591855,0.0064399273017873,0.0136346429552922,0.00719471565350485
"361272",0.220550593599967,0.188577191563702,0.203527640448717,-0.014950448885015,-0.0319734020362648,-0.0170229531512498
"577018",0.390139101022599,0.133613019721701,0.249253440610537,-0.115640420888836,-0.256526081300898,-0.140885660412062
"66337",0.435230726466643,0.207873361526826,0.29414905505649,-0.0862756935296638,-0.227357364939818,-0.141081671410154
"186609",0.112822511020849,0.169425334436479,0.141987011033323,0.0274383234031556,0.0566028234156304,0.0291645000124747
"417005",0.0724349572483359,0.0665677789522721,0.0692743606543179,-0.00270658170204573,-0.00586717829606377,-0.00316059659401804
"23534",0.0343999710591835,0.0773444593027478,0.0549063298796843,0.0224381294230636,0.0429444882435643,0.0205063588205008
"401412",0.304894408039797,0.163636453711954,0.229429282395849,-0.0657928286838946,-0.141257954327843,-0.0754651256439484
"484779",0.12175680003026,0.26294371761213,0.193419443092625,0.0695242745195048,0.14118691758187,0.0716626430623651
"366654",2.05445984018084,0.474748923094301,1.02439452313741,-0.54964560004311,-1.57971091708654,-1.03006531704343
"518435",0.27234553492015,0.25943914603881,0.265333364778378,-0.00589421873956758,-0.0129063888813401,-0.00701217014177252
"506178",0.148947012082332,0.0927326762715489,0.118005232041818,-0.0252725557702694,-0.0562143358107835,-0.030941780040514
"135237",0.435001913047499,0.284010497724405,0.339731414921768,-0.0557209171973628,-0.150991415323094,-0.0952704981257313
"153646",0.0585076714609057,0.104870500036475,0.0821495018606458,0.0227209981758296,0.0463628285755698,0.0236418303997401
"374507",1.47391837093293,0.257360182337247,1.47391837093293,-1.21655818859568,-1.21655818859568,0
"265913",0.265966968353166,0.232629998138853,0.248654170667161,-0.0160241725283078,-0.0333369702143125,-0.0173127976860047
"410118",0.128057903616233,0.0699753166666816,0.0971651775538101,-0.0271898608871285,-0.0580825869495518,-0.0308927260624233
"570380",0.193131543390791,0.117076655878218,0.1514627742635,-0.0343861183852825,-0.0760548875125737,-0.0416687691272912
"489520",0.0835837620331798,0.0877981973061898,0.085853070547277,0.00194512675891281,0.00421443527300994,0.00226930851409712
"334591",0.624808294389296,0.304061034079388,0.434831681149836,-0.130770647070448,-0.320747260309908,-0.189976613239461
"467976",0.024741209295343,0.0387270458717081,0.0316190422336475,0.0071080036380606,0.0139858365763651,0.00687783293830446
"394898",0.798908564384446,0.366373632551235,0.55811407944963,-0.191740446898394,-0.432534931833211,-0.240794484934816
"236022",0.0413864479389397,0.0696770786624647,0.0558844569183635,0.0137926217441013,0.0282906307235251,0.0144980089794238
"24313",0.160508828290226,0.0837475022728572,0.118210665800363,-0.0344631635275055,-0.076761326017369,-0.0422981624898635
"2591",2.59088624740062,0.547091017283557,1.33421831028013,-0.787127292996577,-2.04379523011706,-1.25666793712049
"186852",0.242548706939523,0.263115838280057,0.252787507156981,0.0103283311230761,0.0205671313405341,0.0102388002174579
"154261",0.0761464080586331,0.056510146023975,0.0660798026326082,-0.00956965660863322,-0.0196362620346581,-0.0100666054260249
"331627",0.388656454890373,0.182896389984066,0.252810989950353,-0.0699145999662873,-0.205760064906307,-0.13584546494002
"26988",1.11623048204008,0.698112951433861,0.887268540441071,-0.18915558900721,-0.418117530606221,-0.228961941599011
"94952",0.0746978186390793,0.0483466342816853,0.060688361341323,-0.0123417270596377,-0.026351184357394,-0.0140094572977563
"210865",1.00545763700422,0.363863063803621,0.65056085278115,-0.286697788977529,-0.641594573200601,-0.354896784223072
"204935",0.0132298320576232,0.0503964848524684,0.0321122432011943,0.0182842416512742,0.0371666527948452,0.0188824111435711
"505870",0.00789839847124473,0.0795802838598411,0.0450157571580438,0.0345645267017973,0.0716818853885964,0.037117358686799
"96531",0.833551630415827,0.541087296991599,0.660859418940536,-0.119772121948937,-0.292464333424228,-0.172692211475291
"332173",0.0872231100470973,0.0721593126685291,0.0795560685486142,-0.00739675588008515,-0.0150637973785682,-0.0076670414984831
"239756",1.78699525357567,0.442838778108516,0.881828062768684,-0.438989284660168,-1.34415647546715,-0.905167190806982
"283185",0.0872390545863932,0.133063086483691,0.110684985177839,0.0223781013058528,0.0458240318972982,0.0234459305914454
"565813",0.029519857544904,0.0875872696422911,0.0603470387211811,0.02724023092111,0.0580674120973871,0.0308271811762771
"485233",0.236782945861026,0.242746309216212,0.239727771546352,0.00301853766986057,0.00596336335518585,0.00294482568532528
"296185",0.0768289508555934,0.051190487104843,0.0625231008070516,-0.0113326137022086,-0.0256384637507504,-0.0143058500485419
"306115",3.94074819047125,0.441350965359706,3.94074819047125,-3.49939722511154,-3.49939722511154,0
"350145",0.523534741237387,0.250835916558258,0.360019677463656,-0.109183760905399,-0.272698824679129,-0.163515063773731
"72560",0.209017781671827,0.281733995785658,0.245611284248394,0.0361227115372642,0.0727162141138305,0.0365935025765663
"47004",0.0172872891765562,0.0341929090794975,0.0259878065113293,0.00820510256816817,0.0169056199029413,0.00870051733477311
"566386",0.257128523474427,0.250612738442731,0.253922092933678,-0.00330935449094699,-0.00651578503169581,-0.00320643054074882
"27626",0.0471256828176933,0.0709668257276565,0.0596684706916343,0.0112983550360222,0.0238411429099632,0.0125427878739411
"294634",0.0375136642413731,0.102886684452125,0.0703444571613169,0.0325422272908082,0.065373020210752,0.0328307929199438
"179552",0.126927120444591,0.0901168109586611,0.107695199022515,-0.0175783880638537,-0.0368103094859299,-0.0192319214220762
"489686",0.258394524961427,0.173207184998599,0.211167505990906,-0.0379603209923072,-0.0851873399628283,-0.0472270189705211
"530664",0.0622386299347706,0.155278399523576,0.108113551752218,0.0471648477713575,0.0930397695888052,0.0458749218174477
"322854",1.18851714504125,0.353422574146342,0.666424714931554,-0.313002140785212,-0.835094570894906,-0.522092430109694
"40641",0.0265539974441414,0.0965414437468312,0.063356823423106,0.0331846203237252,0.0699874463026899,0.0368028259789646
"262149",0.0962003955531494,0.0855628426252873,0.0904685568868957,-0.00490571426160845,-0.0106375529278622,-0.00573183866625372
"225502",1.31298922164611,0.142983841815649,1.31298922164611,-1.17000537983046,-1.17000537983046,0
"332199",0.134093156541071,0.132497737477112,0.133209979134991,-0.000712241657879448,-0.00159541906395952,-0.000883177406080071
"12327",0.0286166559692521,0.0453561576424759,0.0372051096744637,0.00815104796801221,0.0167395016732238,0.00858845370521161
"186277",0.306788320775007,0.310623423785008,0.308502795593175,0.00212062819183356,0.00383510301000167,0.00171447481816811
"508848",0.1285699681514,0.167400048516994,0.148538256161372,0.0188617923556212,0.038830080365594,0.0199682880099727
"531933",0.0875099815647848,0.0882292148759808,0.0879173573073959,0.000311857568584858,0.000719233311195958,0.000407375742611099
"317164",0.145938796390141,0.164448717012231,0.154866055392562,0.0095826616196687,0.0185099206220898,0.00892725900242108
"450492",0.500703136173494,0.207072931362205,0.316750237209764,-0.109677305847559,-0.293630204811289,-0.183952898963729
"175356",0.0147761513779938,0.0747815343187914,0.0487605516288534,0.026020982689938,0.0600053829407976,0.0339844002508596
"107837",0.268820749627676,0.211971131679454,0.239035095971454,-0.0270639642919997,-0.0568496179482224,-0.0297856536562228
"320258",0.474002253056837,0.126465711384546,0.284361717421987,-0.157896006037441,-0.347536541672292,-0.189640535634851
"94904",0.0778897044526299,0.0604224670525993,0.0681533321476689,-0.00773086509506961,-0.0174672374000306,-0.00973637230496097
"201493",0.22264721569428,0.235751836252312,0.229390074042772,0.00636176220953949,0.0131046205580317,0.00674285834849217
"179526",0.0428834308391636,0.0379676623983807,0.0403333435047031,-0.00236568110632238,-0.00491576844078289,-0.00255008733446051
"145136",0.0335552246454571,0.120678051159801,0.0796686091409055,0.0410094420188953,0.0871228265143438,0.0461133844954485
"550280",0.156642029666995,0.225075392228655,0.19043324218361,0.0346421500450455,0.06843336256166,0.0337912125166146
"306099",0.529138005800255,0.32762542856472,0.410382363439892,-0.0827569348751728,-0.201512577235535,-0.118755642360362
"65850",0.2684442137238,0.120350803749191,0.191155655813006,-0.0708048520638145,-0.148093409974609,-0.0772885579107945
"410980",2.80371470159843,0.183579492546188,2.80371470159843,-2.62013520905224,-2.62013520905224,0
"527239",0.136026415097855,0.163489281721714,0.150346570631546,0.0131427110901683,0.0274628666238599,0.0143201555336916
"226545",0.301387270805246,0.164947604412668,0.208207663955359,-0.0432600595426905,-0.136439666392577,-0.0931796068498868
"97484",0.244544543358343,0.0913189214588188,0.162027970902869,-0.0707090494440499,-0.153225621899524,-0.0825165724554745
"201360",0.163840485808294,0.210532941337791,0.188164644208587,0.0223682971292035,0.0466924555294974,0.0243241584002939
"465508",2.62788478951193,0.407723306952315,2.62788478951193,-2.22016148255961,-2.22016148255961,0
"32345",0.034665751535754,0.0590216535716794,0.0474767367705556,0.0115449168011239,0.0243559020359255,0.0128109852348016
"547665",0.592304291212726,0.342830599995849,0.449791519658265,-0.106960919662416,-0.249473691216876,-0.14251277155446
"141038",0.403637425927807,0.381462892059281,0.391238195236063,-0.00977530317678166,-0.0221745338685255,-0.0123992306917439
"336054",0.0937945154489691,0.103242223752559,0.0986688810932206,0.00457334265933861,0.00944770830359011,0.0048743656442515
"334610",2.05415191641764,0.504537543750489,1.05541629525274,-0.550878751502252,-1.54961437266715,-0.998735621164901
"144683",0.0248616053777978,0.0317605669562998,0.0284148783889607,0.00334568856733911,0.00689896157850201,0.0035532730111629
"466779",0.465958729557042,0.151211753690897,0.293692211960964,-0.142480458270067,-0.314746975866145,-0.172266517596078
"37514",0.0713310474837399,0.0393916461897443,0.0547754986231153,-0.0153838524333709,-0.0319394012939956,-0.0165555488606247
"46119",0.0412315069361718,0.0868386861411189,0.0646103244847177,0.0222283616564012,0.0456071792049471,0.0233788175485459
"156506",0.121803103615014,0.119527190548667,0.120681341128997,-0.00115415058032996,-0.00227591306634675,-0.00112176248601679
"200974",0.160783422706904,0.307296781537101,0.23135022535165,0.0759465561854503,0.146513358830197,0.0705668026447464
"25410",0.0445085783815626,0.0635333723613419,0.054852287234967,0.00868108512637491,0.0190247939797793,0.0103437088534044
"103660",0.373138901151676,0.176862368637144,0.271073709736561,-0.0942113410994175,-0.196276532514532,-0.102065191415114
"340423",0.0114374769294937,0.0976741131556941,0.0561970141927039,0.0414770989629903,0.0862366362262004,0.0447595372632102
"356876",0.346861417689128,0.134290708150503,0.236315832304389,-0.102025124153885,-0.212570709538625,-0.110545585384739
"56127",0.233918115025767,0.128957673131711,0.178143346556455,-0.0491856734247442,-0.104960441894056,-0.0557747684693116
"92492",0.682345343167924,0.269724209438319,0.439552490112002,-0.169828280673683,-0.412621133729606,-0.242792853055922
"496320",0.264263049442818,0.132971495652219,0.193087568579366,-0.0601160729271465,-0.131291553790599,-0.0711754808634522
"565540",0.429574843243771,0.239202395323672,0.312056492347674,-0.0728540970240025,-0.190372447920099,-0.117518350896097
"505069",0.45699027647115,0.20051917715281,0.327684585167383,-0.127165408014573,-0.25647109931834,-0.129305691303767
"262751",0.0345044583557595,0.117192514065526,0.077612217216759,0.0395802968487672,0.0826880557097668,0.0431077588609996
"50604",0.0226390468230165,0.0266016464749603,0.024640301489298,0.00196134498566236,0.00396259965194384,0.00200125466628148
"18646",1.36322247399069,0.307986979085565,0.692127583837386,-0.384140604751821,-1.05523549490512,-0.6710948901533
"372811",0.194164349982908,0.202843678693466,0.198294341529201,0.00454933716426514,0.0086793287105589,0.00412999154629376
"577845",0.994522646838308,0.354214695347968,0.579752481089903,-0.225537785741935,-0.64030795149034,-0.414770165748405
"536518",0.121181401989455,0.1574762339092,0.13876412117312,0.0187121127360802,0.0362948319197454,0.0175827191836652
"270031",1.79890324042354,0.376727939189821,0.955221953918706,-0.578494014728885,-1.42217530123372,-0.84368128650483
"20260",0.164475954537111,0.138050060059997,0.150486605081494,-0.0124365450214971,-0.0264258944771144,-0.0139893494556173
"466073",0.621331360358803,0.256385649153332,0.399496256434889,-0.143110607281556,-0.36494571120547,-0.221835103923914
"135027",2.20646363598077,0.308563376404497,2.20646363598077,-1.89790025957627,-1.89790025957627,0
"29286",0.192860005689393,0.111432089570388,0.148229927695285,-0.0367978381248973,-0.0814279161190052,-0.0446300779941078
"7258",0.0735964169545668,0.106136252916261,0.0919383734974321,0.0141978794188293,0.0325398359616946,0.0183419565428653
"8678",0.68218189741009,0.269921415189525,0.442191031413474,-0.172269616223949,-0.412260482220566,-0.239990865996617
"58495",0.492601019718791,0.230543777341573,0.326408094163742,-0.0958643168221691,-0.262057242377218,-0.166192925555049
"360094",0.0536729449460696,0.0873368202661219,0.0712994623001517,0.0160373579659702,0.0336638753200524,0.0176265173540821
"531245",0.473947962416351,0.257697000902221,0.338168228955794,-0.0804712280535725,-0.21625096151413,-0.135779733460558
"417304",0.222249039404186,0.183058380395465,0.200564737638311,-0.0175063572428458,-0.0391906590087212,-0.0216843017658754
"24897",0.228256054301887,0.202782939712118,0.214633757441768,-0.0118508177296495,-0.0254731145897687,-0.0136222968601191
"472785",0.334397252713801,0.199533391700781,0.24585751772256,-0.0463241260217795,-0.134863861013021,-0.0885397349912411
"8107",0.297974714758346,0.29842890274006,0.298334825878592,9.40768614685061e-05,0.000454187981714649,0.000360111120246143
"558355",0.104106335913975,0.151831106479404,0.129338156791383,0.022492949688021,0.0477247705654294,0.0252318208774085
"202160",0.185817367623977,0.164527064146033,0.174653618536426,-0.010126554390393,-0.021290303477944,-0.0111637490875511
"520947",1.11553403738557,0.318034652444318,0.671371359362667,-0.353336706918349,-0.797499384941248,-0.444162678022898
"513685",1.25621420151829,0.323702355044126,0.666400080372672,-0.342697725328546,-0.932511846474165,-0.589814121145618
"14328",0.262074532439907,0.268036665585439,0.265783692240482,0.00225297334495717,0.00596213314553218,0.00370915980057501
"194996",0.225305607068332,0.196487474412749,0.210854037704736,-0.0143665632919865,-0.0288181326555825,-0.014451569363596
"254422",0.0382675500889666,0.102328123500653,0.0707450865372873,0.0315830369633653,0.0640605734116861,0.0324775364483207
"224357",0.265806788447295,0.195135176891485,0.227623536598566,-0.0324883597070813,-0.0706716115558099,-0.0381832518487287
"45685",3.60441055511362,1.27555169038596,1.9746411995781,-0.699089509192137,-2.32885886472766,-1.62976935553552
"150650",0.314317669463873,0.357239920549721,0.336534603243505,0.0207053173062157,0.042922251085848,0.0222169337796324
"538044",0.210324224635445,0.141369187801089,0.174550926834298,-0.0331817390332094,-0.0689550368343565,-0.0357732978011471
"528506",1.24868512051909,0.502839359208755,0.807503704354013,-0.304664345145259,-0.745845761310332,-0.441181416165073
"524605",0.0289026318255071,0.0328613459034353,0.0309428953115003,0.00191845059193503,0.00395871407792821,0.00204026348599318
"92104",0.309118846855587,0.197785166146817,0.251589253544494,-0.0538040873976777,-0.111333680708771,-0.0575295933110929
"299166",0.12035016955386,0.122790198501363,0.121744784390514,0.00104541411084914,0.00244002894750343,0.00139461483665429
"117123",0.032582540074147,0.0314772367820641,0.0319846807381018,-0.000507443956037731,-0.00110530329208294,-0.000597859336045212
"503803",0.0196983899065851,0.0185780822377206,0.0194801440855227,-0.000902061847802022,-0.00112030766886441,-0.000218245821062391
"208609",0.085724498832346,0.137170953127188,0.11322341038784,0.0239475427393487,0.0514464542948423,0.0274989115554937
"436182",0.182200155983687,0.0974077876437568,0.137081367928833,-0.0396735802850766,-0.0847923683399301,-0.0451187880548535
"482808",0.524121801506092,0.26965008218858,0.373487210686587,-0.103837128498007,-0.254471719317512,-0.150634590819505
"425492",0.59574765193291,0.354263801694669,0.460152088895529,-0.10588828720086,-0.241483850238241,-0.135595563037381
"205552",0.093113944953925,0.0815463253576827,0.0870210084862744,-0.00547468312859167,-0.0115676195962423,-0.00609293646765063
"271290",0.286338642131209,0.25168229756186,0.268104423478787,-0.0164221259169269,-0.0346563445693481,-0.0182342186524212
"216149",4.0065762960371,0.833788030175028,1.72125028574376,-0.887462255568733,-3.17278826586208,-2.28532601029334
"467295",0.156522168711904,0.124997112293844,0.139816564771035,-0.0148194524771917,-0.0315250564180601,-0.0167056039408683
"515020",0.0217804698575984,0.0405679595656766,0.0313730966748398,0.00919486289083681,0.0187874897080782,0.00959262681724139
"243331",0.816455294072684,0.321904157573947,0.530735403848656,-0.208831246274709,-0.494551136498738,-0.285719890224029
"558689",1.07818616228149,0.204272512359001,1.07818616228149,-0.873913649922485,-0.873913649922485,0
"546852",2.07699210656461,0.507288186543864,1.07926086284271,-0.57197267629885,-1.56970392002074,-0.997731243721893
"533101",0.0439867218370591,0.0576196107569124,0.0508265393140411,0.00679307144287138,0.0136328889198534,0.006839817476982
"18366",0.139511268672362,0.112387743078608,0.125195516637551,-0.0128077735589432,-0.0271235255937543,-0.0143157520348111
"570784",0.657055274582532,0.390715134115878,0.529458927200699,-0.138743793084821,-0.266340140466654,-0.127596347381833
"411249",0.276107232146191,0.180754450003556,0.225673107391844,-0.0449186573882887,-0.0953527821426352,-0.0504341247543465
"541922",0.0533285915940036,0.06561523593598,0.059377664470782,0.00623757146519801,0.0122866443419764,0.00604907287677841
"142497",0.248799154749254,0.190389032154292,0.219330608588508,-0.0289415764342159,-0.0584101225949612,-0.0294685461607454
"486937",0.784089718684005,0.405162331942764,0.577190142168193,-0.17202781022543,-0.378927386741242,-0.206899576515812
"469643",0.113298404717709,0.160038316775653,0.138007977399033,0.0220303393766198,0.0467399120579439,0.024709572681324
"568481",0.415448167011083,0.342975998702694,0.373620241756496,-0.0306442430538022,-0.0724721683083895,-0.0418279252545873
"496657",0.0153163620947492,0.0419238522463956,0.0289824965789312,0.0129413556674644,0.0266074901516463,0.0136661344841819
"68468",1.43232042273975,0.75947397453993,1.0129224169301,-0.253448442390167,-0.672846448199822,-0.419398005809655
"268123",0.0716157287188357,0.0570785434714575,0.0640894431537918,-0.00701089968233429,-0.0145371852473782,-0.00752628556504389
"139242",0.170030662139667,0.177880716173155,0.174173117001277,0.0037075991718781,0.00785005403348829,0.00414245486161019
"441660",0.455712640020582,0.102200308446779,0.256977083294068,-0.154776774847289,-0.353512331573803,-0.198735556726513
"383217",0.772544099512778,0.273821338095883,0.480515216599629,-0.206693878503746,-0.498722761416896,-0.29202888291315
"277178",0.0547565772696247,0.0964232503671483,0.0774815759515351,0.0189416744156132,0.0416666730975235,0.0227249986819104
"275320",0.480846951451856,0.220632850422493,0.351812862537158,-0.131180012114665,-0.260214101029362,-0.129034088914698
"178465",2.38909627115293,0.463795959525204,2.38909627115293,-1.92530031162772,-1.92530031162772,0
"467656",1.14959702361732,0.290176231559254,0.587993263098197,-0.297817031538943,-0.859420792058065,-0.561603760519122
"40868",0.0719871097008882,0.0992287458845656,0.0871897151065236,0.012039030778042,0.0272416361836775,0.0152026054056354
"40553",0.366662360832063,0.219975589325173,0.287791307488474,-0.0678157181633006,-0.146686771506889,-0.0788710533435888
"373150",1.09543138128359,0.444352888915416,0.695795580598308,-0.251442691682892,-0.65107849236817,-0.399635800685278
"571441",1.12928607387916,0.35274263029476,0.638748417365198,-0.286005787070438,-0.776543443584401,-0.490537656513963
"431593",0.018227280471759,0.0476288153825438,0.0339940007500963,0.0136348146324475,0.0294015349107848,0.0157667202783373
"538040",0.157575839266492,0.136487576550648,0.145321663951253,-0.00883408740060501,-0.0210882627158436,-0.0122541753152386
"292674",2.53958246892861,0.948792407453518,1.4969283468368,-0.548135939383281,-1.59079006147509,-1.04265412209181
"554449",0.147542806171643,0.130852798284203,0.139002149986546,-0.00814935170234279,-0.0166900078874398,-0.00854065618509697
"405644",0.0691077048745454,0.0500323943305283,0.0591265549392298,-0.00909416060870147,-0.0190753105440171,-0.00998114993531566
"521934",0.614254562914368,0.314777813289983,0.438101392205173,-0.123323578915191,-0.299476749624385,-0.176153170709194
"287550",9.03926470917256,0.833049221601202,9.03926470917256,-8.20621548757136,-8.20621548757136,0
"356849",0.151949572744836,0.0573089060468356,0.10177434362168,-0.044465437574844,-0.0946406666980002,-0.0501752291231562
"323349",0.05399653092798,0.0909291438091826,0.0736648346327553,0.0172643091764273,0.0369326128812026,0.0196683037047753
"401804",0.344493183334183,0.399093124796309,0.370295284330805,0.0287978404655043,0.0545999414621265,0.0258021009966222
"196787",0.158125219819054,0.165503019294285,0.162223876235248,0.00327914305903676,0.0073777994752309,0.00409865641619414
"348276",1.21031884985899,0.426246916805692,0.731091939797745,-0.304845022992053,-0.784071933053295,-0.479226910061242
"133334",0.983408887621317,0.506622090568857,0.69474742086632,-0.188125330297463,-0.47678679705246,-0.288661466754997
"351672",0.19636982346893,0.273423586313825,0.236550059366463,0.0368735269473614,0.0770537628448949,0.0401802358975335
"438328",0.303656694209306,0.213707793154812,0.253175997355004,-0.0394682042001921,-0.0899489010544945,-0.0504806968543023
"512704",0.126987029513303,0.201030504489984,0.165528420536409,0.0355020839535746,0.074043474976681,0.0385413910231064
"28607",0.102969785991642,0.160675029800069,0.133358698968303,0.0273163308317665,0.057705243808428,0.0303889129766615
"578536",0.270282862045547,0.198292085861063,0.234327196667023,-0.0360351108059597,-0.0719907761844836,-0.0359556653785239
"486483",0.382146691578383,0.222251866331407,0.301684352376455,-0.0794324860450484,-0.159894825246976,-0.0804623392019274
"230014",0.0336939972168262,0.0554365776343105,0.0447077015086498,0.0107288761256607,0.0217425804174843,0.0110137042918236
"35278",0.191145000367168,0.106035458148578,0.139468196672102,-0.0334327385235242,-0.0851095422185894,-0.0516768036950652
"505449",0.11175199991646,0.107576962361128,0.10949131475809,-0.00191435239696251,-0.00417503755533219,-0.00226068515836968
"112805",0.176587694074911,0.191757904138952,0.184275592642666,0.00748231149628517,0.0151702100640408,0.00768789856775567
"473951",0.64667068706029,0.190977901001328,0.415216419398066,-0.224238518396738,-0.455692786058962,-0.231454267662223
"160311",0.120646229408076,0.262035649210515,0.190904204033831,0.0711314451766843,0.141389419802439,0.0702579746257547
"157232",0.264187540741385,0.225615577870195,0.24421073484227,-0.0185951569720753,-0.0385719628711902,-0.0199768058991149
"124973",0.461975927259959,0.170323210982067,0.303734338471222,-0.133411127489155,-0.291652716277892,-0.158241588788737
"377925",0.106669296252422,0.099072957087657,0.102664203249639,-0.00359124616198155,-0.00759633916476508,-0.00400509300278354
"182644",0.170783735607745,0.177663081736423,0.174450143293972,0.0032129384424511,0.00687934612867838,0.00366640768622728
"502170",0.112112856018353,0.131469549966185,0.122513514979098,0.00895603498708687,0.0193566939478319,0.0104006589607451
"309744",0.0753997769408006,0.103247798815681,0.0892499468563655,0.0139978519593152,0.0278480218748801,0.0138501699155649
"435521",0.133667772796677,0.102872881591692,0.117605614356928,-0.0147327327652361,-0.030794891204985,-0.016062158439749
"463239",0.260860038751842,0.262863914563751,0.261981787064173,0.000882127499577112,0.00200387581190858,0.00112174831233147
"232843",0.666182841516691,0.213847491779558,0.39115477788388,-0.177307286104321,-0.452335349737132,-0.275028063632811
"416149",4.66864777547714,1.12321610233316,2.23491862793431,-1.11170252560115,-3.54543167314398,-2.43372914754283
"396054",0.0430144654698927,0.0881970946576484,0.0654207451978646,0.0227763494597838,0.0451826291877557,0.0224062797279719
"193950",0.0703166295844835,0.123459695156309,0.0968189357371187,0.0266407594191898,0.053143065571825,0.0265023061526352
"296974",0.131943744141629,0.141616297279609,0.137396774546036,0.0042195227335729,0.00967255313798046,0.00545303040440756
"96546",0.117726136666624,0.149327178233607,0.133915449875664,0.0154117283579431,0.0316010415669834,0.0161893132090403
"521127",0.062800757565596,0.0490407089447736,0.0552890751608531,-0.00624836621607942,-0.0137600486208223,-0.00751168240474292
"54263",0.228036138531813,0.163974982856338,0.194366194966584,-0.030391212110246,-0.0640611556754747,-0.0336699435652287
"116468",0.123413179735392,0.0807676843328057,0.0999991353209868,-0.0192314509881811,-0.0426454954025862,-0.0234140444144051
"170513",0.344389859988061,0.368039667594055,0.35837422107016,0.009665446523895,0.0236498076059941,0.0139843610820991
"211007",0.0887362984518548,0.0580703800120494,0.0725204422929417,-0.0144500622808924,-0.0306659184398054,-0.016215856158913
"282755",0.168388890952185,0.235576798513486,0.20447394220434,0.0311028563091464,0.0671879075613016,0.0360850512521552
"366056",0.446284726599677,0.22917846197309,0.309358429395182,-0.0801799674220923,-0.217106264626587,-0.136926297204495
"212283",0.0176501267139283,0.0706830907260769,0.046930223694712,0.0237528670313649,0.0530329640121486,0.0292800969807837
"89122",1.03444943993529,0.455298017571857,0.678748444148131,-0.223450426576274,-0.579151422363431,-0.355700995787157
"413079",0.0119655854678981,0.0490173181064458,0.0312305649361071,0.0177867531703387,0.0370517326385477,0.019264979468209
"23795",0.0301104895239793,0.0653741717164685,0.0491186771460454,0.016255494570423,0.0352636821924892,0.0190081876220661
"335448",1.01622670915253,0.491098074655482,0.696519216492324,-0.205421141836842,-0.525128634497044,-0.319707492660202
"124260",0.110303734173307,0.211667629143815,0.162684613735479,0.0489830154083365,0.101363894970508,0.0523808795621717
"7766",0.130434522504933,0.167074857848519,0.148762050652882,0.0183128071956368,0.0366403353435855,0.0183275281479486
"228869",10,1.12172702577316,10,-8.87827297422684,-8.87827297422684,0
"228541",0.331967339868262,0.173160779718748,0.243361796838621,-0.070201017119873,-0.158806560149515,-0.0886055430296416
"497230",0.162267382720264,0.189477756304962,0.175769645942307,0.0137081103626547,0.0272103735846979,0.0135022632220432
"106710",0.301044923789074,0.173146564591419,0.23513555778657,-0.0619889931951506,-0.127898359197654,-0.0659093660025039
"303991",1.11096982417251,0.874577273632165,0.972941665365995,-0.0983643917338303,-0.23639255054035,-0.13802815880652
"531277",0.0145676966558524,0.0460490606260048,0.0306691425195568,0.015379918106448,0.0314813639701524,0.0161014458637044
"247524",0.00974161561623505,0.0435137140145697,0.026797558260578,0.0167161557539917,0.0337720983983346,0.0170559426443429
"117824",0.0907503705352563,0.0678210864076221,0.0784094903225805,-0.0105884039149584,-0.0229292841276342,-0.0123408802126758
"383529",0.0285063536490992,0.0573037926270131,0.0424590489759765,0.0148447436510366,0.028797438977914,0.0139526953268773
"321783",0.4887681019417,0.268212782527631,0.377318523514406,-0.109105740986775,-0.220555319414069,-0.111449578427294
"113471",0.762601529495031,0.282182614144285,0.483837136705656,-0.201654522561371,-0.480418915350746,-0.278764392789375
"226986",0.338906858130516,0.265449962828966,0.293262491318074,-0.0278125284891076,-0.0734568953015498,-0.0456443668124422
"312631",0.0534271952543291,0.0855381512441838,0.0705632341892851,0.0149749170548988,0.0321109559898548,0.017136038934956
"279433",0.380591510283155,0.31394962319893,0.341938426393306,-0.0279888031943759,-0.0666418870842244,-0.0386530838898484
"346441",0.0194295395679716,0.0547286847001809,0.0373383133556154,0.0173903713445655,0.0352991451322092,0.0179087737876437
"384134",4.48869979381372,1.18209218758509,2.22037485807062,-1.03828267048553,-3.30660760622864,-2.26832493574311
"94921",0.0378140556761228,0.118579838032736,0.0833346049967101,0.0352452330360263,0.0807657823566136,0.0455205493205873
"252066",0.93898508277358,0.353740584578998,0.565036273467729,-0.211295688888731,-0.585244498194582,-0.373948809305851
"25411",0.393174013917546,0.273982122806427,0.333988326825869,-0.060006204019442,-0.119191891111118,-0.0591856870916762
"264747",0.0655880205963598,0.106014785860261,0.0867043974185913,0.0193103884416694,0.0404267652639008,0.0211163768222315
"300575",0.199882490720688,0.100206290486949,0.14766256220917,-0.0474562717222204,-0.0996762002337392,-0.0522199285115188
"171236",0.620949133705739,0.15190961391443,0.317126054843376,-0.165216440928945,-0.469039519791308,-0.303823078862363
"300899",0.060253866043722,0.0789230323055991,0.0702658113316393,0.00865722097395979,0.0186691662618771,0.0100119452879173
"349626",2.28222933802987,0.473155673104435,1.12825204991232,-0.655096376807881,-1.80907366492544,-1.15397728811756
"261466",0.183595320511476,0.17509489750252,0.178853527824362,-0.00375863032184259,-0.00850042300895634,-0.00474179268711375
"364600",0.709444812909188,0.273408812555829,0.454895983897108,-0.18148717134128,-0.436036000353359,-0.254548829012079
"60513",0.147543375200793,0.156725215235023,0.152174075283009,0.00455113995201389,0.00918184003422975,0.00463070008221586
"44832",0.215056978023383,0.185304257720108,0.198954002230462,-0.0136497445103541,-0.0297527203032751,-0.016102975792921
"103098",0.0239844027877896,0.0561057269343769,0.0397773549094408,0.0163283720249361,0.0321213241465873,0.0157929521216512
"101445",0.0472131605762354,0.100029076834285,0.0764386861098205,0.0235903907244648,0.0528159162580499,0.0292255255335851
"246323",0.50043625213542,0.0657558579305809,0.50043625213542,-0.434680394204839,-0.434680394204839,0
"88750",0.218355294824433,0.155780935042495,0.183432521508006,-0.0276515864655111,-0.0625743597819388,-0.0349227733164277
"152954",0.00455479618900056,0.0425017113563036,0.0247668383767549,0.0177348729795488,0.0379469151673031,0.0202120421877543
"317373",1.11656795181676,0.325556632430207,0.605608367514424,-0.280051735084217,-0.791011319386556,-0.510959584302338
"282672",0.199376600300288,0.153707794059468,0.173504822109008,-0.0197970280495406,-0.0456688062408208,-0.0258717781912801
"463864",1.05858762058476,0.325241258052714,0.648440790894541,-0.323199532841827,-0.733346362532048,-0.410146829690221
"486669",0.0659887626460332,0.0291751302488806,0.0461195284767429,-0.0169443982278623,-0.0368136323971526,-0.0198692341692904
"26713",0.408463426500898,0.203803900250372,0.27757200327032,-0.0737681030199481,-0.204659526250526,-0.130891423230578
"552445",0.0825422164313465,0.0699904704874112,0.0758981218615375,-0.00590765137412634,-0.0125517459439353,-0.00664409456980895
"516820",0.0119730874825819,0.040448577405606,0.0277775695544362,0.0126710078511697,0.028475489923024,0.0158044820718543
"265079",1.38378756526964,0.194196152589922,1.38378756526964,-1.18959141267971,-1.18959141267971,0
"497502",0.322674293838081,0.178611434228274,0.245651751810748,-0.0670403175824742,-0.144062859609807,-0.0770225420273332
"447079",0.220543975697051,0.166454549115959,0.188524324712655,-0.0220697755966951,-0.0540894265810912,-0.0320196509843961
"57021",0.664488345319246,0.336251004133488,0.477520093537404,-0.141269089403916,-0.328237341185759,-0.186968251781843
"399445",0.563612112426108,0.262433756702696,0.383351139778918,-0.120917383076222,-0.301178355723411,-0.18026097264719
"548361",0.943346630405648,0.423008711895958,0.661403707334478,-0.23839499543852,-0.520337918509691,-0.28194292307117
"262424",0.137464815284224,0.0976579659564738,0.116473575581361,-0.0188156096248869,-0.0398068493277503,-0.0209912397028634
"422866",0.267602841360392,0.294130884711285,0.281060521181941,0.0130703635293448,0.0265280433508936,0.0134576798215488
"291454",0.170609219681592,0.228882508393789,0.200663377184377,0.0282191312094118,0.0582732887121968,0.030054157502785
"146442",0.219501519840062,0.0289983573352694,0.219501519840062,-0.190503162504793,-0.190503162504793,0
"185399",1.76368944469155,0.487139314859302,0.918422291306032,-0.43128297644673,-1.27655012983225,-0.84526715338552
"273003",0.061992855576179,0.0830538495145309,0.0736258095667886,0.00942803994774226,0.0210609939383519,0.0116329539906096
"56022",0.468089809944368,0.300801773378715,0.368730978550765,-0.0679292051720502,-0.167288036565653,-0.0993588313936032
"509856",0.0405979645774969,0.114572206004932,0.079466337211063,0.0351058687938687,0.0739742414274348,0.0388683726335661
"320451",0.0156068185293834,0.031855178167791,0.0241972399704758,0.00765793819731516,0.0162483596384075,0.00859042144109236
"178069",5.41778599325004,0.57477394478478,5.41778599325004,-4.84301204846526,-4.84301204846526,0
"567183",0.302354177469938,0.256463591893682,0.278554969169686,-0.0220913772760049,-0.0458905855762568,-0.023799208300252
"533619",0.0531366435829557,0.0711593808830816,0.0624480196028452,0.00871136128023643,0.0180227373001259,0.0093113760198895
"531655",0.26184516588762,0.124386413200511,0.185670983443246,-0.0612845702427351,-0.137458752687109,-0.0761741824443743
"340051",0.0528204667683811,0.163795282318279,0.111628661485278,0.0521666208330012,0.110974815549898,0.0588081947168967
"462975",0.573644351574237,0.235006207277155,0.36538891656602,-0.130382709288865,-0.338638144297083,-0.208255435008218
"514284",0.0969515887189286,0.17145593144485,0.136357874505683,0.0350980569391678,0.0745043427259218,0.039406285786754
"42632",0.0947488172509173,0.104664733632727,0.0999404083781738,0.00472432525455363,0.00991591638181014,0.00519159112725651
"557818",0.0324732162271745,0.0189390354189773,0.0256804517963245,-0.00674141637734729,-0.0135341808081972,-0.00679276443084995
"559234",0.0129356746924264,0.0418557408514794,0.0281745790535936,0.0136811617978858,0.0289200661590531,0.0152389043611673
"198289",0.680046164053289,0.341717009764514,0.48881921060876,-0.147102200844247,-0.338329154288775,-0.191226953444529
"487946",2.77919407245216,0.783159644803743,1.45477920419089,-0.67161955938715,-1.99603442764842,-1.32441486826127
"475430",0.203305956833487,0.157315703028987,0.177831293432113,-0.0205155904031262,-0.0459902538044994,-0.0254746634013732
"180344",0.575530705973391,0.163787532048374,0.360674091721429,-0.196886559673055,-0.411743173925017,-0.214856614251962
"180099",0.67413222702695,0.330320238681941,0.478845281227974,-0.148525042546033,-0.343811988345009,-0.195286945798976
"23624",0.274322678425147,0.261615956409116,0.267463457208715,-0.00584750079959911,-0.0127067220160311,-0.00685922121643195
"147935",0.325088224950545,0.250919109283706,0.279764495456564,-0.0288453861728579,-0.0741691156668385,-0.0453237294939806
"442176",0.0700610579702459,0.122876930914172,0.0964881245224297,0.0263888063917426,0.0528158729439265,0.0264270665521838
"88630",0.211383365712225,0.148083047775629,0.179220390981953,-0.0311373432063238,-0.063300317936596,-0.0321629747302723
"135455",1.08771524108386,0.699673567746424,0.868087291303618,-0.168413723557194,-0.388041673337438,-0.219627949780244
"98018",0.0636085707236713,0.0766414868188716,0.0702502014419149,0.00639128537695673,0.0130329160952003,0.00664163071824361
"252957",0.097990396399009,0.108368645235414,0.103451903786887,0.00491674144852711,0.0103782488364054,0.00546150738787826
"481625",0.0407599265366702,0.0528616217366791,0.0471724864274012,0.0056891353092779,0.0121016952000089,0.00641255989073102
"197095",0.599309388641911,0.382227639971369,0.474850355618436,-0.0926227156470668,-0.217081748670542,-0.124459033023475
"208942",0.104385698218247,0.14515415062218,0.125753764003372,0.0194003866188077,0.0407684524039325,0.0213680657851248
"409979",0.534473460217341,0.0670040106334394,0.534473460217341,-0.467469449583902,-0.467469449583902,0
"186295",0.461759054056249,0.0588512871895472,0.461759054056249,-0.402907766866702,-0.402907766866702,0
"565099",0.936867920699594,0.366738174878029,0.621258034110081,-0.254519859232052,-0.570129745821565,-0.315609886589513
"356825",0.0137190077719051,0.0580456658194154,0.0380761791233991,0.0199694866960163,0.0443266580475103,0.024357171351494
"8292",0.11159226768684,0.130158688721615,0.121859939283387,0.00829874943822802,0.0185664210347752,0.0102676715965472
"360560",0.0743441926025277,0.105248481538533,0.0895921608463647,0.0156563206921687,0.0309042889360057,0.0152479682438369
"149839",0.21285201345259,0.107607472600484,0.156483637493806,-0.0488761648933222,-0.105244540852106,-0.0563683759587839
"484750",0.158875021767954,0.0892307977266891,0.121992602293727,-0.0327618045670384,-0.0696442240412651,-0.0368824194742267
"117311",0.955499162151086,0.262875236378974,0.489402406302504,-0.22652716992353,-0.692623925772113,-0.466096755848582
"497391",0.158489259095655,0.161261378502014,0.159857050288537,0.00140432821347786,0.00277211940635938,0.00136779119288152
"174506",0.0157815801228744,0.0423856143539355,0.0308407182955235,0.0115448960584119,0.0266040342310611,0.0150591381726491
"6543",0.215725475574804,0.0466698451043574,0.122087495803864,-0.0754176506995068,-0.169055630470447,-0.0936379797709403
"342278",0.99693133777476,0.4869063837822,0.68785953568967,-0.20095315190747,-0.51002495399256,-0.30907180208509
"338562",0.0363429841720673,0.113448361164443,0.0754912155665397,0.0379571455979036,0.077105376992376,0.0391482313944724
"1501",0.107946800623986,0.175903453539654,0.146768243139622,0.0291352104000328,0.0679566529156688,0.038821442515636
"216605",0.175624185686008,0.134075221579298,0.154090378760908,-0.0200151571816096,-0.0415489641067103,-0.0215338069251007
"15671",0.422518893143114,0.142957776724003,0.233130303199019,-0.0901725264750163,-0.279561116419111,-0.189388589944094
"455942",0.312074586897569,0.235496354092963,0.262801640277735,-0.027305286184772,-0.0765782328046058,-0.0492729466198338
"140530",1.54262610765163,0.559584788553289,0.907744712444409,-0.34815992389112,-0.983041319098342,-0.634881395207222
"125314",0.261988622832509,0.283419989545299,0.272864150762404,0.0105558387828945,0.0214313667127901,0.0108755279298956
"252640",1.80485015058019,0.484123688198524,0.930966410081514,-0.44684272188299,-1.32072646238167,-0.873883740498679
"562803",0.714387948508789,0.573065091412234,0.640650702224871,-0.0675856108126375,-0.141322857096555,-0.0737372462839174
"73159",0.572402583119052,0.344731382199679,0.442480311890069,-0.0977489296903907,-0.227671200919373,-0.129922271228982
"56719",0.301661940186133,0.23237234265709,0.26529671517781,-0.0329243725207192,-0.0692895975290423,-0.0363652250083231
"38383",1.16046288425565,0.256281886099828,0.549101861319363,-0.292819975219535,-0.904180998155818,-0.611361022936283
"43565",0.0387480087087093,0.101381522239512,0.0703589074677066,0.0310226147718052,0.0626335135308025,0.0316108987589973
"120847",0.110788826963477,0.17859246614562,0.146922874308164,0.0316695918374565,0.0678036391821438,0.0361340473446873
"162951",0.151250136926393,0.144883945138751,0.147803462810179,-0.00291951767142762,-0.00636619178764178,-0.00344667411621416
"371153",1.50808474988193,0.94408301073139,1.16993092067266,-0.225847909941275,-0.56400173915054,-0.338153829209265
"115663",0.107109134323318,0.190297114434776,0.150255210182793,0.0400419042519831,0.0831879801114582,0.0431460758594751
"56409",0.0869036124162738,0.156304955133196,0.122967219043325,0.033337736089871,0.0694013427169225,0.0360636066270515
"261815",0.155777605650474,0.179079352380155,0.167995908257235,0.0110834441229205,0.0233017467296818,0.0122183026067613
"301854",0.242673050874941,0.0505865823957859,0.137488024345509,-0.086901441949723,-0.192086468479155,-0.105185026529432
"531723",2.51858966778484,0.410229349476079,2.51858966778484,-2.10836031830876,-2.10836031830876,0
"415264",0.0878233513444378,0.0666106684873446,0.0765498264851776,-0.00993915799783303,-0.0212126828570933,-0.0112735248592602
"467100",0.632114876442106,0.21763903667623,0.374943643840918,-0.157304607164688,-0.414475839765876,-0.257171232601188
"309120",0.265364709659943,0.213002039725217,0.236763169842274,-0.0237611301170568,-0.0523626699347253,-0.0286015398176685
"520853",0.0762782218453757,0.0961096292334049,0.0871850371506065,0.00892459208279835,0.0198314073880292,0.0109068153052308
"326720",0.250629035587047,0.224854225553473,0.237548931635803,-0.0126947060823307,-0.0257748100335742,-0.0130801039512435
"521125",0.402975885189929,0.138300839358246,0.259242599675425,-0.120941760317178,-0.264675045831683,-0.143733285514505
"512873",0.580014602093678,0.187070597369302,0.332945155130929,-0.145874557761627,-0.392944004724377,-0.247069446962749
"572360",0.071525667848309,0.248388326061132,0.158279891823206,0.0901084342379268,0.176862658212823,0.0867542239748965
"338785",0.122621114012538,0.152535281479213,0.138732750112976,0.0138025313662372,0.0299141674666756,0.0161116361004385
"152451",0.153182612515027,0.0855426095085847,0.116249206894448,-0.030706597385863,-0.0676400030064424,-0.0369334056205794
"39136",0.372787947668552,0.19335456752122,0.280789428294481,-0.0874348607732612,-0.179433380147333,-0.0919985193740713
"28929",0.571874553570639,0.183210699743558,0.324481979395118,-0.14127127965156,-0.388663853827081,-0.247392574175521
"459760",0.471607162684837,0.280982541601654,0.372187482114815,-0.0912049405131605,-0.190624621083182,-0.0994196805700219
"244379",0.074599950763763,0.0539405366838983,0.0634291666610631,-0.00948862997716474,-0.0206594140798646,-0.0111707841026999
"482789",0.0775704722437513,0.107584688057568,0.0936540164086613,0.0139306716489066,0.0300142158138166,0.01608354416491
"205348",0.0491384697787224,0.0315650600746636,0.0402751900426626,-0.008710129967999,-0.0175734097040588,-0.00886327973605985
"83617",1.63908555159351,0.588975342999597,0.95629049585816,-0.367315152858564,-1.05011020859391,-0.68279505573535
"484805",0.206623253798301,0.0851219903131771,0.140198925891861,-0.0550769355786839,-0.121501263485124,-0.0664243279064396
"75091",6.80161838506133,1.03853915578124,6.80161838506133,-5.76307922928008,-5.76307922928008,0
"173043",0.178066924935072,0.176504056994062,0.177193304976217,-0.000689247982155278,-0.0015628679410101,-0.000873619958854821
"370488",0.0923842929603995,0.20857920631456,0.155679418798181,0.0528997875163788,0.11619491335416,0.0632951258377817
"154800",0.0490714843424352,0.11135105642546,0.0803814250908565,0.0309696313346036,0.0622795720830249,0.0313099407484213
"45436",0.612316335615749,0.507011793756311,0.558066417609866,-0.0510546238535545,-0.105304541859437,-0.054249918005883
"516888",0.0847152127236757,0.147614829816178,0.116374217717031,0.0312406120991464,0.0628996170925021,0.0316590049933556
"314592",0.392311673780529,0.214311545487235,0.277545038889722,-0.0632334934024869,-0.178000128293293,-0.114766634890807
"306109",0.195818964870524,0.182450755114445,0.18891406902697,-0.00646331391252464,-0.0133682097560791,-0.00690489584355447
"165710",0.107443789862363,0.0933574087609093,0.0997668120171116,-0.00640940325620222,-0.0140863811014536,-0.00767697784525141
"6394",0.354665971574132,0.28345354853924,0.311435262927831,-0.0279817143885914,-0.0712124230348925,-0.0432307086463011
"15664",0.351706841760955,0.220725633320179,0.285146398894928,-0.0644207655747484,-0.130981208440776,-0.0665604428660276
"101389",0.219680086997501,0.268207786061852,0.243428283254255,0.024779502807597,0.0485276990643516,0.0237481962567546
"463650",0.169333552037178,0.203653987947343,0.192202426223469,0.0114515617238735,0.0343204359101648,0.0228688741862913
"562568",5.50698851018537,0.805540763156563,5.50698851018537,-4.7014477470288,-4.7014477470288,0
"272426",0.0853455460561868,0.0733064680362212,0.0788282250494857,-0.00552175701326457,-0.0120390780199656,-0.00651732100670106
"236026",0.0380627124863481,0.0462165157691355,0.042518093381692,0.00369842238744353,0.00815380328278744,0.00445538089534391
"196452",0.0213588390556444,0.0962958861015277,0.0627122619348451,0.0335836241666825,0.0749370470458833,0.0413534228792007
"505103",0.51670634859174,0.154268441331008,0.280648597065686,-0.126380155734678,-0.362437907260732,-0.236057751526053
"136640",0.112360588813033,0.183264489749064,0.1478485079645,0.0354159817845638,0.0709039009360306,0.0354879191514669
"398036",0.119669367494548,0.110602286320063,0.11473954311279,-0.00413725679272736,-0.00906708117448479,-0.00492982438175743
"31086",1.56178938344809,0.484371617120743,0.844402831241947,-0.360031214121205,-1.07741776632735,-0.717386552206143
"53982",3.16808867364527,0.709145437618044,1.53853876445294,-0.829393326834894,-2.45894323602723,-1.62954990919233
"191902",1.5846841404724,0.347265605004666,0.833833278658948,-0.486567673654282,-1.23741853546774,-0.750850861813455
"186400",0.0480077186898015,0.0877200627605733,0.0683261782247914,0.0193938845357819,0.0397123440707718,0.0203184595349899
"287344",0.0730394543322932,0.125090195996666,0.101007666994685,0.0240825290019812,0.0520507416643731,0.0279682126623918
"552229",1.85901993906991,0.599911611230162,1.0572846494871,-0.45737303825694,-1.25910832783975,-0.801735289582807
"424500",0.287603709893753,0.248908671477872,0.266919380672192,-0.0180107091943201,-0.0386950384158807,-0.0206843292215605
"139912",0.077424670712916,0.0782107880627427,0.0778481602869653,0.000362627775777433,0.000786117349826657,0.000423489574049224
"552825",0.0670641233713378,0.0959226949557889,0.08300573132394,0.0129169636318488,0.028858571584451,0.0159416079526022
"351850",0.541967087426556,0.273828547151407,0.379035476309229,-0.105206929157822,-0.268138540275149,-0.162931611117327
"176799",1.96146772241632,0.489602941187727,1.01149598783502,-0.521893046647289,-1.47186478122859,-0.949971734581303
"15292",0.133540428226968,0.17952636136048,0.157708110454932,0.0218182509055478,0.0459859331335122,0.0241676822279644
"135798",0.446296376691021,0.192189059671819,0.312613231696827,-0.120424172025009,-0.254107317019202,-0.133683144994194
"485318",0.0880133572417106,0.155794483056701,0.122140076918699,0.0336544061380017,0.0677811258149903,0.0341267196769886
"8944",0.114835786143661,0.117177320221037,0.115947952336584,0.00122936788445339,0.00234153407737606,0.00111216619292266
"485043",0.572925555971953,0.302918880817287,0.41403260255408,-0.111113721736793,-0.270006675154666,-0.158892953417873
"64995",0.518713677035329,0.228547090464342,0.336982221800806,-0.108435131336464,-0.290166586570987,-0.181731455234523
"518066",0.0649300719998247,0.210996509168953,0.141011550225526,0.0699849589434279,0.146066437169129,0.0760814782257009
"74966",0.09508611159586,0.189680760746288,0.142061261854411,0.0476194988918767,0.0945946491504279,0.0469751502585512
"275155",0.189793176643269,0.243830001599269,0.218588345203545,0.0252416563957244,0.0540368249559996,0.0287951685602752
"187303",0.0913353028036757,0.0750109931635554,0.0823700547246453,-0.00735906156108986,-0.0163243096401202,-0.00896524807903036
"231702",0.0658058704427049,0.222711100034251,0.144803903631542,0.0779071964027093,0.156905229591546,0.0789980331888367
"232872",3.24030835289315,0.483348478380247,3.24030835289315,-2.75695987451291,-2.75695987451291,0
"306021",0.904369930064431,0.531981308075201,0.680317399947391,-0.148336091872191,-0.372388621989231,-0.22405253011704
"6956",0.10820285606789,0.0846177328407273,0.0960128005213054,-0.0113950676805781,-0.0235851232271627,-0.0121900555465846
"520231",0.198649313575359,0.172936571329849,0.184770298479428,-0.0118337271495789,-0.0257127422455097,-0.0138790150959308
"534774",1.10670918422347,0.461047186082262,0.714911305458869,-0.253864119376607,-0.645661998141208,-0.3917978787646
"65851",0.0308699207268851,0.100086327445014,0.066102754928952,0.0339835725160623,0.0692164067181292,0.0352328342020669
"215708",0.504120717272874,0.27435918405366,0.368158157337756,-0.0937989732840956,-0.229761533219213,-0.135962559935118
"348422",0.495438659426854,0.22395662133982,0.329001429063448,-0.105044807723627,-0.271482038087034,-0.166437230363406
"19072",0.298871530819523,0.299872353032919,0.299302540562813,0.000569812470106623,0.00100082221339609,0.000431009743289468
"505572",0.61250731602021,0.447265641967681,0.521333180967122,-0.0740675389994402,-0.165241674052528,-0.0911741350530882
"380367",0.895228943234045,0.259958952305442,0.461394396366233,-0.201435444060791,-0.635269990928603,-0.433834546867812
"355811",0.151375434128217,0.157880538259751,0.15504995679851,0.00283058146124132,0.00650510413153427,0.00367452267029295
"259265",0.190962010789066,0.230187690038011,0.211910670922662,0.0182770191153486,0.0392256792489455,0.020948660133597
"120006",0.0378380213579074,0.073022611941975,0.0559038613621875,0.0171187505797875,0.0351845905840676,0.0180658400042801
"20372",0.0546470943205813,0.074841060364624,0.0653642299035977,0.00947683046102636,0.0201939660440427,0.0107171355830164
"457126",0.303437783340048,0.248488935279588,0.269027532303805,-0.0205385970242175,-0.05494884806046,-0.0344102510362426
"91445",0.276625302504875,0.194730770328284,0.233254452753276,-0.0385236824249922,-0.0818945321765919,-0.0433708497515997
"288873",0.0649595379347393,0.0509693373246449,0.0572154667688878,-0.00624612944424287,-0.0139902006100944,-0.00774407116585149
"105933",0.241147379890881,0.233332449610571,0.236096954087703,-0.00276450447713145,-0.00781493028030944,-0.00505042580317799
"78329",0.992443132439589,0.210522594680937,0.533459355551437,-0.3229367608705,-0.781920537758652,-0.458983776888152
"552121",0.199490870441206,0.174147987334829,0.186474348857361,-0.0123263615225318,-0.0253428831063763,-0.0130165215838444
"338689",0.113939322218616,0.0649699161711298,0.088744809682994,-0.0237748935118642,-0.0489694060474859,-0.0251945125356217
"111317",1.47764784706849,0.489949937459578,0.812312074409828,-0.32236213695025,-0.98769790960891,-0.665335772658661
"155648",10,2.08482943496329,4.20050963375099,-2.1156801987877,-7.91517056503671,-5.79949036624901
"453246",0.170503217467539,0.125985237124316,0.147784609246926,-0.0217993721226102,-0.0445179803432235,-0.0227186082206134
"316015",0.522141545214694,0.109899595891235,0.238616971137912,-0.128717375246677,-0.412241949323459,-0.283524574076781
"93481",1.03434815472012,0.392206836613888,0.691099135716799,-0.298892299102911,-0.642141318106229,-0.343249019003318
"149653",0.0845255263526759,0.17893149503837,0.130984918716956,0.0479465763214142,0.0944059686856942,0.04645939236428
"17889",1.18879854151584,0.405310810074582,0.704776097396758,-0.299465287322176,-0.783487731441255,-0.484022444119079
"292518",0.377960907769702,0.133200524198415,0.239404451055694,-0.106203926857278,-0.244760383571287,-0.138556456714008
"258471",0.0660621153927486,0.0723271341037909,0.0693263773216952,0.00300075678209569,0.00626501871104221,0.00326426192894652
"523640",0.975480315091776,0.585715740354387,0.746126311345521,-0.160410570991134,-0.389764574737389,-0.229354003746255
"325958",1.28228690350563,0.664694320936464,0.937925865684961,-0.273231544748496,-0.617592582569167,-0.344361037820671
"523639",0.413387046798101,0.211747532306384,0.287294643416399,-0.0755471111100147,-0.201639514491717,-0.126092403381702
"356236",0.66399438254111,0.369786427779169,0.500393321073788,-0.130606893294618,-0.29420795476194,-0.163601061467322
"481715",0.538459058499999,0.228951540446229,0.347660899956807,-0.118709359510578,-0.30950751805377,-0.190798158543193
"266849",0.166933414972106,0.0374543618419102,0.0964665485305958,-0.0590121866886857,-0.129479053130196,-0.0704668664415101
"387301",1.67819405581641,0.800319260300109,1.14704908676079,-0.346729826460681,-0.877874795516304,-0.531144969055623
"135445",0.031544585841033,0.056812140259547,0.0452343397360879,0.0115778005234592,0.025267554418514,0.0136897538950549
"10363",1.14170142915719,0.654788639004689,0.866631350562215,-0.211842711557527,-0.486912790152502,-0.275070078594975
"287495",0.40008840264946,0.298261276431508,0.350579217391701,-0.052317940960193,-0.101827126217952,-0.0495091852577588
"389289",0.350666019309567,0.187117509110743,0.24360490877715,-0.0564873996664071,-0.163548510198823,-0.107061110532416
"296139",0.0397148729982289,0.0899138201985146,0.0664725698344203,0.0234412503640943,0.0501989472002857,0.0267576968361914
"407950",0.00611809214531508,0.0853311593936202,0.0493557493422782,0.035975410051342,0.0792130672483051,0.0432376571969631
"86129",0.159527461852692,0.172834861374819,0.16613572471104,0.00669913666377886,0.0133073995221273,0.00660826285834845
"474768",0.652659432199551,0.290637958564233,0.441651210122292,-0.15101325155806,-0.362021473635319,-0.211008222077259
"153391",0.171650431540888,0.228351679580931,0.201505662363317,0.0268460172176146,0.0567012480400435,0.0298552308224289
"553913",0.201808168061469,0.167582704173691,0.18271588918339,-0.0151331850096987,-0.034225463887778,-0.0190922788780793
"117654",0.285893538613193,0.251707485128395,0.269246829212496,-0.0175393440841009,-0.0341860534847989,-0.016646709400698
"572140",0.382794813219513,0.216600835598043,0.279353704702387,-0.0627528691043446,-0.16619397762147,-0.103441108517126
"8278",0.689362403281085,0.146615214813839,0.400300269644965,-0.253685054831126,-0.542747188467246,-0.28906213363612
"522063",4.09032980310228,0.372268280565878,4.09032980310228,-3.7180615225364,-3.7180615225364,0
"140962",0.592435758940125,0.3689912703373,0.463181663463022,-0.0941903931257227,-0.223444488602826,-0.129254095477103
"429249",0.0301426653237524,0.0955495843645525,0.0629882594092982,0.0325613249552543,0.0654069190408001,0.0328455940855458
"243188",0.0736728598122849,0.0676859242170394,0.0705156445321202,-0.00282972031508079,-0.00598693559524553,-0.00315721528016474
"50630",0.229865440227341,0.206058867560801,0.218186343901091,-0.0121274763402898,-0.0238065726665397,-0.0116790963262498
"468042",0.0935190306853565,0.101696748214838,0.0983036996339551,0.00339304858088312,0.00817771752948172,0.00478466894859861
"252956",0.0749136454676583,0.135971449641802,0.106338589012767,0.0296328606290348,0.0610578041741437,0.0314249435451088
"267368",4.43675879629033,0.390617775678847,4.43675879629033,-4.04614102061148,-4.04614102061148,0
"115503",0.0374418025511146,0.0843120944987582,0.0616325803875551,0.0226795141112031,0.0468702919476436,0.0241907778364404
"93609",1.59113480703775,0.53134523236224,0.997455920976558,-0.466110688614317,-1.05978957467551,-0.593678886061195
"349930",0.284808388171658,0.209658032192549,0.246795022094567,-0.0371369899020178,-0.0751503559791087,-0.0380133660770909
"383713",2.90974342374076,0.274932484496909,2.90974342374076,-2.63481093924386,-2.63481093924386,0
"147243",0.932567539959086,0.419586701019538,0.613723229606107,-0.194136528586569,-0.512980838939548,-0.318844310352979
"579115",0.0660568869305957,0.0970714402582656,0.0817277461389508,0.0153436941193149,0.0310145533276699,0.015670859208355
"434259",5.17221141133363,1.27977552363024,2.56377894825111,-1.28400342462087,-3.89243588770339,-2.60843246308252
"89586",0.42289947196104,0.288048908498018,0.342886074132307,-0.0548371656342894,-0.134850563463022,-0.0800133978287326
"43600",0.0786501277149775,0.0885089055775644,0.0841485461011333,0.00436035947643107,0.00985877786258682,0.00549841838615575
"481936",0.91584573519586,0.630474037231212,0.74962590875099,-0.119151871519778,-0.285371697964648,-0.16621982644487
"368626",0.331086910566285,0.205769791878264,0.264270658091666,-0.058500866213402,-0.125317118688021,-0.066816252474619
"269222",2.52326813109079,1.07702993300478,1.60732398802209,-0.530294055017311,-1.44623819808601,-0.915944143068699
"378914",0.696001315849105,0.48023234121718,0.58244199477901,-0.102209653561831,-0.215768974631925,-0.113559321070095
"518598",0.110753157670057,0.0980880851562879,0.104113602266682,-0.0060255171103941,-0.0126650725137688,-0.00663955540337469
"188125",1.25907285460141,0.356995948977494,0.696783955074627,-0.339788006097133,-0.902076905623916,-0.562288899526783
"436678",0.319658992839557,0.223346382021397,0.269017869567931,-0.0456714875465336,-0.0963126108181593,-0.0506411232716257
"439727",0.0466111351339299,0.115204008916253,0.0799169965811202,0.0352870123351327,0.0685928737823229,0.0333058614471902
"163000",0.0581086180893902,0.145242302507926,0.101606654918306,0.0436356475896193,0.0871336844185354,0.0434980368289161
"335404",0.604155246163008,0.503995071309297,0.544466904484189,-0.040471833174892,-0.100160174853711,-0.0596883416788191
"112943",0.135104759237075,0.142624004906607,0.139157411186629,0.00346659371997765,0.0075192456695323,0.00405265194955465
"28816",0.0649567088531477,0.103484638160097,0.0850091855708533,0.0184754525892434,0.038527929306949,0.0200524767177056
"421174",0.15280305145333,0.140938158983952,0.14634883653761,-0.00541067755365848,-0.0118648924693783,-0.00645421491571979
"493137",0.462338243965164,0.254121359335154,0.336075718677062,-0.0819543593419081,-0.20821688463001,-0.126262525288102
"74504",0.235101278622503,0.329721038232253,0.281377360641697,0.0483436775905555,0.09461975960975,0.0462760820191945
"16871",0.00690534493219595,0.0218404035279774,0.0135636799731461,0.00827672355483125,0.0149350585957814,0.00665833504095018
"338941",0.524711409280021,0.385742801805203,0.4454585342836,-0.0597157324783964,-0.138968607474818,-0.0792528749964213
"364783",0.0305317643156966,0.136519376334286,0.0857609347616701,0.0507584415726159,0.105987612018589,0.0552291704459735
"12345",1e-08,0.108661644210892,0.0612158001800992,0.0474458440307926,0.108661634210892,0.0612157901800992
"336070",1.94615033902673,0.34120438894398,1.94615033902673,-1.60494595008275,-1.60494595008275,0
"180179",0.523455743156807,0.338557890594252,0.417659447037565,-0.0791015564433134,-0.184897852562555,-0.105796296119242
"188229",0.0173893451687646,0.0469784157338262,0.0330920736614732,0.013886342072353,0.0295890705650615,0.0157027284927085
"434606",0.282295553112834,0.179970192488675,0.227184972219533,-0.0472147797308578,-0.102325360624159,-0.0551105808933013
"249755",0.223833538451914,0.462277076907114,0.329703671478624,0.132573405428489,0.2384435384552,0.10587013302671
"270461",0.057387423457663,0.206731378920185,0.132243404139987,0.0744879747801989,0.149343955462522,0.0748559806823235
"128333",0.010909177883282,0.034270818695759,0.0225153724516951,0.011755446244064,0.023361640812477,0.011606194568413
"334857",4.63831648344164,1.01206449730687,2.11247989291771,-1.10041539561084,-3.62625198613477,-2.52583659052393
"52666",3.11761499304816,0.468455952265051,3.11761499304816,-2.64915904078311,-2.64915904078311,0
"46060",0.0382427972453264,0.0956681398931393,0.0710455016350379,0.0246226382581014,0.0574253426478129,0.0328027043897115
"470179",0.0688238660811236,0.109486692220051,0.0901866985154262,0.0192999937046244,0.0406628261389269,0.0213628324343026
"183395",0.156276734362541,0.159725163048826,0.157925152135836,0.0018000109129899,0.00344842868628467,0.00164841777329477
"45804",0.344256495959591,0.279073113603431,0.311801760142805,-0.0327286465393747,-0.0651833823561603,-0.0324547358167856
"557928",0.167430026254227,0.148580928757064,0.157489817530547,-0.00890888877348286,-0.0188490974971628,-0.0099402087236799
"103136",0.0336136294397982,0.105484199400154,0.0736337098245147,0.0318504895756398,0.0718705699603563,0.0400200803847165
"63648",0.0263466557392434,0.0519452860731791,0.0399245518995318,0.0120207341736472,0.0255986303339356,0.0135778961602884
"419951",0.168804236799845,0.259149837797704,0.215624191232084,0.0435256465656197,0.0903456009978588,0.0468199544322392
"518185",0.45933452892504,0.28094495648622,0.352223485234864,-0.071278528748644,-0.17838957243882,-0.107111043690176
"393339",0.151574922404728,0.200989226978584,0.177124548269802,0.0238646787087815,0.0494143045738563,0.0255496258650748
"318655",0.208456251226147,0.194254970744045,0.200799587544125,-0.00654461680007951,-0.0142012804821016,-0.00765666368202209
"341751",0.00362707709432414,0.0740426814203957,0.041361066355045,0.0326816150653507,0.0704156043260715,0.0377339892607209
"130249",0.232242322923499,0.231762487675554,0.232031763673638,-0.000269275998084129,-0.000479835247945704,-0.000210559249861575
"366521",0.100514082148137,0.121154653401418,0.11161604800953,0.0095386053918885,0.020640571253281,0.0111019658613925
"34778",0.0108486874961039,0.0609354165012535,0.0367235944105202,0.0242118220907334,0.0500867290051497,0.0258749069144163
"408636",1.0504488450493,0.41390120868433,0.652669617662123,-0.238768408977793,-0.63654763636497,-0.397779227387177
"536059",0.0986606416490797,0.175692559758643,0.138155369649178,0.0375371901094652,0.0770319181095638,0.0394947280000986
"286713",5.54131098157809,0.52846192864701,5.54131098157809,-5.01284905293108,-5.01284905293108,0
"193623",0.0960915919655303,0.159730331686043,0.131139530025537,0.0285908016605063,0.063638739720513,0.0350479380600067
"87252",0.0569205320954446,0.172912793938452,0.118161319996048,0.0547514739424044,0.115992261843007,0.061240787900603
"17074",0.0227783723613586,0.0700754405678028,0.0476516066542681,0.0224238339135347,0.0472970682064442,0.0248732342929095
"387385",0.493679192213106,0.295786814990694,0.372791020003942,-0.0770042050132489,-0.197892377222412,-0.120888172209163
"130764",0.517986107794881,0.338858752531176,0.43015884512238,-0.0913000925912034,-0.179127355263705,-0.0878272626725017
"545676",2.57570962628085,1.23606665682054,1.74411113081304,-0.508044473992498,-1.3396429694603,-0.831598495467806
"425180",0.0877422939396141,0.127551911295679,0.108940395649112,0.0186115156465675,0.0398096173560653,0.0211981017094978
"165745",0.414870037359323,0.318994759960841,0.356649546538755,-0.0376547865779139,-0.095875277398482,-0.0582204908205681
"119653",0.0673849436169644,0.184415282194532,0.125620804834726,0.0587944773598054,0.117030338577567,0.0582358612177618
"17162",0.859313007379312,0.214367518058596,0.471493764180737,-0.257126246122142,-0.644945489320717,-0.387819243198575
"522754",0.109806377821019,0.205059371554524,0.157711531104757,0.0473478404497665,0.095252993733505,0.0479051532837385
"120265",0.27817818283512,0.178063498437129,0.225719721052493,-0.0476562226153641,-0.100114684397991,-0.0524584617826268
"462674",2.05569703485385,0.333141734702604,2.05569703485385,-1.72255530015125,-1.72255530015125,0
"115303",1.99283895422033,0.636040419307629,1.15909891996211,-0.523058500654477,-1.3567985349127,-0.833740034258223
"514594",2.27482044747751,0.396298210983678,2.27482044747751,-1.87852223649383,-1.87852223649383,0
"434297",0.192286281775591,0.23080289255106,0.214001868550059,0.0168010240010016,0.0385166107754698,0.0217155867744682
"374081",0.470302286401399,0.252559810344841,0.361416376141096,-0.108856565796255,-0.217742476056558,-0.108885910260303
"11119",0.225323124250124,0.308390151338417,0.263659286133437,0.0447308652049798,0.0830670270882937,0.0383361618833139
"256262",0.105663446917976,0.0560239077940727,0.0788229997357868,-0.022799091941714,-0.0496395391239034,-0.0268404471821894
"529717",0.0686901828524544,0.0708905637088915,0.0699201924220475,0.00097037128684406,0.00220038085643713,0.00123000956959307
"471362",0.810190480887817,0.273265947098708,0.437156744675332,-0.163890797576624,-0.536924533789109,-0.373033736212485
"226744",0.116886900609081,0.104421700338672,0.110423960365722,-0.00600226002704976,-0.0124652002704089,-0.00646294024335917
"576386",0.0415387503348,0.0883501293560265,0.0667177749250204,0.0216323544310061,0.0468113790212266,0.0251790245902204
"221732",0.329005985443177,0.408457337094615,0.36683160383579,0.0416257332588254,0.0794513516514388,0.0378256183926134
"514048",0.207367524964846,0.138322168529794,0.172047771317093,-0.033725602787299,-0.0690453564350524,-0.0353197536477534
"174805",0.0757546678169487,0.147928557240821,0.111810721417289,0.036117835823532,0.0721738894238719,0.0360560536003399
"336702",0.0357435438395181,0.0235417029174155,0.0295732092164792,-0.0060315062990637,-0.0122018409221026,-0.00617033462303886
"301548",0.107236290034626,0.124776965125332,0.116204274786402,0.00857269033893081,0.0175406750907067,0.00896798475177588
"404745",2.21179538661316,0.453889922798312,1.07195512171504,-0.618065198916728,-1.75790546381485,-1.13984026489812
"162880",0.416959761767913,0.188023775482524,0.296917778506257,-0.108894003023733,-0.228935986285389,-0.120041983261656
"339849",0.248536412256812,0.180668340896935,0.214802323981718,-0.0341339830847832,-0.0678680713598774,-0.0337340882750942
"321609",0.0952198094261116,0.16485660012525,0.131776337861361,0.0330802622638891,0.0696367906991381,0.036556528435249
"334813",0.496595088064349,0.321487512489678,0.395017807686174,-0.0735302951964955,-0.175107575574671,-0.101577280378175
"456407",0.235921627700309,0.23004914705349,0.232961945958635,-0.00291279890514451,-0.00587248064681856,-0.00295968174167405
"176929",0.140067418333189,0.161623868104752,0.150932697443993,0.0106911706607591,0.0215564497715627,0.0108652791108036
"397070",0.451862810148303,0.320521086780648,0.377140536001947,-0.0566194492212997,-0.131341723367656,-0.0747222741463562
"338187",0.0527504677144963,0.0354991505465256,0.0431634303425174,-0.00766427979599174,-0.0172513171679707,-0.00958703737197898
"545762",0.0449930633541997,0.106405008808691,0.076188194934049,0.0302168138746423,0.0614119454544916,0.0311951315798493
"471826",0.703811687833769,0.364463862446346,0.51151071968941,-0.147046857243065,-0.339347825387423,-0.192300968144359
"379632",0.0648074650196873,0.122644339342238,0.0949855759194538,0.0276587634227843,0.0578368743225508,0.0301781108997665
"23796",0.296560738564914,0.302178801222899,0.299132597196411,0.00304620402648803,0.00561806265798509,0.00257185863149706
"118112",1.78576352321804,0.643083318959365,1.07055912642613,-0.427475807466768,-1.14268020425868,-0.715204396791909
"361908",1.39736736049743,1.17150070195615,1.26729340827611,-0.0957927063199611,-0.225866658541275,-0.130073952221314
"55022",0.323761418599314,0.201326340252026,0.26135821791648,-0.0600318776644537,-0.122435078347287,-0.0624032006828334
"359590",0.628721927689337,0.176707914504905,0.388118870169719,-0.211410955664814,-0.452014013184432,-0.240603057519618
"17945",0.05677855265882,0.112110619835325,0.0850967382149556,0.0270138816203696,0.0553320671765052,0.0283181855561356
"106718",0.0788552300657093,0.187508218723526,0.139939944563862,0.0475682741596638,0.108652988657817,0.061084714498153
"242810",0.355298300060122,0.417825469357637,0.389321530640336,0.0285039387173003,0.0625271692975152,0.0340232305802149
"124974",0.37227997248908,0.315148402516744,0.343353192477106,-0.0282047899603619,-0.0571315699723354,-0.0289267800119735
"558579",0.301683247146248,0.243798577861755,0.271934157112772,-0.0281355792510163,-0.0578846692844923,-0.029749090033476
"116371",0.0187317975084811,0.0763872634147601,0.0486532878314093,0.0277339755833508,0.057655465906279,0.0299214903229282
"248971",1.48391804643808,0.764115617861983,1.03892315441988,-0.274807536557892,-0.719802428576098,-0.444994892018206
"500449",0.409159466527106,0.086947557191864,0.233710610609733,-0.146763053417869,-0.322211909335242,-0.175448855917373
"369201",0.106185579376636,0.152787135200128,0.13025480580139,0.022532329398738,0.0466015558234924,0.0240692264247544
"196724",0.488744387483301,0.162368183186064,0.325270582077329,-0.162902398891265,-0.326376204297237,-0.163473805405972
"358312",0.300048347859584,0.350318176228619,0.324086391154805,0.0262317850738141,0.0502698283690348,0.0240380432952207
"123672",0.147842655523824,0.100304852146989,0.12243231927733,-0.0221274671303408,-0.0475378033768352,-0.0254103362464944
"387780",0.189067427574217,0.187165804260527,0.188013831981304,-0.000848027720776995,-0.00190162331369034,-0.00105359559291335
"45981",0.558146042087348,0.197851246452503,0.331049433280639,-0.133198186828137,-0.360294795634845,-0.227096608806708
"508484",0.276735965399675,0.358373468668798,0.316177858668449,0.0421956100003483,0.0816375032691227,0.0394418932687744
"308062",0.266167367410076,0.259515276586812,0.262550516340036,-0.00303523975322445,-0.00665209082326385,-0.0036168510700394
"108089",9.37559167525949,1.01681841012684,9.37559167525949,-8.35877326513265,-8.35877326513265,0
"320586",0.308014373598948,0.152549327069935,0.206028610375189,-0.0534792833052535,-0.155465046529013,-0.101985763223759
"12385",0.0952267479233975,0.0731755887388865,0.0836894685980441,-0.0105138798591576,-0.022051159184511,-0.0115372793253534
"407289",2.31700682036108,0.266464767471704,2.31700682036108,-2.05054205288937,-2.05054205288937,0
"278072",5.37669288163948,0.524647438810781,5.37669288163948,-4.8520454428287,-4.8520454428287,0
"151246",0.23043561825751,0.125781012334853,0.152670235139541,-0.0268892228046875,-0.104654605922656,-0.0777653831179689
"317230",0.7408755352775,0.328624778965413,0.505709663145843,-0.17708488418043,-0.412250756312087,-0.235165872131656
"121731",0.850719248172695,0.666208314450091,0.744689817929807,-0.0784815034797159,-0.184510933722604,-0.106029430242888
"137253",0.0418025606335902,0.0308443094279968,0.0363146017029358,-0.00547029227493899,-0.0109582512055934,-0.00548795893065439
"386199",0.35617680259658,0.294472980985895,0.317470217561647,-0.0229972365757517,-0.0617038216106849,-0.0387065850349332
"175867",0.0311341988629362,0.129078586079629,0.0818464831650367,0.0472321029145922,0.0979443872166927,0.0507122843021005
"137178",0.112419461885172,0.2942934724948,0.201756760703213,0.0925367117915869,0.181874010609628,0.089337298818041
"430133",0.293669743802669,0.114324333417637,0.193179249632635,-0.0788549162149979,-0.179345410385032,-0.100490494170034
"174787",0.039335685849519,0.0913433047459244,0.0671011550969108,0.0242421496490136,0.0520076188964054,0.0277654692473918
"194063",0.173044401693295,0.195157068656426,0.184598161417265,0.0105589072391616,0.0221126669631317,0.01155375972397
"97549",0.367160253224316,0.290871578846625,0.319691745857985,-0.0288201670113604,-0.076288674377691,-0.0474685073663306
"532358",1.32717275898579,0.30562727172977,0.681268364309848,-0.375641092580078,-1.02154548725602,-0.645904394675944
"253492",0.112738034318175,0.257678946260104,0.185016572457019,0.072662373803085,0.14494091194193,0.0722785381388447
"280457",0.531480988643047,0.298151482595055,0.418227957987764,-0.120076475392709,-0.233329506047992,-0.113253030655283
"115405",1.29215210582805,0.420957938012771,0.768301824415885,-0.347343886403114,-0.871194167815283,-0.523850281412169
"76080",1.61058275520852,0.548036954793724,0.913076429086131,-0.365039474292407,-1.06254580041479,-0.697506326122387
"17238",0.0677319374620613,0.105653226267013,0.0881166424111979,0.0175365838558146,0.0379212888049513,0.0203847049491366
"321269",0.0657398450522677,0.0617291694724924,0.063587309380866,-0.00185813990837363,-0.0040106755797753,-0.00215253567140167
"147728",0.041190779029463,0.0740266855245496,0.0582396815541955,0.0157870039703541,0.0328359064950865,0.0170489025247325
"247243",10,1.38669114141476,10,-8.61330885858524,-8.61330885858524,0
"265827",0.374038932140302,0.302150103174321,0.338728626047333,-0.0365785228730113,-0.0718888289659813,-0.03531030609297
"394222",0.126842368905654,0.13379170609517,0.130638692594202,0.00315301350096836,0.00694933718951588,0.00379632368854751
"167283",0.189302571147702,0.162841181915526,0.174593819578474,-0.0117526376629477,-0.0264613892321753,-0.0147087515692276
"285912",3.06654425033323,1.15457013959454,1.88165012949636,-0.727079989901816,-1.91197411073869,-1.18489412083687
"336737",0.278869157758257,0.172594569663684,0.22487335248574,-0.0522787828220555,-0.106274588094573,-0.0539958052725171
"118569",0.967470707113304,0.501330858105163,0.689799783845855,-0.188468925740692,-0.466139849008141,-0.277670923267449
"306767",0.115426348463436,0.16901567258602,0.142764605917989,0.0262510666680309,0.0535893241225837,0.0273382574545528
"527609",0.262407359793352,0.347604948937884,0.303342973642857,0.0442619752950268,0.0851975891445323,0.0409356138495055
"382520",0.448863827018205,0.198569716861061,0.319537121434951,-0.120967404573891,-0.250294110157145,-0.129326705583254
"154526",0.167008626633224,0.180363841059326,0.173533931622822,0.00682990943650377,0.0133552144261017,0.00652530498959791
"407599",0.938776134013259,0.22628168481027,0.518160703681085,-0.291879018870815,-0.712494449202989,-0.420615430332174
"549413",0.53965202960601,0.251580542131843,0.395413294032745,-0.143832751900903,-0.288071487474167,-0.144238735573265
"503228",0.322117997637997,0.190060509393844,0.251119839439944,-0.0610593300460999,-0.132057488244153,-0.0709981581980535
"455416",0.0974927635873008,0.0902130559508396,0.0933091522528826,-0.00309609630204297,-0.00727970763646119,-0.00418361133441822
"41248",0.195193666444745,0.0687577084579873,0.127818374265188,-0.0590606658072006,-0.126435957986758,-0.0673752921795573
"423110",0.0785472371545267,0.155729823635683,0.117304988322036,0.0384248353136466,0.077182586481156,0.0387577511675094
"390543",0.235718997644167,0.188191888129093,0.210120213490875,-0.0219283253617823,-0.0475271095150737,-0.0255987841532914
"553174",0.222248304220107,0.15600338527655,0.187461077800788,-0.0314576925242381,-0.0662449189435562,-0.0347872264193181
"234731",7.77191215329743,0.932549529344578,7.77191215329743,-6.83936262395286,-6.83936262395286,0
"191966",0.288370547444098,0.201314380897599,0.245020631427926,-0.0437062505303269,-0.0870561665464991,-0.0433499160161722
"207249",0.755481336429345,0.285994500963647,0.480668887930753,-0.194674386967106,-0.469486835465699,-0.274812448498593
"93859",0.469692924331874,0.30979499441831,0.390837330456744,-0.0810423360384346,-0.159897929913564,-0.0788555938751295
"320017",0.291081595512569,0.232791955697579,0.262116783391848,-0.0293248276942689,-0.0582896398149899,-0.028964812120721
"555000",0.026693316156478,0.0247584631346326,0.0255777241833412,-0.000819261048708584,-0.00193485302184545,-0.00111559197313686
"58511",0.496899746857565,0.522315587012266,0.510764055371183,0.011551531641083,0.0254158401547008,0.0138643085136178
"200525",0.841456523871719,0.336344180989655,0.561998031573798,-0.225653850584143,-0.505112342882063,-0.279458492297921
"555345",0.305291679933552,0.262472861197189,0.279188787362601,-0.0167159261654116,-0.0428188187363625,-0.0261028925709509
"485440",0.493766954704129,0.272026985841485,0.35744136717205,-0.0854143813305648,-0.221739968862644,-0.136325587532079
"300814",0.0926074584152912,0.115856182647478,0.10542636634089,0.0104298163065882,0.0232487242321867,0.0128189079255984
"251440",0.750195742462028,0.29311426304079,0.487483373098991,-0.194369110058201,-0.457081479421239,-0.262712369363038
"69637",1.69383839982934,0.528919028117315,0.924760641459798,-0.395841613342483,-1.16491937171202,-0.76907775836954
"398221",0.126514821309032,0.176130307530765,0.150202928743417,0.0259273787873487,0.0496154862217332,0.0236881074343845
"287928",0.547518039490688,0.265719614876128,0.378645476836069,-0.11292586195994,-0.28179842461456,-0.168872562654619
"176860",6.91984253669265,0.492063565801799,6.91984253669265,-6.42777897089085,-6.42777897089085,0
"418340",0.172882154966234,0.1255285850551,0.148893530323728,-0.0233649452686281,-0.0473535699111338,-0.0239886246425057
"172544",0.516570520724417,0.223465048315426,0.333779839687958,-0.110314791372532,-0.29310547240899,-0.182790681036459
"493727",1.44617141251842,0.71742090050646,0.989210798868149,-0.271789898361689,-0.72875051201196,-0.456960613650272
"544899",0.0773086167781245,0.0917079341709803,0.0847712396553074,0.0069366945156729,0.0143993173928558,0.0074626228771829
"151290",0.485112849850809,0.313691272791619,0.386305561425497,-0.0726142886338778,-0.17142157705919,-0.0988072884253127
"110880",0.0237155976525753,0.059178230326472,0.0411812887124497,0.0179969416140223,0.0354626326738966,0.0174656910598743
"187762",0.0969182937329997,0.153267837400068,0.126146997383451,0.0271208400166167,0.0563495436670684,0.0292287036504517
"171975",0.0496851692354991,0.0780028289592168,0.0644142710735209,0.0135885578856959,0.0283176597237177,0.0147291018380218
"424686",0.0572315022794716,0.141242333353742,0.100910891707239,0.040331441646503,0.0840108310742704,0.0436793894277674
"296282",0.0620903868570834,0.091709552490216,0.0777418060459906,0.0139677464442254,0.0296191656331326,0.0156514191889071
"98476",0.271122890463377,0.229440533170049,0.243150467888859,-0.0137099347188099,-0.0416823572933271,-0.0279724225745172
"379721",0.420618149871874,0.239322974706083,0.330520063945277,-0.0911970892391936,-0.18129517516579,-0.0900980859265967
"180208",0.405411719911183,0.257242919496203,0.314461104388533,-0.0572181848923297,-0.14816880041498,-0.09095061552265
"267015",0.039144619980213,0.0688647465709686,0.0542360873174576,0.014628659253511,0.0297201265907555,0.0150914673372445
"225428",0.310524769875801,0.256769816999601,0.282005258320227,-0.0252354413206258,-0.0537549528762003,-0.0285195115555745
"573331",0.373068040515448,0.518718322362657,0.439923207386681,0.0787951149759757,0.145650281847209,0.0668551668712337
"186655",0.236334882551534,0.29060153768202,0.264068166117521,0.0265333715644991,0.0542666551304861,0.027733283565987
"305571",0.0628071648386174,0.128529738342589,0.0959078539250062,0.0326218844175828,0.0657225735039716,0.0331006890863888
"299364",0.0252651816696646,0.035543813175019,0.0304192376170762,0.00512457555794278,0.0102786315053544,0.00515405594741158
"415211",0.821605886103574,0.600397816484047,0.690458785908086,-0.090060969424039,-0.221208069619527,-0.131147100195488
"298434",0.678296604947236,0.35772506571458,0.495478661323237,-0.137753595608658,-0.320571539232657,-0.182817943623999
"475172",0.0192986563553226,0.0729772808377613,0.0494405045202777,0.0235367763174836,0.0536786244824387,0.0301418481649551
"535284",0.0538831208933048,0.0853266739490088,0.0700270025602083,0.0152996713888005,0.0314435530557039,0.0161438816669035
"481716",1.57176944326383,0.389212371404925,0.867635002159525,-0.478422630754601,-1.1825570718589,-0.704134441104303
"315089",0.0937645200145968,0.173775588357051,0.134599149857375,0.039176438499676,0.0800110683424539,0.0408346298427779
"450075",0.0365826543598816,0.0802515573268394,0.0588076476138609,0.0214439097129785,0.0436689029669578,0.0222249932539794
"360495",0.149254902483995,0.148001865206237,0.148565932596981,-0.000564067390743855,-0.0012530372777585,-0.00068896988701464
"373280",0.0525761693762469,0.0563139450747365,0.0546213616881964,0.0016925833865401,0.00373777569848955,0.00204519231194945
"12092",0.764362920986944,0.265322404066893,0.474015899074193,-0.2086934950073,-0.499040516920051,-0.290347021912751
"70933",0.0944232770339654,0.116245869777777,0.105383632038342,0.0108622377394346,0.0218225927438114,0.0109603550043768
"526454",0.0549289930415743,0.10426844942778,0.0799015970426287,0.0243668523851514,0.0493394563862058,0.0249726040010544
"25212",0.0609622935741624,0.160840148464849,0.112544185871089,0.0482959625937593,0.0998778548906861,0.0515818922969268
"509269",0.494512063796507,0.171781269218696,0.330528663060405,-0.158747393841709,-0.322730794577812,-0.163983400736102
"273870",0.00664006339079976,0.0302921804176138,0.0190178540637992,0.0112743263538146,0.023652117026814,0.0123777906729995
"90649",1.16993313775704,0.298193691503674,0.600042540528894,-0.30184884902522,-0.87173944625337,-0.56989059722815
"18661",0.0893837176170149,0.0888013796845913,0.0890275438306008,-0.000226164146009497,-0.000582337932423599,-0.000356173786414102
"361279",0.0312150101123232,0.0916661495234984,0.0633613567947561,0.0283047927287423,0.0604511394111752,0.032146346682433
"475758",0.372627031054118,0.367324989845139,0.369507816617214,-0.00218282677207426,-0.0053020412089787,-0.00311921443690444
"114458",0.340945868701729,0.340683111398181,0.340733600390451,-5.0488992269615e-05,-0.000262757303548244,-0.000212268311278629
"540936",1.16541587188869,0.405737340012652,0.691494968127677,-0.285757628115025,-0.75967853187604,-0.473920903761015
"240755",1.3982306037179,0.442517897228368,0.828751637865605,-0.386233740637237,-0.955712706489537,-0.5694789658523
"480684",0.998329892606606,0.397508401079887,0.61606987285129,-0.218561471771403,-0.600821491526719,-0.382260019755316
"433779",0.209565462755654,0.117990540935679,0.162441737431636,-0.0444511964959567,-0.0915749218199749,-0.0471237253240182
"138444",2.70068811831921,1.08150715771378,1.67282549343454,-0.591318335720766,-1.61918096060543,-1.02786262488467
"385897",0.297748416068881,0.140339833323254,0.21956364347563,-0.0792238101523753,-0.157408582745626,-0.0781847725932512
"489691",0.15051750342889,0.0785379231025519,0.111505481740826,-0.0329675586382738,-0.0719795803263381,-0.0390120216880643
"395024",3.14559353909869,0.801713086634101,1.62340310616934,-0.821690019535244,-2.34388045246458,-1.52219043292934
"52868",0.064755389753785,0.199569453766917,0.136959797241895,0.0626096565250216,0.134814064013132,0.0722044074881102
"181314",0.305969873573,0.303632783962586,0.304591027594162,-0.000958243631575928,-0.00233708961041396,-0.00137884597883803
"59917",0.0389179256728281,0.0960293500189848,0.0693704764903717,0.0266588735286131,0.0571114243461567,0.0304525508175437
"88735",5.82816629498399,1.01593647973057,5.82816629498399,-4.81222981525342,-4.81222981525342,0
"405980",0.028769383918954,0.0379607264008781,0.0332445103263353,0.00471621607454276,0.00919134248192408,0.00447512640738132
"482915",0.00683381486618804,0.0274696330657483,0.0167039796742631,0.0107656533914852,0.0206358181995602,0.00987016480807503
"461096",0.138085750070079,0.136491022003614,0.137203438055209,-0.000712416051594916,-0.00159472806646532,-0.000882312014870407
"124454",0.0708193274587693,0.130447195448367,0.101327262276654,0.0291199331717121,0.0596278679895972,0.0305079348178852
"218719",0.105756792043375,0.188512514939274,0.147231820477469,0.0412806944618058,0.0827557228958992,0.0414750284340934
"16183",0.461646968035237,0.175195753660119,0.275233054731244,-0.100037301071125,-0.286451214375119,-0.186413913303994
"263081",0.167324352352245,0.229021587579098,0.197920967309454,0.0311006202696436,0.0616972352268531,0.0305966149572094
"80198",0.36286134446407,0.131252941964092,0.200596529516348,-0.0693435875522558,-0.231608402499978,-0.162264814947722
"295194",0.0554917953068758,0.143782439219292,0.102986913674015,0.040795525545277,0.0882906439124159,0.0474951183671389
"426823",0.163248877295969,0.176940218471551,0.170221603116065,0.00671861535548565,0.0136913411755821,0.00697272582009648
"226022",2.69909136858193,0.384305695539234,2.69909136858193,-2.31478567304269,-2.31478567304269,0
"86637",0.140126086377475,0.101947455075985,0.119516629473762,-0.0175691743977776,-0.0381786313014908,-0.0206094569037133
"175406",1.20493354937624,0.446770386455879,0.745290279472062,-0.298519893016182,-0.758163162920366,-0.459643269904183
"71846",0.199900510682398,0.153846782471117,0.175094168331672,-0.0212473858605546,-0.0460537282112807,-0.024806342350726
"569375",0.0359634612679628,0.0953176612813906,0.0665606537866326,0.0287570074947579,0.0593542000134278,0.0305971925186698
"37223",0.056733572344889,0.0730195768362568,0.0651792039302506,0.00784037290600614,0.0162860044913678,0.00844563158536168
"259991",0.0944841548017684,0.142184499604798,0.11941069516385,0.0227738044409481,0.0477003448030292,0.0249265403620811
"76561",0.221759621616506,0.230016866202425,0.226173569698438,0.00384329650398638,0.00825724458591856,0.00441394808193218
"468172",0.0922998009201074,0.144168678573244,0.119554274630464,0.02461440394278,0.051868877653137,0.027254473710357
"440706",0.498025090430292,0.17846927014503,0.330628894440836,-0.152159624295806,-0.319555820285263,-0.167396195989456
"386586",1.72474016194548,0.694093859173172,1.00661642821773,-0.312522569044558,-1.03064630277231,-0.718123733727753
"184371",2.80252856014021,1.18073836434567,1.80185526475146,-0.621116900405795,-1.62179019579454,-1.00067329538875
"56088",3.73310980833397,0.714806768894675,3.73310980833397,-3.0183030394393,-3.0183030394393,0
"20412",0.37251870844667,0.259870268742348,0.314279973827661,-0.0544097050853121,-0.112648439704322,-0.0582387346190097
"86935",0.0806599042280731,0.173291480112477,0.125429870859904,0.0478616092525727,0.0926315758844037,0.044769966631831
"274909",0.317353034486031,0.252982328452361,0.284834786057889,-0.0318524576055277,-0.0643707060336695,-0.0325182484281418
"365830",0.397471908670544,0.22350695797501,0.306694430305538,-0.0831874723305284,-0.173964950695535,-0.0907774783650061
"256186",0.094916348246777,0.180120692315131,0.139346369210588,0.0407743231045432,0.0852043440683539,0.0444300209638108
"88995",0.0203271778698468,0.0571228656997801,0.0396692689154309,0.0174535967843493,0.0367956878299334,0.0193420910455841
"42269",0.19647028486322,0.108217649901995,0.149749599880942,-0.0415319499789473,-0.0882526349612247,-0.0467206849822775
"122675",0.0196862866981544,0.0509482675859227,0.0373727070321839,0.0135755605537388,0.0312619808877684,0.0176864203340296
"116034",0.0341734786097993,0.0646657472082944,0.0501586267779963,0.0145071204302981,0.0304922685984951,0.015985148168197
"553102",0.0552452922602385,0.133199533029156,0.099366053919692,0.0338334791094636,0.0779542407689171,0.0441207616594535
"275906",0.695495209788742,0.348850811932981,0.497606623188843,-0.148755811255862,-0.346644397855762,-0.197888586599899
"305685",1.06548497514425,0.459483897263269,0.74893562830543,-0.289451731042161,-0.606001077880979,-0.316549346838818
"51564",0.0215896049468036,0.0453799086319614,0.0338722413156618,0.0115076673162997,0.0237903036851578,0.0122826363688582
"418396",0.610144169685544,0.375978184529196,0.477549041361965,-0.101570856832769,-0.234165985156348,-0.132595128323579
"147632",0.698103039876698,0.367264932063153,0.510305910730388,-0.143040978667235,-0.330838107813545,-0.18779712914631
"447107",0.108771300943537,0.115102795529853,0.112168203561087,0.00293459196876615,0.00633149458631631,0.00339690261755016
"502692",0.214631301893545,0.172765444079198,0.193283860567229,-0.0205184164880305,-0.0418658578143467,-0.0213474413263162
"112625",0.399890695526248,0.197827645067457,0.290029615898789,-0.0922019708313318,-0.202063050458791,-0.109861079627459
"415203",0.708811752493688,0.387831461594534,0.531533035344578,-0.143701573750044,-0.320980290899155,-0.177278717149111
"6431",0.238711971442862,0.0791554109009457,0.154738452594949,-0.0755830416940035,-0.159556560541917,-0.0839735188479133
"316624",0.672748067785046,0.229991402565022,0.405268054661107,-0.175276652096085,-0.442756665220024,-0.267480013123939
"447530",0.283606441903715,0.226028817295897,0.252683555656426,-0.0266547383605298,-0.0575776246078183,-0.0309228862472885
"360478",1.67710879479156,0.713267561968006,1.0752240625158,-0.361956500547791,-0.96384123282355,-0.601884732275759
"176620",0.189146740690257,0.167419806951956,0.177383503188546,-0.00996369623659002,-0.0217269337383008,-0.0117632375017107
"116506",0.240879192525347,0.233387623105952,0.23719014574364,-0.00380252263768846,-0.00749156941939511,-0.00368904678170665
"220035",0.239457132987948,0.158484787138364,0.19947807342479,-0.0409932862864268,-0.0809723458495844,-0.0399790595631577
"267185",2.01708953199832,1.02484912367529,1.36986499755737,-0.345015873882082,-0.992240408323034,-0.647224534440952
"106936",1.01055679511124,0.284693906005602,0.531120606076961,-0.246426700071359,-0.72586288910564,-0.479436189034282
"551063",0.0196217839149059,0.0867087573929229,0.0535690423773092,0.0331397150156137,0.067086973478017,0.0339472584624033
"470531",0.132686351403585,0.14786720197174,0.140468180870226,0.00739902110151436,0.0151808505681545,0.00778182946664013
"241327",0.233171090274931,0.181183452355626,0.205340467367293,-0.0241570150116672,-0.0519876379193054,-0.0278306229076381
"516345",1.8891683701875,0.895314334033599,1.30910142255329,-0.413787088519692,-0.993854036153903,-0.580066947634211
"279168",0.506770354187755,0.258081571168586,0.354796599420256,-0.0967150282516706,-0.248688783019169,-0.151973754767498
"483840",0.178307307488302,0.16358559793914,0.170358301687531,-0.00677270374839081,-0.0147217095491617,-0.00794900580077093
"164999",3.52568045659185,0.45468875907576,3.52568045659185,-3.07099169751609,-3.07099169751609,0
"298397",1.71826148963734,0.57981357792217,0.991475120732554,-0.411661542810384,-1.13844791171517,-0.726786368904782
"302174",1.64006088767318,0.278534378985381,1.64006088767318,-1.3615265086878,-1.3615265086878,0
"311159",4.59404945641181,1.2710936815962,2.34438152159658,-1.07328784000038,-3.32295577481561,-2.24966793481522
"474195",0.67469553757341,0.356445637032863,0.496341783894992,-0.139896146862129,-0.318249900540547,-0.178353753678417
"223584",0.0714078413380352,0.198776461483431,0.135621175450088,0.0631552860333427,0.127368620145396,0.064213334112053
"83528",0.252863641265199,0.255880997624222,0.254530975032678,0.0013500225915446,0.0030173563590235,0.00166733376747891
"255167",0.568960142969503,0.138366256088236,0.286100657168479,-0.147734401080243,-0.430593886881267,-0.282859485801024
"371212",0.0462336029324852,0.0861357424263181,0.0666317589659373,0.0195039834603808,0.0399021394938329,0.0203981560334521
"545424",0.251301838305566,0.172900959336783,0.206589430013504,-0.0336884706767203,-0.0784008789687827,-0.0447124082920624
"53486",0.409479423457116,0.204388140455247,0.280552185220516,-0.0761640447652692,-0.205091283001869,-0.1289272382366
"434317",0.0112874756166151,0.0558018857404546,0.0350850432598337,0.0207168424806209,0.0445144101238395,0.0237975676432186
"530661",0.0810150617279536,0.101425836289022,0.091738268298946,0.00968756799007572,0.0204107745610681,0.0107232065709923
"176017",1.02070060953639,0.402154432911978,0.625334048838505,-0.223179615926527,-0.618546176624412,-0.395366560697885
"531328",2.17059770095273,0.447732148061713,0.919165210066904,-0.47143306200519,-1.72286555289101,-1.25143249088582
"353259",1.10571734522516,0.541411908479045,0.7688362775139,-0.227424369034854,-0.564305436746118,-0.336881067711264
"258685",1.00475509924143,0.244090338165992,0.495714675849232,-0.25162433768324,-0.760664761075442,-0.509040423392202
"454105",0.972092087069584,0.266888374631527,0.485330380934131,-0.218442006302604,-0.705203712438057,-0.486761706135453
"119370",0.237516874606206,0.248179602436649,0.24311192713683,0.00506767529981941,0.0106627278304432,0.00559505253062376
"472445",0.380795316071699,0.270070738168445,0.326185936826592,-0.0561151986581467,-0.110724577903254,-0.0546093792451068
"367031",0.228027469671474,0.236356126833993,0.232486493424576,0.00386963340941671,0.00832865716251815,0.00445902375310145
"76014",0.58209047617711,0.387577117343913,0.471889401164737,-0.0843122838208246,-0.194513358833197,-0.110201075012372
"502898",0.428653462668548,0.45684835522563,0.444335243844099,0.0125131113815313,0.0281948925570817,0.0156817811755504
"78815",1.35205085574193,0.513791420989725,0.875213485247328,-0.361422064257602,-0.838259434752209,-0.476837370494606
"87142",0.193953743455256,0.251354129254654,0.222671766764567,0.0286823624900868,0.057400385799398,0.0287180233093112
"5811",0.499151464484773,0.30297029412593,0.381809130841701,-0.0788388367157709,-0.196181170358844,-0.117342333643073
"455361",0.293667936020224,0.244741163250022,0.26308558682988,-0.0183444235798578,-0.0489267727702017,-0.0305823491903439
"91005",0.29203779781176,0.289662026510261,0.290724232594751,-0.00106220608448998,-0.00237577130149935,-0.00131356521700937
"475670",0.0272007171616142,0.098373063702425,0.0635915599489382,0.0347815037534868,0.0711723465408108,0.036390842787324
"264270",0.517310870504716,0.23437287069412,0.345103313667629,-0.110730442973508,-0.282937999810596,-0.172207556837087
"224656",0.185964236619356,0.19803348740004,0.192793204252786,0.00524028314725444,0.0120692507806846,0.00682896763343019
"6293",0.151184505414,0.233343885933744,0.191204583774677,0.0421393021590672,0.0821593805197441,0.0400200783606768
"316605",1.84207568636962,0.453057346049511,0.915762958574497,-0.462705612524986,-1.38901834032011,-0.926312727795127
"186649",1.80953999478151,0.457838868762197,0.90616784602602,-0.448328977263823,-1.35170112601931,-0.903372148755487
"214501",0.0327587764605158,0.0963301842769931,0.065098260418629,0.0312319238583641,0.0635714078164773,0.0323394839581132
"351412",0.15358997669449,0.169878786200634,0.162032997899745,0.00784578830088975,0.0162888095061447,0.00844302120525492
"536666",1.03993629118401,0.313292352646595,0.559797377117169,-0.246505024470574,-0.726643938537413,-0.480138914066839
"405962",1.83827727141909,0.359555619027416,1.83827727141909,-1.47872165239167,-1.47872165239167,0
"525949",2.68187432296389,0.464359460729294,2.68187432296389,-2.21751486223459,-2.21751486223459,0
"257330",0.0349518292407178,0.0332057979730812,0.0339942484908473,-0.000788450517766118,-0.00174603126763655,-0.000957580749870429
"346069",0.809608859220531,0.427100615504354,0.56052801963766,-0.133427404133306,-0.382508243716177,-0.249080839582871
"355944",0.263634531137171,0.19184891785541,0.2252490959781,-0.03340017812269,-0.0717856132817608,-0.0383854351590708
"299148",2.31679437971119,0.642895586213944,1.29716493886402,-0.654269352650074,-1.67389879349725,-1.01962944084717
"113093",3.22032747849231,0.544045199854211,3.22032747849231,-2.6762822786381,-2.6762822786381,0
"303305",0.017862666736328,0.048608921009356,0.033475029486999,0.0151338915223571,0.0307462542730281,0.015612362750671
"205734",1.00326890871564,0.332349529979328,0.569611489147109,-0.23726195916778,-0.670919378736307,-0.433657419568526
"509851",0.0417555187202073,0.0682661755743123,0.0552548155402563,0.013011360034056,0.026510656854105,0.013499296820049
"333863",0.270100316328506,0.176677289437467,0.206386878581782,-0.0297095891443148,-0.0934230268910391,-0.0637134377467244
"90996",0.105135691996579,0.15337845809741,0.130926426408322,0.0224520316890885,0.0482427661008314,0.0257907344117429
"438787",0.210713621505628,0.262125596131694,0.237371089787231,0.0247545063444622,0.051411974626066,0.0266574682816038
"17388",0.666717255362523,0.241318778285385,0.40685909113737,-0.165540312851985,-0.425398477077138,-0.259858164225153
"561819",0.158776931845545,0.155807532750973,0.157268155818571,-0.00146062306759762,-0.00296939909457128,-0.00150877602697366
"529152",0.0403039014105942,0.0823860564785353,0.0619878814553357,0.0203981750231995,0.042082155067941,0.0216839800447415
"437744",0.0956468278209298,0.0981693294613089,0.0969157498802265,0.00125357958108244,0.00252250164037909,0.00126892205929666
"480406",1.43598455309619,0.674129946548187,0.946868851980021,-0.272738905431833,-0.761854606548004,-0.489115701116171
"331124",0.206497853310888,0.202908638750649,0.204871740947055,-0.00196310219640564,-0.00358921456023914,-0.0016261123638335
"436591",0.668576444124876,0.241813381957375,0.405440677869283,-0.163627295911908,-0.426763062167501,-0.263135766255593
"526165",0.172473894941574,0.0853874687137146,0.126202543511028,-0.0408150747973134,-0.0870864262278589,-0.0462713514305455
"117314",0.678431211761932,0.234489100820969,0.417553985211965,-0.183064884390996,-0.443942110940963,-0.260877226549967
"11387",0.876576119656652,0.538211636206551,0.672751316145149,-0.134539679938598,-0.338364483450101,-0.203824803511503
"317873",4.91465745950912,0.648575310906406,4.91465745950912,-4.26608214860271,-4.26608214860271,0
"94549",0.23334612305229,0.27827340604277,0.255414680288443,0.0228587257543266,0.0449272829904796,0.022068557236153
"449408",0.0802638118175669,0.131970842338178,0.107598360596908,0.0243724817412695,0.051707030520611,0.0273345487793415
"176710",0.482838392540373,0.479678951865885,0.481032768554094,-0.00135381668820922,-0.00315944067448853,-0.00180562398627931
"496877",2.21386714847396,1.14271034258437,1.53002913633879,-0.387318793754414,-1.07115680588959,-0.683838012135173
"358317",0.432404688560444,0.692315252442608,0.581510256557958,0.11080499588465,0.259910563882164,0.149105567997514
"279104",0.0633872914430408,0.141356409122048,0.105173256951157,0.0361831521708905,0.0779691176790069,0.0417859655081163
"4303",2.82150193738384,0.848668440210222,1.52866731243457,-0.679998872224347,-1.97283349717362,-1.29283462494927
"417537",0.132444473902377,0.158212516423169,0.146588895417984,0.011623621005185,0.0257680425207921,0.0141444215156071
"434391",0.162319636565828,0.154297408050969,0.157948146786215,-0.00365073873524629,-0.00802222851485976,-0.00437148977961346
"176020",0.0753532128455843,0.129815626899414,0.104498326980046,0.0253172999193682,0.0544624140538301,0.0291451141344619
"202695",1.54067414350796,0.609694388519305,0.93906610757981,-0.329371719060505,-0.930979754988654,-0.601608035928148
"38314",0.193086190250189,0.128152095870828,0.154536500693067,-0.026384404822239,-0.0649340943793612,-0.0385496895571223
"509831",0.393659858155537,0.276642179624716,0.333323082423203,-0.0566809027984864,-0.117017678530821,-0.0603367757323345
"407464",0.0518570446414295,0.0992346553363247,0.0784531095592858,0.0207815457770389,0.0473776106948952,0.0265960649178563
"359129",0.0887052599307992,0.114224025641779,0.10239031628219,0.0118337093595895,0.0255187657109802,0.0136850563513907
"327171",0.750695417114472,0.448247805022601,0.587247222337167,-0.138999417314566,-0.302447612091871,-0.163448194777305
"424453",0.0718513526759203,0.0604895874344945,0.0656390468860628,-0.00514945945156832,-0.0113617652414258,-0.00621230578985747
"132758",2.77979004972724,0.267569637011891,2.77979004972724,-2.51222041271535,-2.51222041271535,0
"279004",0.0519705717746643,0.079046318713407,0.0657723994442549,0.0132739192691521,0.0270757469387427,0.0138018276695905
"497542",0.665410547259493,0.275323685861054,0.438791961804213,-0.163468275943158,-0.390086861398439,-0.22661858545528
"438786",0.121466834599136,0.136844801135607,0.129881761431127,0.00696303970448039,0.0153779665364714,0.00841492683199102
"548178",0.0696071457560251,0.110825039022056,0.0912228643893286,0.0196021746327276,0.0412178932660311,0.0216157186333034
"163632",0.0961181714515303,0.08039683456845,0.0876919689326739,-0.00729513436422394,-0.0157213368830803,-0.00842620251885635
"239529",0.098676944159349,0.114975277939125,0.107515465913823,0.00745981202530262,0.0162983337797765,0.0088385217544739
"158885",0.627074877415923,0.287443160952919,0.43051604357635,-0.14307288262343,-0.339631716463004,-0.196558833839573
"407024",0.345329572244089,0.116147803777888,0.225357246229069,-0.109209442451181,-0.229181768466201,-0.11997232601502
"460114",0.153184018420538,0.226657022644051,0.191572214614986,0.0350848080290644,0.0734730042235122,0.0383881961944478
"242063",1.39899558000364,0.421915691624257,0.812280398378185,-0.390364706753928,-0.977079888379386,-0.586715181625458
"82655",0.0647342397514725,0.0770877132706446,0.0711364521055673,0.00595126116507727,0.0123534735191721,0.00640221235409481
"521007",0.0167032183817027,0.0356440427190373,0.0262645372192289,0.00937950549980848,0.0189408243373346,0.00956131883752613
"337111",0.0663325561409272,0.117558670473427,0.0940821616253066,0.0234765088481205,0.0512261143325,0.0277496054843794
"90149",1.00558882414834,0.414785179237222,0.630571622917946,-0.215786443680724,-0.590803644911121,-0.375017201230397
"142627",0.206169584351213,0.205359473765698,0.205804374587486,-0.00044490082178783,-0.000810110585515417,-0.000365209763727586
"426972",1.22374961552943,0.4777342988436,0.777013933693551,-0.299279634849951,-0.746015316685826,-0.446735681835876
"192870",0.317817337912973,0.270823680634357,0.293699146974931,-0.0228754663405736,-0.0469936572786165,-0.0241181909380429
"187528",0.0294500141796841,0.143082570846485,0.0866641995337485,0.0564183713127369,0.113632556666801,0.0572141853540644
"29439",0.0447034618246869,0.18517168810092,0.120147727024384,0.0650239610765361,0.140468226276233,0.075444265199697
"532486",0.0194644979851388,0.0951264171497201,0.0569463057705271,0.038180111379193,0.0756619191645813,0.0374818077853883
"373180",0.0226136063336459,0.0645367865386,0.0448217631191452,0.0197150234194548,0.041923180204954,0.0222081567854992
"60774",0.0715469825178585,0.061129778640078,0.0657229765383241,-0.00459319789824614,-0.0104172038777806,-0.00582400597953442
"116696",0.993454003012549,0.526462390934133,0.710595645056572,-0.184133254122439,-0.466991612078417,-0.282858357955978
"358776",0.189996758735403,0.106191512714351,0.146069056890073,-0.039877544175722,-0.0838052460210522,-0.0439277018453302
"257962",0.0585437756093135,0.107619419223087,0.0836643703249965,0.0239550488980901,0.0490756436137731,0.025120594715683
"2569",0.245943008583704,0.261600156602514,0.25392510757148,0.00767504903103383,0.0156571480188096,0.00798209898777574
"492611",0.12898008951521,0.217447177626016,0.173745940352622,0.0437012372733941,0.0884670881108051,0.0447658508374111
"308978",0.0395634565834008,0.103782051664318,0.072062998167203,0.0317190534971152,0.0642185950809174,0.0324995415838023
"561468",0.0255289148963795,0.131593902167161,0.0800138412505448,0.0515800609166161,0.106064987270781,0.0544849263541653
"316089",1.30160599634204,0.40657511710168,0.759849347590807,-0.353274230489127,-0.895030879240356,-0.541756648751229
"238479",0.17226522625533,0.184344613730667,0.178307745349098,0.00603686838156922,0.0120793874753371,0.00604251909376788
"397729",1.86161048185246,0.535761495437034,0.998987271853869,-0.463225776416835,-1.32584898641543,-0.862623209998592
"120846",0.676615599229405,0.211772443766785,0.388810858634497,-0.177038414867713,-0.46484315546262,-0.287804740594908
"48488",0.052360805922305,0.0805504144750744,0.0669637089623855,0.0135867055126889,0.0281896085527693,0.0146029030400804
"82778",0.433204635736649,0.193538336762113,0.304596718321612,-0.111058381559499,-0.239666298974536,-0.128607917415037
"257831",0.506528138277983,0.269678933715459,0.358927136510759,-0.0892482027952998,-0.236849204562524,-0.147601001767224
"9334",0.890663893343353,0.36606549569213,0.544890420187061,-0.178824924494931,-0.524598397651223,-0.345773473156292
"508501",0.690275124023412,0.299173769067589,0.458943342748436,-0.159769573680847,-0.391101354955823,-0.231331781274976
"55627",4.03586798899381,1.46348511029497,2.32591950675674,-0.862434396461772,-2.57238287869884,-1.70994848223707
"148893",0.359860375026451,0.309352746340886,0.327892636690828,-0.0185398903499423,-0.0505076286855648,-0.0319677383356225
"5845",1.4553410115434,0.249966677120141,1.4553410115434,-1.20537433442326,-1.20537433442326,0
"185096",0.020441875617084,0.0747193629446591,0.0523022652008927,0.0224170977437664,0.0542774873275751,0.0318603895838087
"420370",0.678751488552103,0.389428755792793,0.511742473880238,-0.122313718087445,-0.28932273275931,-0.167009014671865
"63765",0.79900033657383,0.446138885423579,0.574791145906587,-0.128652260483008,-0.352861451150252,-0.224209190667244
"126378",0.0546412834955568,0.0793677218128657,0.067598105535257,0.0117696162776086,0.0247264383173089,0.0129568220397003
"569937",0.127497794386797,0.224097294336108,0.178553358593094,0.0455439357430139,0.0965994999493105,0.0510555642062966
"498638",0.037279878624902,0.0693042026895861,0.0541708447284631,0.015133357961123,0.032024324064684,0.0168909661035611
"315685",1.14103212881826,0.442349954255599,0.711205500313827,-0.268855546058228,-0.69868217456266,-0.429826628504432
"32979",0.485555084928063,0.267643681331041,0.377242972210562,-0.109599290879521,-0.217911403597022,-0.108312112717501
"327657",3.80407888583125,0.504919166316988,3.80407888583125,-3.29915971951426,-3.29915971951426,0
"172082",1.6991227046404,0.575023191373738,0.972889512180422,-0.397866320806683,-1.12409951326667,-0.726233192459983
"19068",0.18551647690387,0.190632143448662,0.188258965640517,0.00237317780814539,0.0051156665447919,0.00274248873664651
"315518",0.0972008112990072,0.0866935754832442,0.0917897696666864,-0.0050961941834422,-0.0105072358157629,-0.00541104163232074
"217258",0.685683519711909,0.440045721159841,0.524178814908602,-0.0841330937487607,-0.245637798552068,-0.161504704803308
"253657",2.8990703193749,0.936131743063023,1.63222586840358,-0.696094125340561,-1.96293857631188,-1.26684445097132
"179064",0.243403911970714,0.137707328500708,0.189989873124245,-0.0522825446235373,-0.105696583470007,-0.0534140388464693
"505464",0.52657148458559,0.39211813385936,0.448608810270232,-0.0564906764108723,-0.13445335072623,-0.0779626743153577
"569632",0.103796365888868,0.134607845756813,0.119016900020897,0.0155909457359159,0.0308114798679456,0.0152205341320297
"247867",0.284769696961549,0.222394880826998,0.244043676499639,-0.0216487956726411,-0.0623748161345506,-0.0407260204619095
"165620",0.289296455159446,0.218608631932441,0.253768304604315,-0.0351596726718734,-0.0706878232270045,-0.0355281505551311
"9573",2.04293047975737,0.487729942347749,1.03386646444175,-0.546136522094005,-1.55520053740962,-1.00906401531562
"117385",0.272294987145817,0.222077520134097,0.247173409181735,-0.0250958890476382,-0.0502174670117207,-0.0251215779640826
"231748",0.993083160592514,0.360230723585951,0.581672889814753,-0.221442166228801,-0.632852437006563,-0.411410270777761
"323999",0.0972790511567798,0.173248578134912,0.136608037335618,0.0366405407992939,0.075969526978132,0.0393289861788381
"572396",0.0380418840635101,0.0906219406307673,0.0646505958383842,0.0259713447923831,0.0525800565672572,0.0266087117748741
"446229",0.773031734224231,0.582026363266392,0.658232523729778,-0.0762061604633854,-0.191005370957838,-0.114799210494453
"38522",0.319267803683272,0.247225250380614,0.270812765098232,-0.023587514717618,-0.072042553302658,-0.04845503858504
"530854",0.0924221901991705,0.120411890520808,0.106618486874999,0.0137934036458095,0.0279897003216376,0.0141962966758282
"81456",0.0794598071890436,0.123548040239148,0.102439250414214,0.0211087898249339,0.0440882330501043,0.0229794432251703
"173797",0.0182503551383735,0.0700194978657534,0.0447387831697168,0.0252807146960366,0.0517691427273799,0.0264884280313433
"410211",0.140535656077148,0.119788472622275,0.129674402216528,-0.00988592959425322,-0.0207471834548733,-0.0108612538606201
"159164",0.622309971949838,0.431758158752746,0.517217587481255,-0.0854594287285093,-0.190551813197093,-0.105092384468583
"552381",0.504819013623752,0.28978932031749,0.379904133194055,-0.090114812876565,-0.215029693306261,-0.124914880429696
"326321",0.172104257312864,0.145712729466459,0.158205278277976,-0.0124925488115166,-0.0263915278464047,-0.0138989790348881
"442733",0.29090349157743,0.266603345109376,0.278118970695844,-0.0115156255864687,-0.0243001464680538,-0.0127845208815851
"389708",0.128350302990862,0.294643759809397,0.212923832779945,0.0817199270294517,0.166293456818535,0.0845735297890829
"200903",1.97432343415887,0.329383660876054,1.97432343415887,-1.64493977328282,-1.64493977328282,0
"85941",0.336189062541146,0.278060349447718,0.306698978238792,-0.0286386287910743,-0.0581287130934285,-0.0294900843023542
"543612",2.84882089044521,1.23255756330807,1.70169987761624,-0.469142314308174,-1.61626332713714,-1.14712101282897
"305853",0.122860001789937,0.091869693480299,0.106487214416925,-0.0146175209366261,-0.0309903083096381,-0.016372787373012
"56505",1.44362821146735,0.282918825032315,1.44362821146735,-1.16070938643503,-1.16070938643503,0
"415161",0.107255042837508,0.231717227266897,0.169506926367894,0.0622103008990032,0.12446218442939,0.0622518835303865
"11769",0.240506174717565,0.113909716646273,0.173678686299716,-0.0597689696534431,-0.126596458071292,-0.0668274884178488
"8067",0.140055339159049,0.123642555195139,0.12992707068843,-0.00628451549329165,-0.01641278396391,-0.0101282684706183
"305454",0.302218049447777,0.291776011330609,0.297158561541265,-0.00538255021065626,-0.0104420381171678,-0.00505948790651156
"573916",1.02130316271292,0.344026510646755,0.64308984374363,-0.299063333096875,-0.677276652066165,-0.37821331896929
"357350",0.0327184253293464,0.044188466150221,0.0386419163434741,0.00554654980674686,0.0114700408208745,0.00592349101412765
"49225",1e-08,0.0580713802058113,0.030917247454342,0.0271541327514693,0.0580713702058113,0.030917237454342
"379380",0.0570469837642189,0.112260691549821,0.0857198403746391,0.0265408511751816,0.0552137077856018,0.0286728566104202
"199683",0.1193377432567,0.127691043245954,0.124059519553435,0.00363152369251855,0.00835329998925391,0.00472177629673536
"12279",2.66922814720716,0.318904552532921,2.66922814720716,-2.35032359467424,-2.35032359467424,0
"22083",2.01805846798461,0.475924161931096,1.01719014084108,-0.541265978909983,-1.54213430605351,-1.00086832714353
"338144",0.211853802712951,0.25658503788917,0.235028586636353,0.021556451252817,0.044731235176219,0.0231747839234021
"286891",0.014624039194958,0.0340065896782083,0.0241867341041025,0.00981985557410576,0.0193825504832503,0.00956269490914459
"424072",0.955884844528335,0.164603320029626,0.955884844528335,-0.791281524498709,-0.791281524498709,0
"376934",0.315579881429088,0.271345347036607,0.293367092949472,-0.022021745912865,-0.0442345343924808,-0.0222127884796158
"131124",0.419496249470828,0.180272864833195,0.263572579981013,-0.0832997151478186,-0.239223384637634,-0.155923669489815
"217370",0.325720668738748,0.17800778807251,0.251254590239424,-0.0732468021669145,-0.147712880666239,-0.0744660784993243
"563719",0.0128759091249749,0.0472502355262609,0.0310760180257684,0.0161742175004925,0.034374326401286,0.0182001089007935
"500833",0.410753011473958,0.51108036464654,0.465733662635448,0.0453467020110923,0.100327353172583,0.0549806511614906
"406227",0.242420797315516,0.26142322916181,0.251925827756492,0.00949740140531791,0.0190024318462937,0.00950503044097578
"94551",1.1109676325604,0.428400707424374,0.689802914586514,-0.26140220716214,-0.682566925136027,-0.421164717973887
"38418",0.631542653057062,0.39446394829687,0.499491104096223,-0.105027155799353,-0.237078704760192,-0.132051548960839
"78039",0.25806765988871,0.299901331194599,0.280297726728842,0.0196036044657564,0.0418336713058887,0.0222300668401323
"135492",0.248826261797843,0.159046689507204,0.200577690290403,-0.0415310007831992,-0.0897795722906385,-0.0482485715074393
"486346",0.369526778133705,0.296389429063008,0.331590662667425,-0.0352012336044168,-0.0731373490706973,-0.0379361154662805
"438715",0.53773544710304,0.318289653507405,0.410222750773981,-0.0919330972665763,-0.219445793595635,-0.127512696329058
"55992",0.592563540161341,0.235188960274782,0.377276540873905,-0.142087580599123,-0.35737457988656,-0.215286999287436
"513338",2.45244302772163,0.451579611476447,2.45244302772163,-2.00086341624518,-2.00086341624518,0
"366514",0.0871036806382673,0.157626830069896,0.125331535914056,0.0322952941558397,0.0705231494316283,0.0382278552757886
"10370",0.0572680991458962,0.11809667196032,0.0879859676795886,0.0301107042807309,0.0608285728144234,0.0307178685336924
"474676",0.0664227166493948,0.0810475368249774,0.0742145889491379,0.00683294787583945,0.0146248201755826,0.00779187229974312
"180211",1.10981805053187,0.509836005313551,0.751741667207314,-0.241905661893763,-0.599982045218315,-0.358076383324552
"565944",0.549278449264294,0.293281353139025,0.40044763227405,-0.107166279135025,-0.255997096125268,-0.148830816990243
"477220",0.516675540521155,0.380309433109095,0.451321164805496,-0.0710117316964003,-0.13636610741206,-0.0653543757156594
"514173",0.309875056087717,0.391085402461388,0.348350701587286,0.0427347008741013,0.0812103463736707,0.0384756454995694
"184890",0.19237846265927,0.112383071800443,0.151531583877583,-0.03914851207714,-0.0799953908588264,-0.0408468787816864
"128356",0.0491324231938194,0.142781535287811,0.0978077692060567,0.0449737660817544,0.0936491120939917,0.0486753460122373
"21174",0.0433681210719504,0.0247388879171472,0.0339881265444407,-0.00924923862729351,-0.0186292331548032,-0.00937999452750966
"29723",0.0773275937016114,0.174731163249542,0.122992076159817,0.051739087089725,0.0974035695479304,0.0456644824582054
"119894",0.281070996183511,0.147223590253125,0.205766492598267,-0.0585429023451417,-0.133847405930386,-0.0753045035852441
"283723",2.68869211370899,1.42151360703634,1.92450731539612,-0.502993708359776,-1.26717850667265,-0.76418479831287
"534371",0.0347649344973023,0.117986136548267,0.0774020675166455,0.0405840690316215,0.0832212020509647,0.0426371330193432
"322978",0.133296280116634,0.130621771653233,0.13200203046851,-0.00138025881527723,-0.00267450846340073,-0.0012942496481235
"24800",0.352672634913888,0.16750792016167,0.253569523560236,-0.0860616033985661,-0.185164714752218,-0.0991031113536519
"302677",0.167895404030269,0.189387098696261,0.179277726248299,0.0101093724479616,0.021491694665992,0.0113823222180304
"319080",0.0302750485184216,0.128301770466204,0.0850616883462481,0.0432400821199559,0.0980267219477824,0.0547866398278265
"562092",0.367359035666748,0.298764079240535,0.332817737707427,-0.0340536584668912,-0.0685949564262122,-0.034541297959321
"352834",1.45864031701745,0.252693314864958,1.45864031701745,-1.20594700215249,-1.20594700215249,0
"278519",0.0676845085624917,0.137431086710867,0.104859417213366,0.0325716694975015,0.0697465781483757,0.0371749086508742
"342062",2.55577240590859,0.528263498361986,1.29639993553659,-0.768136437174607,-2.0275089075466,-1.25937247037199
"25479",4.63492725116117,1.01649322963971,2.13643093449444,-1.11993770485474,-3.61843402152147,-2.49849631666673
"143650",5.47068328607575,0.630156546863208,5.47068328607575,-4.84052673921254,-4.84052673921254,0
"426382",0.209386710867033,0.163654212499092,0.18673115964581,-0.0230769471467183,-0.0457324983679406,-0.0226555512212224
"304628",0.618160421380086,0.32372044413803,0.446476696032163,-0.122756251894133,-0.294439977242056,-0.171683725347922
"75303",1.04578898323527,0.420057755395659,0.649113501657008,-0.229055746261349,-0.62573122783961,-0.396675481578261
"304466",1.93390093358408,0.452012803011485,1.0857846534291,-0.633771850417612,-1.48188813057259,-0.84811628015498
"376879",0.192451289827019,0.168907816217318,0.179750822482686,-0.0108430062653676,-0.0235434736097014,-0.0127004673443338
"405008",0.527068878562253,0.287158454098898,0.38622613735054,-0.0990676832516421,-0.239910424463355,-0.140842741211713
"164269",1.25477568556833,0.216009092215935,1.25477568556833,-1.03876659335239,-1.03876659335239,0
"184782",0.138659768587054,0.200011883801125,0.170115913041784,0.0298959707593411,0.0613521152140708,0.0314561444547297
"408043",0.364445475297092,0.270523616611591,0.305662627624663,-0.0351390110130728,-0.0939218586855011,-0.0587828476724284
"304412",0.203485985559278,0.326963216145683,0.267068728738682,0.0598944874070017,0.123477230586405,0.0635827431794037
"533812",0.0865026664404564,0.132459415061002,0.109578045797448,0.0228813692635543,0.0459567486205455,0.0230753793569913
"371122",0.0337080622274924,0.0624932490610344,0.0482806053688226,0.0142126436922118,0.028785186833542,0.0145725431413302
"108480",0.0502610602861059,0.0652740711125733,0.0583352265224598,0.00693884459011349,0.0150130108264675,0.00807416623635399
"154795",0.0629030747267999,0.158580246434007,0.111549715728535,0.0470305307054724,0.0956771717072075,0.0486466410017352
"481819",0.0623450301074741,0.105638407901772,0.0855149944412325,0.0201234134605392,0.0432933777942977,0.0231699643337584
"254643",0.0232613886243776,0.0689371285963496,0.0460248817193134,0.0229122468770361,0.045675739971972,0.0227634930949359
"578490",1.47742551902588,0.511459844158063,0.926364475902721,-0.414904631744658,-0.965965674867818,-0.55106104312316
"494801",0.357740624264687,0.240260665303625,0.298189745246256,-0.0579290799426314,-0.117479958961062,-0.059550879018431
"319085",1e-08,0.0709256756008902,0.0385266736472555,0.0323990019536347,0.0709256656008902,0.0385266636472555
"347489",4.6160336001029,1.26825017452943,2.35439883248397,-1.08614865795454,-3.34778342557347,-2.26163476761893
"197221",0.164639573355371,0.241849503133854,0.20423516533793,0.0376143377959242,0.0772099297784825,0.0395955919825583
"20493",0.214967276515548,0.249027297735642,0.232469614124375,0.0165576836112663,0.0340600212200941,0.0175023376088278
"81582",0.212386922344196,0.102214586185122,0.157024158680375,-0.0548095724952523,-0.110172336159074,-0.0553627636638215
"413055",0.0235341522662881,0.0826752514082721,0.0544129209548979,0.0282623304533742,0.0591410991419841,0.0308787686886099
"99924",0.376646574556839,0.264362012329053,0.321933928729599,-0.0575719164005462,-0.112284562227785,-0.0547126458272391
"245437",0.16445790267528,0.215397580440986,0.190243926411389,0.0251536540295977,0.0509396777657058,0.0257860237361081
"322023",0.0523264592636383,0.122543282477264,0.0881880930633563,0.0343551894139073,0.0702168232136252,0.035861633799718
"234830",0.0992031825610907,0.148363305776436,0.123831041885197,0.0245322638912384,0.0491601232153451,0.0246278593241068
"15662",0.286805887006211,0.276341209981585,0.281119893210201,-0.00477868322861574,-0.0104646770246263,-0.00568599379601059
"316121",0.210316593522212,0.2616501810667,0.242927612697217,0.0187225683694834,0.0513335875444881,0.0326110191750046
"315995",0.379996004576505,0.306099249142065,0.335408927370417,-0.0293096782283516,-0.0738967554344402,-0.0445870772060886
"16978",0.218281106593343,0.282193857638779,0.250680444519743,0.0315134131190358,0.063912751045436,0.0323993379264002
"520341",4.67222224350085,0.899783529718401,4.67222224350085,-3.77243871378245,-3.77243871378245,0
"303503",0.196098521918576,0.160081799442654,0.17692125880808,-0.0168394593654261,-0.0360167224759221,-0.019177263110496
"278590",0.173122129076697,0.130925711893867,0.151642319113017,-0.0207166072191504,-0.0421964171828303,-0.0214798099636799
"13528",1.91767814034327,0.552802026469142,1.04743860650498,-0.494636580035835,-1.36487611387413,-0.870239533838298
"76728",0.445380409890878,0.267031688451307,0.33766237738798,-0.0706306889366723,-0.178348721439571,-0.107718032502899
"521912",0.110829952105905,0.0402283023625273,0.0731995701999363,-0.032971267837409,-0.070601649743378,-0.037630381905969
"120069",0.154533429130275,0.12771827154108,0.140168190295715,-0.0124499187546355,-0.0268151575891953,-0.0143652388345598
"457129",0.938845870026342,0.376352938234309,0.576716221467568,-0.200363283233259,-0.562492931792033,-0.362129648558774
"190452",3.28669771400941,0.41624971460157,3.28669771400941,-2.87044799940784,-2.87044799940784,0
"530062",5.58511044135813,1.55425744559413,2.61727446228529,-1.06301701669116,-4.030852995764,-2.96783597907283
"440700",1.72228215185272,0.568025438384465,0.971049153357913,-0.403023714973448,-1.15425671346825,-0.751232998494803
"91004",0.508285937869771,0.303449337646799,0.387323265297781,-0.0838739276509817,-0.204836600222972,-0.12096267257199
"27400",7.69070192941269,1.41676550528664,7.69070192941269,-6.27393642412606,-6.27393642412606,0
"281044",0.338586179901314,0.159832279732087,0.24144083543592,-0.0816085557038321,-0.178753900169227,-0.0971453444653948
"349058",0.055493434508588,0.0855845302818485,0.0721226731083075,0.013461857173541,0.0300910957732605,0.0166292385997196
"320340",0.0377242581006584,0.0865669515377944,0.0626223534860472,0.0239445980517472,0.048842693437136,0.0248980953853888
"169972",0.0664375383332685,0.13974118465876,0.105249007429206,0.0344921772295543,0.0733036463254916,0.0388114690959374
"149751",0.0964211493767836,0.148558006740259,0.124108264145936,0.0244497425943234,0.0521368573634755,0.027687114769152
"130981",0.0127918645449413,0.0301071571580349,0.0218791388565035,0.00822801830153136,0.0173152926130936,0.00908727431156225
"459047",0.0664788400291879,0.121380424638103,0.0934585148097698,0.0279219098283331,0.0549015846089149,0.0269796747805818
"467959",0.039931327927854,0.0819541898008467,0.0615762636930682,0.0203779261077785,0.0420228618729926,0.0216449357652142
"261677",2.0352022969935,0.524098499212244,1.06242872807602,-0.538330228863772,-1.51110379778125,-0.97277356891748
"110717",0.24836659249947,0.149953222304515,0.194513590125959,-0.0445603678214437,-0.0984133701949547,-0.053853002373511
"545498",0.104415123465301,0.248877055673086,0.177718653190368,0.0711584024827179,0.144461932207786,0.0733035297250677
"60891",0.486141658439973,0.2943472338446,0.370786753149753,-0.0764395193051529,-0.191794424595373,-0.11535490529022
"164829",0.109195406598707,0.163431810045983,0.138610622255947,0.0248211877900352,0.0542364034472752,0.02941521565724
"525814",0.510707222218314,0.303398079878697,0.390921573766827,-0.0875234938881296,-0.207309142339617,-0.119785648451488
"339828",0.0769523714383388,0.220461044112299,0.150472285775849,0.0699887583364503,0.14350867267396,0.07351991433751
"222127",0.440340152083654,0.258039198651646,0.341958192212257,-0.0839189935606103,-0.182300953432008,-0.0983819598713976
"526075",0.0939360884216797,0.19469407296395,0.145484646403401,0.0492094265605497,0.100757984542271,0.0515485579817209
"422384",1.0364550013219,0.292296933672248,0.543062534798825,-0.250765601126578,-0.744158067649653,-0.493392466523075
"297436",0.0282453818096507,0.0835440525147057,0.0564555930865947,0.027088459428111,0.055298670705055,0.028210211276944
"339271",0.540355669984066,0.390017170966091,0.469036934399512,-0.0790197634334205,-0.150338499017975,-0.0713187355845544
"448272",0.159165969564375,0.155775381321699,0.157490566746663,-0.00171518542496379,-0.00339058824267596,-0.00167540281771217
"140539",0.865940784695669,0.334575864542371,0.518127074097319,-0.183551209554948,-0.531364920153299,-0.347813710598351
"419328",0.0665954806219666,0.125484500884173,0.0986311959709401,0.026853304913233,0.0588890202622065,0.0320357153489735
"89872",1.22359175256352,0.381116604131324,0.701460624544446,-0.320344020413122,-0.842475148432196,-0.522131128019075
"424776",1e-08,0.0417762410151406,0.021223876685435,0.0205523643297056,0.0417762310151406,0.021223866685435
"331760",0.403147672280802,0.144278824059726,0.269398538836628,-0.125119714776902,-0.258868848221076,-0.133749133444174
"26106",1.1670137250148,0.423757728986676,0.707264561597217,-0.283506832610541,-0.743255996028128,-0.459749163417586
"225594",0.0983235752351779,0.153287606973352,0.127747240558496,0.0255403664148562,0.0549640317381742,0.029423665323318
"189711",0.442192095246508,0.160700713340732,0.257400380512664,-0.0966996671719324,-0.281491381905777,-0.184791714733844
"456548",0.0560032905200339,0.0873042819538829,0.0729307469569115,0.0143735349969714,0.0313009914338489,0.0169274564368776
"339017",0.148702030096104,0.152320258250212,0.150502169650126,0.00181808860008667,0.00361822815410873,0.00180013955402206
"402598",0.583395045654887,0.188704130601272,0.339426324098178,-0.150722193496906,-0.394690915053615,-0.24396872155671
"225618",0.749736738956863,0.27719040571378,0.412655297733605,-0.135464892019825,-0.472546333243083,-0.337081441223257
"241289",0.334643168545518,0.229014716545341,0.282488667716155,-0.0534739511708145,-0.105628452000177,-0.0521545008293625
"302042",0.233866260532552,0.183881783983981,0.207788565398639,-0.0239067814146585,-0.0499844765485714,-0.0260776951339129
"65029",0.601804682016288,0.343751625406096,0.454024075780388,-0.110272450374292,-0.258053056610192,-0.1477806062359
"492048",0.372674703967589,0.386485955197538,0.380453496110043,0.00603245908749528,0.0138112512299492,0.00777879214245392
"291626",0.135104271857923,0.0499964574082005,0.0849725079442957,-0.0349760505360952,-0.0851078144497229,-0.0501317639136278
"54087",0.917405715735141,0.22395016167698,0.499422639319056,-0.275472477642076,-0.693455554058162,-0.417983076416086
"122357",0.138718376885397,0.100436578797856,0.117760492119355,-0.0173239133214988,-0.0382817980875407,-0.0209578847660419
"405982",0.619551078731717,0.254933021354504,0.396199913397275,-0.141266892042771,-0.364618057377213,-0.223351165334442
"371719",0.254114125046653,0.301139789698605,0.277826800543554,0.0233129891550514,0.0470256646519527,0.0237126754969014
"572142",2.87480109671386,0.991218021854264,1.66854704260151,-0.677329020747248,-1.8835830748596,-1.20625405411235
"559961",0.328032973672203,0.245992286097466,0.285306875595527,-0.0393145894980615,-0.0820406875747378,-0.0427260980766763
"61089",0.0763773273834481,0.11619850289141,0.0968555215051144,0.0193429813862954,0.0398211755079616,0.0204781941216662
"373115",1.28783228191932,0.35883513379891,0.706855817940334,-0.348020684141425,-0.928997148120408,-0.580976463978983
"508339",0.507796077170254,0.258874634945455,0.350919141147638,-0.0920445062021822,-0.248921442224798,-0.156876936022616
"511221",0.295799330858061,0.301853495749784,0.298803790858578,0.0030497048912061,0.00605416489172322,0.00300446000051713
"45810",0.496590336967374,0.178200806147564,0.323797859588282,-0.145597053440718,-0.318389530819811,-0.172792477379092
"60297",5.10156082259634,0.819565686009417,5.10156082259634,-4.28199513658692,-4.28199513658692,0
"474920",1.69841836592707,0.494583757948892,0.901194197038466,-0.406610439089574,-1.20383460797818,-0.797224168888609
"256762",0.505938531258572,0.303150682650398,0.384040129371751,-0.0808894467213527,-0.202787848608174,-0.121898401886821
"295653",0.172480253695794,0.365079422472086,0.266164854591646,0.0989145678804402,0.192599168776292,0.0936846008958523
"273888",1.59915836116138,0.473108782281069,0.850786007090658,-0.377677224809589,-1.12604957888031,-0.748372354070719
"216611",0.100088665918346,0.150579537299485,0.127248344752725,0.0233311925467605,0.0504908713811395,0.027159678834379
"377170",0.384883277128496,0.411190929114042,0.399556869689341,0.0116340594247015,0.0263076519855466,0.0146735925608451
"488193",10,1.42483632426534,10,-8.57516367573466,-8.57516367573466,0
"415588",0.238257680743379,0.452050821594887,0.33630742917237,0.115743392422516,0.213793140851507,0.0980497484289913
"93708",1.1562483440338,0.334426286310094,0.62952311996242,-0.295096833652326,-0.821822057723703,-0.526725224071377
"79543",2.37971185911523,0.79387401042102,1.31400389907702,-0.520129888656001,-1.58583784869421,-1.06570796003821
"300664",0.0445824660344672,0.0576928264852021,0.0511092903519025,0.00658353613329968,0.013110360450735,0.00652682431743527
"305936",0.14347254958622,0.194188257926616,0.170348757778664,0.0238395001479526,0.0507157083403962,0.0268762081924436
"359087",0.255152144560776,0.192704422869894,0.222707220955017,-0.0300027980851232,-0.0624477216908829,-0.0324449236057597
"436809",0.127893544252557,0.0581611425081896,0.0891478267893762,-0.0309866842811866,-0.0697324017443671,-0.0387457174631805
"398210",0.240994083592997,0.384008320734879,0.306686361540114,0.0773219591947646,0.143014237141882,0.065692277947117
"321655",0.0281915098317617,0.0703568871953562,0.0519780397879478,0.0183788474074084,0.0421653773635945,0.0237865299561861
"448019",0.0281649233576367,0.0758542522233837,0.055348480952227,0.0205057712711568,0.0476893288657471,0.0271835575945903
"72676",0.652392175622072,0.312060201093171,0.456066206701955,-0.144006005608784,-0.340331974528901,-0.196325968920117
"177500",0.0430023152857117,0.108815922275675,0.0770712763654138,0.0317446459102612,0.0658136069899633,0.0340689610797021
"53820",0.116204112122459,0.144395982542656,0.130513072025068,0.0138829105175879,0.0281918704201972,0.0143089599026092
"515543",0.0349635310964929,0.108631135496447,0.0723053937414729,0.0363257417549737,0.0736676043999537,0.0373418626449801
"81677",0.268709666070232,0.275322231376259,0.272131009561807,0.00319122181445225,0.00661256530602716,0.00342134349157491
"38528",0.139454332871188,0.234618748878119,0.190931189308524,0.0436875595695953,0.0951644160069308,0.0514768564373355
"158205",0.41056058716603,0.270977409945883,0.338960222703257,-0.0679828127573737,-0.139583177220147,-0.0716003644627733
"309077",0.373807048183861,0.144189807385876,0.250858322109788,-0.106668514723912,-0.229617240797985,-0.122948726074073
"205153",0.0739938111393714,0.122832734854234,0.100125632385723,0.0227071024685113,0.0488389237148627,0.0261318212463513
"165718",0.0235072013164583,0.094460724970691,0.0611549916324152,0.0333057333382757,0.0709535236542327,0.0376477903159569
"444247",0.26178581950016,0.202672040270838,0.231219904250427,-0.0285478639795895,-0.0591137792293225,-0.030565915249733
"250399",2.76422855456906,0.922560559726957,1.57171920323149,-0.649158643504538,-1.8416679948421,-1.19250935133756
"335919",0.279129766345437,0.162258624568448,0.216662306991519,-0.0544036824230707,-0.116871141776989,-0.062467459353918
"485768",0.814365176080842,0.229942672949814,0.395892814456206,-0.165950141506392,-0.584422503131028,-0.418472361624636
"148991",0.177895614015182,0.193191706424279,0.185697779126554,0.0074939272977248,0.0152960924090967,0.00780216511137188
"232063",0.105967773732383,0.103254581123532,0.104501381624977,-0.00124680050144547,-0.00271319260885147,-0.001466392107406
"202866",7.28130785783953,1.50562450515933,3.0398909215745,-1.53426641641516,-5.7756833526802,-4.24141693626504
"106665",0.351835615937382,0.399952574344743,0.379333909995611,0.0206186643491327,0.0481169584073612,0.0274982940582285
"155393",0.0909793449943943,0.0913801591625875,0.0911648625740884,0.000215296588499087,0.000400814168193153,0.000185517579694067
"62349",0.131358612778298,0.133345075374884,0.13231763772504,0.00102743764984403,0.00198646259658647,0.000959024946742437
"129269",0.0530392426045694,0.128404334991937,0.092604667002137,0.0357996679897995,0.0753650923873671,0.0395654243975676
"142528",0.0807087928472152,0.135968182498752,0.109489397348488,0.0264787851502636,0.0552593896515369,0.0287806045012733
"135472",0.0340664925633571,0.103060200780707,0.0691469401579039,0.0339132606228027,0.0689937082173495,0.0350804475945468
"315919",0.917637028082096,0.167949905854129,0.917637028082096,-0.749687122227966,-0.749687122227966,0
"386554",0.238598273843853,0.187987109793017,0.211204644094837,-0.0232175343018208,-0.0506111640508359,-0.0273936297490151
"322445",0.169791872367351,0.283013329770028,0.225498309322744,0.0575150204472835,0.113221457402677,0.0557064369553931
"375507",1.24118829774943,0.384589890354723,0.705181311589467,-0.320591421234744,-0.856598407394707,-0.536006986159962
"513925",0.0848973387922398,0.0982819209406463,0.0918041239064993,0.00647779703414705,0.0133845821484065,0.00690678511425949
"539343",1.58222400144725,0.627285684467411,1.0524015555036,-0.42511587103619,-0.954938316979836,-0.529822445943646
"438834",0.02664993147026,0.0254021456076169,0.0255950210888124,-0.000192875481195495,-0.00124778586264307,-0.00105491038144758
"210975",0.606432044265285,0.246860415794031,0.385454037039153,-0.138593621245122,-0.359571628471254,-0.220978007226131
"572400",0.077825345710321,0.121416022349535,0.0993261271883708,0.0220898951611647,0.0435906766392144,0.0215007814780497
"405697",1.64883360472653,0.388146208583203,0.898806528142127,-0.510660319558924,-1.26068739614333,-0.750027076584403
"503034",0.0173678672748493,0.0359921525229151,0.0267930685123482,0.0091990840105669,0.0186242852480657,0.00942520123749883
"247792",0.331763718614318,0.132333594681984,0.228833129213108,-0.0964995345311232,-0.199430123932333,-0.10293058940121
"535932",0.0540625721204646,0.0785658017039513,0.0667096269069496,0.0118561747970017,0.0245032295834868,0.012647054786485
"79679",0.981920056647253,0.392890183584017,0.604360987180404,-0.211470803596387,-0.589029873063236,-0.377559069466849
"562816",1.7796281307405,0.598784198075237,1.01946988107473,-0.420685682999496,-1.18084393266526,-0.760158249665762
"277274",0.0802195407527112,0.151225845050679,0.116571939627115,0.0346539054235635,0.0710063042979673,0.0363523988744038
"478820",0.62150252742675,0.471785288542809,0.538924238834507,-0.067138950291698,-0.149717238883941,-0.0825782885922435
"359727",0.214673342778202,0.135988109013629,0.172677981349517,-0.036689872335888,-0.0786852337645728,-0.0419953614286848
"200958",4.01597647712688,1.42038738274288,2.24985239724327,-0.829465014500394,-2.595589094384,-1.76612407988361
"561631",8.7864915549837,0.671764486501926,8.7864915549837,-8.11472706848177,-8.11472706848177,0
"436983",0.237794768478737,0.177989808479933,0.20738655191177,-0.0293967434318374,-0.0598049599988042,-0.0304082165669669
"550473",0.0534789470544612,0.0402597502491389,0.0464824737123533,-0.00622272346321438,-0.0132191968053223,-0.00699647334210791
"4111",0.575886779025479,0.521351844778983,0.546938046967552,-0.0255862021885692,-0.0545349342464962,-0.028948732057927
"235606",0.654184315246091,0.382425005558721,0.499862606840008,-0.117437601281286,-0.271759309687369,-0.154321708406083
"321351",1.32933052526503,0.502939760991172,0.770583271572791,-0.267643510581618,-0.826390764273855,-0.558747253692237
"394002",0.777430006662619,0.336181129583907,0.528783568246197,-0.19260243866229,-0.441248877078712,-0.248646438416422
"239454",0.0465363156600829,0.153695331312342,0.104121950302336,0.0495733810100057,0.107159015652259,0.0575856346422529
"554539",0.308720285049689,0.267269304547394,0.28683597121179,-0.0195666666643957,-0.0414509805022942,-0.0218843138378986
"412312",0.195659754402183,0.219294718926139,0.208369040315891,0.0109256786102484,0.0236349645239563,0.0127092859137079
"474563",0.0248894729946334,0.0933006545365946,0.0600719328660671,0.0332287216705275,0.0684111815419612,0.0351824598714337
"192823",1.09812236912299,0.371539729839206,0.635811660844324,-0.264271931005118,-0.726582639283784,-0.462310708278666
"262202",1e-08,0.0603597026223656,0.0311795211874043,0.0291801814349613,0.0603596926223656,0.0311795111874043
"447721",0.326138568823562,0.363569564903391,0.344890609259126,0.0186789556442652,0.0374309960798294,0.0187520404355642
"172046",0.440184040811439,0.334898765469068,0.38724284128283,-0.0523440758137626,-0.105285275342371,-0.0529411995286088
"308061",1.48069585687449,0.512625722962094,0.922214467448306,-0.409588744486212,-0.968070133912392,-0.55848138942618
"569831",1.833859330698,0.400885578448801,0.994321361767034,-0.593435783318234,-1.4329737522492,-0.839537968930969
"128288",0.135608938384865,0.14610706694688,0.141355861088331,0.00475120585854918,0.0104981285620149,0.00574692270346572
"122100",0.0350412626184329,0.0503791897138534,0.0450678674615229,0.00531132225233056,0.0153379270954205,0.0100266048430899
"436735",0.910385395961032,0.33224933793723,0.521840122213171,-0.18959078427594,-0.578136058023802,-0.388545273747861
"412152",0.656567268869965,0.463637055726107,0.551781484598048,-0.0881444288719407,-0.192930213143858,-0.104785784271917
"558981",0.0893093228498573,0.152534192924745,0.120056316674282,0.0324778762504624,0.0632248700748872,0.0307469938244248
"371231",1.05526082121571,0.516956959354027,0.691613739614286,-0.174656780260259,-0.538303861861682,-0.363647081601423
"315527",0.225197574380078,0.140746860082559,0.1814857142502,-0.0407388541676409,-0.0844507142975196,-0.0437118601298787
"389543",3.29422902431637,0.610224482161046,3.29422902431637,-2.68400454215532,-2.68400454215532,0
"328810",0.374292836834686,0.185235256386599,0.246717543914831,-0.0614822875282316,-0.189057580448087,-0.127575292919856
"452562",0.217696016938776,0.20638875725749,0.21190014555936,-0.00551138830186959,-0.0113072596812863,-0.00579587137941676
"510473",0.54611226135486,0.35148704497515,0.432987574349606,-0.0815005293744559,-0.19462521637971,-0.113124687005254
"320288",0.0128467247513115,0.0771424796652795,0.0461323395923959,0.0310101400728836,0.064295754913968,0.0332856148410845
"269327",2.75746653433018,0.795135401707417,1.46656224636968,-0.67142684466226,-1.96233113262277,-1.29090428796051
"77978",0.126486048744022,0.268192411605227,0.196637795353915,0.0715546162513113,0.141706362861205,0.0701517466098938
"213179",1.43146826294371,0.805985886859079,1.03927399427354,-0.233288107414456,-0.625482376084627,-0.392194268670171
"325968",2.07363516971754,0.507118441480407,1.06394811719168,-0.55682967571127,-1.56651672823713,-1.00968705252586
"417079",0.183140266908039,0.149569336126047,0.165330687372305,-0.0157613512462583,-0.0335709307819923,-0.017809579535734
"294756",1.41735697265178,0.330463485776804,0.739672433364994,-0.40920894758819,-1.08689348687497,-0.677684539286783
"26879",0.180649594327697,0.348444872484738,0.26558299784911,0.0828618746356282,0.167795278157041,0.0849334035214127
"554603",1.35388056983742,0.681209100038968,0.922916871988757,-0.24170777194979,-0.672671469798448,-0.430963697848659
"149685",0.104648231208067,0.12876015109575,0.117808347697379,0.0109518033983714,0.0241119198876831,0.0131601164893117
"216552",0.266941719333035,0.204067232959085,0.233050466283042,-0.0289832333239563,-0.0628744863739491,-0.0338912530499928
"382099",3.09859928170104,1.17597426456946,1.9088160810005,-0.732841816431045,-1.92262501713158,-1.18978320070053
"246139",0.121800571902478,0.166983801979429,0.145502944147649,0.0214808578317794,0.0451832300769509,0.0237023722451714
"138984",1.24397364302984,0.501986349867131,0.806311707239515,-0.304325357372384,-0.74198729316271,-0.437661935790325
"174024",0.183410604775418,0.0554116002413243,0.114728238852253,-0.0593166386109286,-0.127999004534094,-0.068682365923165
"54863",0.0707033744421543,0.0661738176707291,0.0681940285021482,-0.00202021083141904,-0.00452955677142515,-0.00250934594000611
"471008",0.0670395311423121,0.0708595359531187,0.0691211543682649,0.00173838158485384,0.00382000481080656,0.00208162322595272
"552332",0.0946400951680311,0.137418385073031,0.116575918856641,0.02084246621639,0.0427782899050001,0.0219358236886101
"135701",0.0211860009386251,0.0307567353226602,0.0260207117645588,0.00473602355810137,0.00957073438403515,0.00483471082593378
"204144",0.372506074700906,0.197915430224437,0.285286227766117,-0.0873707975416805,-0.174590644476469,-0.0872198469347888
"123938",0.60213018093675,0.335389138856239,0.448188407775112,-0.112799268918873,-0.266741042080511,-0.153941773161638
"196509",0.0672525881157775,0.0456860063044204,0.0562294038796776,-0.0105433975752572,-0.0215665818113571,-0.0110231842360999
"486381",0.0614426205018641,0.165790560918705,0.113004362643935,0.0527861982747706,0.104347940416841,0.0515617421420708
"196258",0.670716108607832,0.172868485575446,0.364827450810992,-0.191958965235547,-0.497847623032386,-0.305888657796839
"78865",0.0371159200616672,0.0853133155425377,0.0625195487927112,0.0227937667498265,0.0481973954808704,0.025403628731044
"85222",0.0901994513308126,0.153380722877899,0.122215997464359,0.0311647254135401,0.0631812715470864,0.0320165461335464
"565033",0.251867844934992,0.0835855445102345,0.163437279379201,-0.0798517348689666,-0.168282300424758,-0.0884305655557909
"333903",0.21212744313039,0.227034692242083,0.220190492889339,0.00684419935274355,0.0149072491116933,0.00806304975894975
"18820",1.41418267075572,0.261988522758461,1.41418267075572,-1.15219414799726,-1.15219414799726,0
"244779",0.310209617891413,0.695907534800492,0.475228401893828,0.220679132906664,0.385697916909079,0.165018784002415
"453579",0.227610409983658,0.313687911928533,0.271806609366318,0.0418813025622146,0.0860775019448747,0.04419619938266
"51326",0.0583254867669394,0.0830296337161531,0.0710859866346877,0.0119436470814655,0.0247041469492137,0.0127604998677482
"149391",0.241756318500841,0.21096210663219,0.225824542057068,-0.0148624354248778,-0.0307942118686504,-0.0159317764437726
"476805",0.121046828270937,0.169535602659126,0.146151271067015,0.023384331592111,0.0484887743881895,0.0251044427960786
"351532",1.20752026145766,0.237046309437359,1.20752026145766,-0.9704739520203,-0.9704739520203,0
"328831",0.21434717258239,0.204081709222316,0.209268725480578,-0.00518701625826212,-0.0102654633600748,-0.00507844710181271
"29861",0.072653366752198,0.0889301206736092,0.0810624550560969,0.00786766561751233,0.0162767539214113,0.00840908830389894
"149220",0.0727661630961158,0.0693521970405223,0.0709148469062033,-0.00156264986568104,-0.00341396605559351,-0.00185131618991247
"188705",0.596471224052065,0.258976521693141,0.392320474778026,-0.133343953084886,-0.337494702358924,-0.204150749274038
"81725",2.42015243172712,0.89917862201585,1.40061324023766,-0.501434618221813,-1.52097380971127,-1.01953919148945
"319629",0.449452741614085,0.24233127256972,0.32108722551815,-0.0787559529484295,-0.207121469044364,-0.128365516095935
"483173",0.0188830529278215,0.0734800982161761,0.0454939932611511,0.027986104955025,0.0545970452883546,0.0266109403333296
"551315",10,0.621727513150092,10,-9.37827248684991,-9.37827248684991,0
"34843",0.0217216136719998,0.0356913236819889,0.0290838574051477,0.00660746627684126,0.0139697100099892,0.0073622437331479
"170794",1.2461507580813,0.362331492085534,0.694509276364984,-0.332177784279451,-0.883819265995769,-0.551641481716318
"457851",0.0964521949269501,0.1543855253743,0.126884520599605,0.0275010047746945,0.0579333304473498,0.0304323256726553
"389288",0.324636276885272,0.315967912192484,0.319373840240113,-0.00340592804762951,-0.00866836469278848,-0.00526243664515896
"258937",0.0143552562952622,0.0925161971466637,0.0542986708439351,0.0382175263027286,0.0781609408514015,0.0399434145486729
"446055",0.134414341205078,0.162117263139738,0.148991530804035,0.0131257323357029,0.0277029219346601,0.0145771895989572
"65129",0.167210705820216,0.232909578178364,0.202122473662703,0.0307871045156609,0.0656988723581477,0.0349117678424868
"26345",0.12166183793009,0.116590966373272,0.118865305109484,-0.00227433873621152,-0.00507087155681803,-0.0027965328206065
"316643",2.14213920157444,0.401869741287272,2.14213920157444,-1.74026946028717,-1.74026946028717,0
"309906",3.26289548196897,0.787931390179553,1.65322911144196,-0.865297721262408,-2.47496409178941,-1.60966637052701
"291878",3.59718721805374,0.337872442090676,3.59718721805374,-3.25931477596306,-3.25931477596306,0
"225995",0.0903142923551963,0.111160142657124,0.102132647837327,0.00902749481979645,0.0208458503019273,0.0118183554821309
"446832",0.81217822457207,0.273056355836815,0.500568730398965,-0.22751237456215,-0.539121868735255,-0.311609494173104
"308733",0.0522099648966143,0.0818359747391238,0.0673532243203276,0.0144827504187962,0.0296260098425095,0.0151432594237132
"538446",0.220316107151238,0.291835395718215,0.258150631647116,0.0336847640710994,0.0715192885669767,0.0378345244958773
"184525",0.437616823782965,0.411225871183521,0.422411807793888,-0.0111859366103673,-0.026390952599444,-0.0152050159890767
"369671",0.529043633390512,0.623424548037779,0.583722810591397,0.0397017374463817,0.0943809146472672,0.0546791772008854
"188211",1.6484661126884,0.704965313248425,1.05401386230737,-0.349048549058945,-0.943500799439979,-0.594452250381034
"146463",0.0921974534347838,0.0970331644131213,0.0948467537644355,0.0021864106486858,0.00483571097833743,0.00264930032965163
"39533",0.0111805207784328,0.0731093362355776,0.0449923681874835,0.028116968048094,0.0619288154571448,0.0338118474090507
"425646",0.848871131282262,0.466530693579739,0.606221180375328,-0.139690486795589,-0.382340437702523,-0.242649950906934
"89427",0.0686103651792018,0.0912975490574968,0.0806254498575405,0.0106720991999563,0.022687183878295,0.0120150846783387
"10037",0.0803697986742168,0.0689038690585576,0.0746067070002658,-0.00570283794170817,-0.0114659296156592,-0.00576309167395106
"443935",3.84342107472991,0.306056492054632,3.84342107472991,-3.53736458267528,-3.53736458267528,0
"255584",0.0391222224913688,0.0523823767631499,0.0460862487569756,0.00629612800617434,0.0132601542717811,0.00696402626560675
"324904",0.171256479585665,0.190256265867032,0.181112864655569,0.00914340121146287,0.0189997862813666,0.00985638506990369
"295041",1.29872608679989,0.391539326160313,0.741903500316382,-0.350364174156069,-0.907186760639579,-0.55682258648351
"237497",0.778031833224585,0.322650837633102,0.520646023964916,-0.197995186331814,-0.455380995591483,-0.257385809259669
"196950",0.689807095585986,0.34635306008554,0.493512167998717,-0.147159107913177,-0.343454035500446,-0.196294927587269
"553105",0.022109761411522,0.115029484642545,0.0751418128490217,0.0398876717935233,0.092919723231023,0.0530320514374997
"26454",2.20386571038553,0.796711439365105,1.2725052755502,-0.475793836185097,-1.40715427102042,-0.931360434835326
"496625",0.00870468318445008,0.0608773842645134,0.0357395814679682,0.0251378027965452,0.0521727010800633,0.0270348982835181
"36339",0.376179061760689,0.30857689679361,0.334830099515217,-0.026253202721607,-0.067602164967079,-0.041348962245472
"196954",0.606259611242719,0.368394256659373,0.459851107482579,-0.0914568508232058,-0.237865354583346,-0.14640850376014
"26973",0.0849932491769652,0.0540851691087103,0.0686992418300615,-0.0146140727213512,-0.0309080800682548,-0.0162940073469037
"226159",0.156019493461128,0.288055348049489,0.223138181695643,0.0649171663538459,0.132035854588361,0.0671186882345156
"369489",0.0732344151391936,0.151091420484111,0.114171001987291,0.0369204184968192,0.0778570053449171,0.0409365868480979
"35839",0.461229255264101,0.226287084523824,0.307529870030384,-0.0812427855065593,-0.234942170740277,-0.153699385233718
"450798",2.8167369840124,0.621879841669988,1.29061649937716,-0.668736657707171,-2.19485714234241,-1.52612048463524
"460986",0.828879553998357,0.235892460774819,0.472681371812905,-0.236788911038086,-0.592987093223538,-0.356198182185452
"69972",0.201770655053748,0.168264758551619,0.18460181939994,-0.0163370608483214,-0.0335058965021297,-0.0171688356538083
"78693",0.118546797249832,0.0958718710415938,0.107235268656829,-0.0113633976152354,-0.0226749262082385,-0.0113115285930031
"188291",0.413095875656344,0.342073484465667,0.378424577983634,-0.0363510935179671,-0.0710223911906772,-0.0346712976727101
"352660",2.33031422541654,0.33480973290267,2.33031422541654,-1.99550449251387,-1.99550449251387,0
"42080",0.0254096583494392,0.127013199166927,0.0789252153344444,0.0480879838324831,0.101603540817488,0.0535155569850052
"181746",0.0899207684922253,0.165966377653036,0.128699034547954,0.0372673431050819,0.0760456091608104,0.0387782660557285
"160313",0.0255862280235277,0.0750554841608405,0.0511975515947436,0.0238579325660968,0.0494692561373128,0.0256113235712159
"321328",0.58785263728068,0.527165427365647,0.556936460287613,-0.029771032921966,-0.0606872099150334,-0.0309161769930674
"25307",1.01891540241019,0.423636470200471,0.649670035452327,-0.226033565251856,-0.595278932209719,-0.369245366957863
"505967",1.43515138897624,0.230855661725767,1.43515138897624,-1.20429572725047,-1.20429572725047,0
"248252",0.102459293236016,0.21027827931961,0.161794989311925,0.0484832900076853,0.107818986083595,0.0593356960759093
"101349",0.205501971548763,0.27289701158258,0.241570082930661,0.0313269286519183,0.0673950400338164,0.0360681113818981
"145096",0.0840551383174896,0.143560461366158,0.118184871485271,0.025375589880887,0.0595053230486683,0.0341297331677813
"576040",0.0329213578389275,0.112921107354941,0.0747893992399663,0.0381317081149747,0.0799997495160135,0.0418680414010388
"445945",7.06737963604283,1.39359679756797,2.80887463757274,-1.41527784000478,-5.67378283847486,-4.25850499847009
"201519",0.0684255549201526,0.140265409368959,0.10409831989799,0.0361670894709688,0.0718398544488066,0.0356727649778378
"97262",0.950564317361017,0.330628759968527,0.537951990231102,-0.207323230262575,-0.61993555739249,-0.412612327129915
"224394",0.0338045632748289,0.160334179678522,0.102778824106487,0.057555355572035,0.126529616403693,0.0689742608316584
"557156",1.49819585681935,0.552182021974509,0.961629000968566,-0.409446978994057,-0.946013834844844,-0.536566855850788
"178522",0.093467239528778,0.148422699959459,0.1217907703411,0.0266319296183586,0.0549554604306807,0.0283235308123221
"208182",0.00902697367439572,0.0663104463458858,0.0385593319204319,0.0277511144254539,0.05728347267149,0.0295323582460362
"127196",0.692740513325689,0.278546244422787,0.452517906170639,-0.173971661747852,-0.414194268902902,-0.240222607155051
"543854",0.257795519826389,0.153574608048197,0.200925032252677,-0.0473504242044793,-0.104220911778192,-0.0568704875737123
"419678",0.092150399644188,0.110060630476227,0.10124000325627,0.00882062721995625,0.0179102308320388,0.00908960361208253
"308072",0.47681904139093,0.203174028756055,0.303860846787485,-0.10068681803143,-0.273645012634875,-0.172958194603445
"443997",5.85257319132934,1.61193456621701,2.68981410115268,-1.07787953493567,-4.24063862511234,-3.16275909017667
"515401",0.154611737841642,0.102933600522059,0.126192461326852,-0.0232588608047927,-0.0516781373195823,-0.0284192765147896
"151404",0.0569150380660371,0.0334756485968612,0.0449423008108465,-0.0114666522139853,-0.0234393894691759,-0.0119727372551907
"502720",0.150526288459708,0.163184804202572,0.157569832556354,0.00561497164621785,0.0126585157428638,0.00704354409664598
"406532",0.138880413116818,0.188852045965685,0.165958526193104,0.0228935197725809,0.0499716328488672,0.0270781130762863
"463264",0.0658308414542269,0.0813053569596996,0.0740899733937217,0.00721538356597796,0.0154745155054728,0.00825913193949479
"282293",0.303410250227994,0.111267866266826,0.200165530015477,-0.0888976637486508,-0.192142383961167,-0.103244720212516
"467813",0.0567755140012348,0.0471117678847906,0.0519526364158774,-0.00484086853108684,-0.00966374611644425,-0.00482287758535741
"369488",0.0257514726717209,0.115132661524746,0.0739572510983094,0.0411754104264364,0.0893811888530249,0.0482057784265885
"389544",0.543921094037658,0.302195342560744,0.40200799230633,-0.0998126497455855,-0.241725751476914,-0.141913101731328
"70416",0.0731237172814787,0.179487391700812,0.125737780297754,0.0537496114030581,0.106363674419334,0.0526140630162755
"261723",0.508084371898882,0.275019562056813,0.369579077378415,-0.0945595153216026,-0.233064809842069,-0.138505294520466
"462321",1.05958368915043,0.530618828897416,0.743555858755262,-0.212937029857846,-0.528964860253018,-0.316027830395172
"135070",0.201859113577834,0.153227286723183,0.175709372323392,-0.0224820856002087,-0.0486318268546508,-0.026149741254442
"55194",10,1.43057230079285,10,-8.56942769920715,-8.56942769920715,0
"460777",0.0398019532751827,0.123837098084881,0.081919016719553,0.0419180813653275,0.0840351448096979,0.0421170634443703
"167492",1.50026503476893,0.539014757981313,0.95445361955188,-0.415438861570568,-0.961250276787617,-0.54581141521705
"515680",0.233307393437095,0.352180778024111,0.288300935537659,0.0638798424864517,0.118873384587016,0.0549935421005645
"254705",0.0476569638343924,0.139657684816513,0.0947002087405979,0.0449574760759147,0.0920007209821202,0.0470432449062055
"174540",4.61256572857453,0.693198715886589,4.61256572857453,-3.91936701268794,-3.91936701268794,0
"80333",0.104724927654317,0.0828890909430652,0.0930436094196809,-0.0101545184766157,-0.021835836711252,-0.0116813182346363
"493488",0.0724040896628868,0.13896184186607,0.106215897198286,0.0327459446677838,0.0665577522031827,0.033811807535399
"249176",1.58312947087585,0.690382504185836,1.01810437902063,-0.327721874834798,-0.892746966690011,-0.565025091855213
"485086",0.204651483743189,0.165315569949454,0.18308336837422,-0.0177677984247659,-0.0393359137937354,-0.0215681153689695
"143382",0.156457766036936,0.16083993552823,0.158790884543844,0.00204905098438662,0.00438216949129408,0.00233311850690746
"533993",0.0540714024967863,0.123440182680711,0.0881869439557075,0.0352532387250036,0.0693687801839248,0.0341155414589212
"439138",0.849031130136322,0.461136016563159,0.640828510966764,-0.179692494403605,-0.387895113573163,-0.208202619169558
"86416",0.0191667499228357,0.031013791936169,0.0257664290515211,0.00524736288464787,0.0118470420133333,0.00659967912868543
"134304",0.140880929760782,0.135965804461939,0.138215083239784,-0.00224927877784573,-0.00491512529884339,-0.00266584652099766
"460814",0.0595329949334928,0.106293586772389,0.0877858008574098,0.0185077859149788,0.0467605918388958,0.028252805923917
"214380",0.103598396810858,0.187100487112159,0.143802005440347,0.0432984816718119,0.0835020903013005,0.0402036086294886
"436390",0.279138960738066,0.135931636221963,0.19647180687178,-0.0605401706498172,-0.143207324516104,-0.0826671538662863
"133457",0.1115185174365,0.13598994872732,0.124142424544224,0.011847524183096,0.0244714312908198,0.0126239071077238
"237323",0.0563852431746254,0.110981976195326,0.0853150585891617,0.0256669176061646,0.0545967330207009,0.0289298154145363
"120848",0.28138171383572,0.229100992401993,0.25394087842656,-0.0248398860245673,-0.0522807214337271,-0.0274408354091598
"390386",1.40209635706062,0.592463729164267,0.942150709165819,-0.349686980001551,-0.80963262789635,-0.459945647894799
"537519",0.0384851143325156,0.119197315564929,0.0789404789872373,0.0402568365776913,0.080712201232413,0.0404553646547217
"484747",1.65664231596868,0.787338321105101,1.12178454057991,-0.334446219474805,-0.869303994863581,-0.534857775388776
"55730",0.592421363968284,0.309154954359539,0.425985448481449,-0.116830494121909,-0.283266409608744,-0.166435915486835
"150374",0.0300145639258142,0.0616430019625738,0.0471638048947779,0.014479197067796,0.0316284380367596,0.0171492409689636
"175193",0.115344245795884,0.117567457021025,0.116382722003954,0.00118473501707166,0.00222321122514121,0.00103847620806956
"568785",1.67031998306761,0.697985118700097,1.06105269539938,-0.363067576699283,-0.972334864367517,-0.609267287668235
"205138",0.0599404622878425,0.137260720830568,0.0998043841661316,0.0374563366644362,0.0773202585427252,0.039863921878289
"318907",0.413658249570233,0.505421961842033,0.462359908548305,0.0430620532937285,0.0917637122718009,0.0487016589780723
"85620",0.0199041026522843,0.0243251025403882,0.0220913953089712,0.00223370723141701,0.00442099988810396,0.00218729265668695
"426790",1.10653400451181,0.325644612539226,0.601449506027403,-0.275804893488177,-0.780889391972588,-0.505084498484411
"7597",0.483874393399389,0.288464586611961,0.38709780378416,-0.0986332171721991,-0.195409806787429,-0.0967765896152297
"421813",0.0135248440283924,0.0720147308606537,0.0453116900405597,0.026703040820094,0.0584898868322613,0.0317868460121673
"259236",2.03210937740027,0.4205228613439,0.964705067741196,-0.544182206397296,-1.61158651605637,-1.06740430965908
"266648",1.97992179740219,0.373085841284731,1.97992179740219,-1.60683595611746,-1.60683595611746,0
"132695",0.658498240940052,0.401851641776545,0.518918432972768,-0.117066791196223,-0.256646599163507,-0.139579807967284
"289431",0.0646535380128755,0.0560868507642418,0.059787665462785,-0.00370081469854321,-0.00856668724863369,-0.00486587255009047
"342028",0.0678320283753631,0.0861102356979741,0.0768143532388912,0.00929588245908292,0.018278207322611,0.00898232486352811
"330632",1.77752429917483,0.64402403954218,1.15688690094208,-0.512862861399897,-1.13350025963265,-0.620637398232751
"121895",0.18386157995812,0.210141381528231,0.197374926067796,0.0127664554604345,0.0262798015701106,0.0135133461096762
"251518",0.699065614623146,0.198706284683688,0.385264455249116,-0.186558170565428,-0.500359329939458,-0.313801159374031
"294799",0.245576388683663,0.296587367085219,0.27127008144074,0.0253172856444794,0.051010978401556,0.0256936927570766
"486432",1e-08,0.0633015775619486,0.0354113807132689,0.0278901968486797,0.0633015675619486,0.0354113707132689
"434649",0.0447282659805215,0.139641950200844,0.0937904698765273,0.0458514803243169,0.0949136842203227,0.0490622038960058
"143545",6.0873224788775,0.675406418759507,6.0873224788775,-5.411916060118,-5.411916060118,0
"333820",0.562044982505302,0.333505147913433,0.426593374163807,-0.0930882262503742,-0.228539834591869,-0.135451608341495
"116190",0.337236435322745,0.320125021605023,0.328003251170706,-0.00787822956568313,-0.0171114137177216,-0.00923318415203844
"433374",0.238355356403953,0.411799494862382,0.318716240287364,0.0930832545750175,0.173444138458429,0.0803608838834111
"481573",0.193356010820095,0.29257427602085,0.243242142706114,0.0493321333147365,0.0992182652007554,0.0498861318860189
"372822",0.346903452846104,0.277644764921678,0.303810668270699,-0.0261659033490212,-0.0692586879244264,-0.0430927845754052
"278924",0.174685885883593,0.139868243649552,0.154956562079468,-0.0150883184299169,-0.0348176422340413,-0.0197293238041244
"481274",0.0102332181728418,0.048255901515951,0.0296542740444808,0.0186016274714702,0.0380226833431092,0.019421055871639
"472561",0.667203806020315,0.563264518855675,0.61395146776274,-0.0506869489070654,-0.10393928716464,-0.0532523382575749
"564784",0.101385140787911,0.06697483447774,0.0834301052477879,-0.0164552707700479,-0.0344103063101711,-0.0179550355401232
"100410",0.0618043117049223,0.129782010556186,0.0985066091858905,0.0312754013702957,0.0679776988512638,0.0367022974809681
"478694",0.208704346265301,0.0954991232663302,0.138598609508417,-0.0430994862420871,-0.113205222998971,-0.0701057367568838
"508497",0.305853198041879,0.24119831082749,0.272259554804814,-0.0310612439773239,-0.0646548872143895,-0.0335936432370656
"444365",0.411992503448208,0.419593823303334,0.41553375764807,0.00406006565526384,0.0076013198551253,0.00354125419986145
"316549",1.05567943464622,0.52166377894507,0.73677199966049,-0.21510822071542,-0.53401565570115,-0.318907434985729
"359645",0.102207055613435,0.0608366670027203,0.0808969307977746,-0.0200602637950544,-0.0413703886107151,-0.0213101248156608
"305241",0.322430744225328,0.16876644807862,0.242096801980988,-0.0733303539023674,-0.153664296146708,-0.0803339422443403
"195397",0.186443398238399,0.245237610558053,0.218168550840927,0.0270690597171261,0.0587942123196533,0.0317251526025271
"91430",1.76577754135892,0.558229061988219,0.983041224732109,-0.424812162743889,-1.20754847937071,-0.782736316626816
"319358",0.0444661990032852,0.166939976054105,0.105572292833749,0.0613676832203568,0.12247377705082,0.0611060938304633
"483335",0.0970914903947411,0.167500396328367,0.134562781396556,0.0329376149318115,0.0704089059336263,0.0374712910018148
"293631",0.196803099355878,0.276332330426183,0.247012876259351,0.0293194541668324,0.0795292310703056,0.0502097769034732
"335443",0.224807209151483,0.211401131530978,0.217805078769096,-0.00640394723811827,-0.0134060776205053,-0.00700213038238701
"135275",0.0707120316781771,0.067038495839209,0.0686239736092921,-0.00158547777008303,-0.00367353583896801,-0.00208805806888498
"93581",0.0504234805750495,0.0887829413751591,0.0716392030942216,0.0171437382809375,0.0383594608001096,0.0212157225191721
"389370",0.29769481922307,0.0882038793562454,0.187056461580488,-0.0988525822242425,-0.209490939866825,-0.110638357642582
"39508",1.50409344680141,0.586729394677736,0.914686293501511,-0.327956898823776,-0.917364052123679,-0.589407153299903
"74996",0.0165122005175118,0.0615471008013305,0.0386992201342983,0.0228478806670322,0.0450349002838187,0.0221870196167865
"373027",0.067417473354973,0.144654811825961,0.107674951076149,0.0369798607498112,0.0772373384709877,0.0402574777211765
"373019",1.24672240380422,0.239842385047018,1.24672240380422,-1.0068800187572,-1.0068800187572,0
"130653",0.0472314212002964,0.071959052427183,0.0602181190383799,0.0117409333888031,0.0247276312268866,0.0129866978380835
"562644",0.0544514498090639,0.15636910276516,0.10785141565606,0.0485176871090997,0.101917652956096,0.0533999658469965
"548243",0.0693020564370469,0.162328754175358,0.119356889829602,0.0429718643457564,0.0930266977383112,0.0500548333925548
"253918",0.145247797759219,0.269100367051298,0.211124682467768,0.0579756845835298,0.123852569292079,0.0658768847085487
"59914",1e-08,0.0502170650110861,0.0260172249305019,0.0241998400805843,0.0502170550110861,0.0260172149305019
"153645",0.30290673979034,0.341462985127213,0.325975909173123,0.0154870759540904,0.0385562453368734,0.023069169382783
"305849",0.0767600767409246,0.0934331517056478,0.0859944957947381,0.0074386559109097,0.0166730749647232,0.00923441905381354
"106165",0.0212159039508618,0.135358622611708,0.0795527481860867,0.0558058744256213,0.114142718660846,0.0583368442352249
"123346",0.701923002525601,0.256515248764812,0.443703375562732,-0.18718812679792,-0.445407753760789,-0.258219626962869
"227628",0.100333948684668,0.0963879499009576,0.0977604612874158,-0.00137251138645818,-0.00394599878371041,-0.00257348739725223
"194849",0.304186555306971,0.135536683866082,0.218689500052972,-0.0831528161868897,-0.168649871440889,-0.0854970552539994
"358691",0.0602800711141144,0.124831203804345,0.0938048660807396,0.0310263377236051,0.0645511326902303,0.0335247949666252
"149735",0.114351064754788,0.142877660132364,0.128768197382283,0.0141094627500806,0.0285265953775757,0.0144171326274951
"135876",1e-08,0.0791813390484281,0.0435020606507186,0.0356792783977095,0.0791813290484281,0.0435020506507186
"34895",0.878209255915464,0.622368441318025,0.725995338627144,-0.103626897309119,-0.255840814597439,-0.15221391728832
"435580",0.396931670796122,0.220899360139214,0.283677190776015,-0.0627778306368008,-0.176032310656907,-0.113254480020107
"362260",0.191783410496174,0.257845333155136,0.224744890899714,0.033100442255422,0.0660619226589625,0.0329614804035405
"338866",0.983313948866225,0.546081218674663,0.723698625706522,-0.177617407031858,-0.437232730191561,-0.259615323159703
"149999",1.38414395609458,1.2331101425419,1.29801961350091,-0.0649094709590083,-0.151033813552682,-0.086124342593674
"135928",0.0159347999063966,0.106425943133345,0.0619935147087098,0.0444324284246353,0.0904911432269485,0.0460587148023132
"129647",0.0655074237781403,0.166357980684904,0.120732500621613,0.0456254800632909,0.100850556906764,0.055225076843473
"482094",0.946386772143189,0.319277076125031,0.596401816241957,-0.277124740116926,-0.627109696018158,-0.349984955901232
"220838",0.257397668922518,0.244825011876214,0.250740086037496,-0.00591507416128284,-0.0125726570463045,-0.00665758288502166
"220158",0.542370264578986,0.303839939859036,0.401762085801304,-0.0979221459422673,-0.238530324719949,-0.140608178777682
"521246",7.04800836992442,1.52158522201483,2.9766313823944,-1.45504616037957,-5.5264231479096,-4.07137698753002
"418114",0.901764828531726,0.230194503164972,0.504283569460057,-0.274089066295085,-0.671570325366754,-0.397481259071669
"521053",0.152297871004925,0.178295737253378,0.167053616889339,0.0112421203640392,0.0259978662484529,0.0147557458844136
"324888",2.95132391256559,0.963668468507106,1.6939080920553,-0.73023962354819,-1.98765544405848,-1.25741582051029
"481991",1.68184634511376,0.230299136133974,1.68184634511376,-1.45154720897978,-1.45154720897978,0
"542423",1.97537578354742,0.162299061245282,1.97537578354742,-1.81307672230214,-1.81307672230214,0
"10609",0.130691237650011,0.253080328076016,0.191472232312617,0.061608095763399,0.122389090426005,0.0607809946626059
"276772",0.0261054644720171,0.0696348800051185,0.0475569391093412,0.0220779408957774,0.0435294155331014,0.021451474637324
"361910",0.636050995860979,0.397146120903293,0.502171756107283,-0.105025635203989,-0.238904874957686,-0.133879239753697
"80054",3.38909438054928,0.466473749249654,3.38909438054928,-2.92262063129963,-2.92262063129963,0
"377161",0.0169274641306953,0.047794476193937,0.0329906693715117,0.0148038068224252,0.0308670120632417,0.0160632052408165
"412767",0.458205765664333,0.337739062320628,0.385209921067971,-0.0474708587473424,-0.120466703343705,-0.0729958445963624
"274893",0.775997325344311,0.35056436658635,0.536603700496715,-0.186039333910365,-0.425432958757961,-0.239393624847596
"392434",1.71955732209717,1.0506459674328,1.33186266600778,-0.281216698574982,-0.668911354664368,-0.387694656089386
"10733",0.26675436269969,0.245390016192147,0.256088542836927,-0.0106985266447796,-0.021364346507543,-0.0106658198627634
"435955",0.0621083403111546,0.162310465837851,0.11254792973133,0.0497625361065219,0.100202125526697,0.050439589420175
"10017",0.169701906607721,0.0349613382789941,0.0940894363992259,-0.0591280981202318,-0.134740568328727,-0.0756124702084947
"512105",0.663194934930851,0.207427962799227,0.386726027754306,-0.179298064955079,-0.455766972131624,-0.276468907176544
"76415",1.13463015267352,0.349140391301597,0.631536340469121,-0.282395949167523,-0.785489761371926,-0.503093812204402
"181691",0.32157181127676,0.175456120168836,0.245725515871044,-0.0702693957022075,-0.146115691107924,-0.0758462954057164
"266276",0.0192853203295649,0.0716918698303621,0.0454792468998005,0.0262126229305616,0.0524065495007973,0.0261939265702356
"266405",0.507620094731043,0.319472203890227,0.399108615222281,-0.0796364113320545,-0.188147890840817,-0.108511479508762
"200037",0.119620029334883,0.143642107709231,0.133297090799527,0.0103450169097045,0.0240220783743484,0.0136770614646439
"486050",0.0137472593579983,0.0197196745462461,0.0166629486993453,0.00305672584690079,0.00597241518824773,0.00291568934134694
"358364",0.196479120249218,0.223576135688528,0.211191430024713,0.0123847056638156,0.0270970154393105,0.0147123097754949
"315580",0.164570513320585,0.258119834958701,0.211588702084497,0.0465311328742037,0.0935493216381163,0.0470181887639126
"370308",0.642537184830195,0.187606678221046,0.409414267822895,-0.221807589601849,-0.45493050660915,-0.233122917007301
"5796",0.0473511382879207,0.0479030910733631,0.0477212959545095,0.000181795118853606,0.000551952785442421,0.000370157666588815
"430877",0.0564879779724221,0.160288351839553,0.10834240447934,0.051945947360213,0.103800373867131,0.0518544265069179
"531671",0.015542288628642,0.0922213284912154,0.0549553695354112,0.0372659589558042,0.0766790398625734,0.0394130809067692
"338747",0.00938182405605794,0.0221593736216081,0.0155630017139534,0.00659637190765467,0.0127775495655501,0.00618117765789545
"360713",0.084099236917372,0.195311787400179,0.140093054465066,0.0552187329351129,0.111212550482807,0.0559938175476939
"254944",0.405146653622019,0.272368171505921,0.322696650788193,-0.0503284792822725,-0.132778482116098,-0.082450002833826
"127730",3.24030039506258,0.39308868057604,3.24030039506258,-2.84721171448654,-2.84721171448654,0
"19037",0.0469544492169777,0.0259196104540207,0.0367319601134364,-0.0108123496594157,-0.021034838762957,-0.0102224891035413
"93873",2.26063032915702,0.758865080732494,1.36557058918421,-0.606705508451714,-1.50176524842453,-0.895059739972814
"336624",0.0773208788421342,0.142546216121004,0.110090160183297,0.0324560559377067,0.0652253372788696,0.032769281341163
"310010",0.896346617870999,0.325784625113042,0.516894049072615,-0.191109423959574,-0.570561992757957,-0.379452568798384
"295687",0.238752628826003,0.256418175598305,0.24776942677919,0.00864874881911495,0.0176655467723014,0.00901679795318644
"26283",1.37833075068286,1.00865899396448,1.1613420469056,-0.152683052941115,-0.369671756718377,-0.216988703777263
"255291",1.30851988832972,0.429537424912268,0.788997077517249,-0.359459652604981,-0.878982463417451,-0.51952281081247
"295238",1.86766183996974,0.667715679982456,1.12738191352279,-0.459666233540339,-1.19994615998729,-0.740279926446948
"548117",8.59304569137936,1.0438846362308,8.59304569137936,-7.54916105514855,-7.54916105514855,0
"338656",0.104835140859854,0.164605323590476,0.136603869264576,0.0280014543259002,0.0597701827306222,0.031768728404722
"129610",0.903999594826059,0.390759265684135,0.571115080128244,-0.180355814444109,-0.513240329141923,-0.332884514697814
"334102",1.46763161355914,0.342067093510712,0.775600601765419,-0.433533508254707,-1.12556452004843,-0.692031011793721
"536383",0.489175559986273,0.274893733571509,0.357022220801902,-0.082128487230393,-0.214281826414763,-0.13215333918437
"112879",0.0312843014994568,0.142997340773984,0.0899248948641296,0.0530724459098542,0.111713039274527,0.0586405933646728
"82915",0.180834434253289,0.17250375902932,0.176300174916077,-0.00379641588675725,-0.00833067522396955,-0.0045342593372123
"546634",0.405226763425486,0.315594043914999,0.351223013979164,-0.0356289700641644,-0.0896327195104872,-0.0540037494463228
"35612",0.198948395794334,0.234235013239623,0.216846069534034,0.0173889437055891,0.0352866174452893,0.0178976737397002
"121466",0.0263654751850129,0.0538890785091068,0.0407356856689006,0.0131533928402062,0.0275236033240939,0.0143702104838877
"66024",2.85586063784506,0.481476268413089,2.85586063784506,-2.37438436943197,-2.37438436943197,0
"518503",0.138675900536729,0.152780705835651,0.1460465016093,0.00673420422635126,0.0141048052989219,0.00737060107257065
"375337",0.0379028282990464,0.0483435831908038,0.0435426779834746,0.00480090520732921,0.0104407548917575,0.00563984968442825
"55754",0.126785453104014,0.213415303515859,0.170884814091181,0.0425304894246777,0.0866298504118454,0.0440993609871677
"378122",0.234004533463596,0.241693481827723,0.238115008787229,0.00357847304049372,0.00768894836412734,0.00411047532363362
"113691",0.00678669434788628,0.0504046903955446,0.0300946588646236,0.020310031530921,0.0436179960476583,0.0233079645167373
"456937",0.635428908677547,0.314557482226561,0.447507696849446,-0.132950214622886,-0.320871426450987,-0.187921211828101
"537505",0.175328844753691,0.0904576986911962,0.129978638876001,-0.0395209401848043,-0.0848711460624947,-0.0453502058776904
"346165",0.0461547872009115,0.15006510514435,0.0990274952148187,0.0510376099295318,0.103910317943439,0.0528727080139072
"77064",0.0634120153245778,0.173186779985364,0.117053783019386,0.0561329969659785,0.109774764660787,0.053641767694808
"223009",0.0694010042917307,0.0557171285331281,0.0625895889722367,-0.00687246043910857,-0.0136838757586026,-0.006811415319494
"60799",0.0122699295317246,0.0314212801303566,0.0223018392482878,0.00911944088206888,0.0191513505986321,0.0100319097165632
"28801",0.31562143585086,0.160598760875579,0.231054528352199,-0.0704557674766195,-0.155022674975281,-0.0845669074986617
"373820",0.484567672150291,0.201950216805257,0.30818385398904,-0.106233637183783,-0.282617455345033,-0.17638381816125
"241367",0.252361622386986,0.479541589568399,0.382907103739294,0.0966344858291051,0.227179967181413,0.130545481352308
"460712",0.739233228312689,0.282973104247415,0.42502276063778,-0.142049656390364,-0.456260124065274,-0.31421046767491
"485472",0.0337306677401447,0.0825864286234248,0.0576653906996872,0.0249210379237376,0.0488557608832801,0.0239347229595425
"489073",0.690516864464366,0.340595348841589,0.489701614280506,-0.149106265438916,-0.349921515622777,-0.200815250183861
"309143",1.48857591663739,0.633750806684758,0.94343794738155,-0.309687140696792,-0.854825109952636,-0.545137969255844
"139533",2.65196845400734,0.920982425641328,1.51791951759064,-0.59693709194931,-1.73098602836602,-1.13404893641671
"195205",0.170847096355728,0.299626416387622,0.234578063008755,0.0650483533788666,0.128779320031894,0.063730966653027
"61237",0.155408606843885,0.167937629217373,0.16223667190604,0.00570095731133277,0.0125290223734877,0.00682806506215494
"225345",0.16169017514547,0.192662566836858,0.177383359848327,0.0152792069885309,0.0309723916913878,0.0156931847028569
"86681",3.62350009312022,0.186910040155782,3.62350009312022,-3.43659005296444,-3.43659005296444,0
"121263",0.741101866331864,0.405440524111494,0.520380503435455,-0.114939979323961,-0.33566134222037,-0.220721362896409
"240351",0.215216276203933,0.206131344494564,0.210319744143958,-0.00418839964939352,-0.00908493170936872,-0.0048965320599752
"90257",0.0466653660136949,0.0526665546972174,0.0497032423681911,0.00296331232902625,0.0060011886835225,0.00303787635449625
"78197",0.000398579271313579,0.0838262647131842,0.0466262605283348,0.0372000041848494,0.0834276854418706,0.0462276812570212
"496186",0.185861957621379,0.11114830883365,0.146546681591523,-0.0353983727578733,-0.074713648787729,-0.0393152760298556
"321380",1.24268270261045,0.342060911308535,0.674891753636548,-0.332830842328013,-0.900621791301912,-0.567790948973899
"332608",1.20051638347488,0.291984048233835,0.607980233217261,-0.315996184983426,-0.908532335241044,-0.592536150257619
"328165",0.167618528782153,0.208293621026191,0.189488137919443,0.018805483106748,0.0406750922440379,0.0218696091372898
"472208",0.0369520803970869,0.128976410474199,0.0834235403510576,0.0455528701231419,0.0920243300771126,0.0464714599539708
"420481",0.104270547687681,0.141811587954139,0.123464952716572,0.0183466352375668,0.0375410402664573,0.0191944050288905
"120700",2.92827424716103,0.771454764540331,1.49691189914251,-0.725457134602181,-2.1568194826207,-1.43136234801852
"96208",1.83383105276816,0.485649868507794,0.946793912061541,-0.461144043553747,-1.34818118426036,-0.887037140706618
"321897",0.0311155451585377,0.115774543942223,0.0850489546554314,0.0307255892867917,0.0846589987836854,0.0539334094968937
"308299",0.0824921448707566,0.125064566585134,0.107108327089472,0.017956239495662,0.0425724217143772,0.0246161822187152
"170430",0.0944762968995355,0.0773760718139898,0.0853831172974469,-0.00800704548345708,-0.0171002250855457,-0.00909317960208864
"432048",0.365741906149748,0.307851040236204,0.330666306316485,-0.0228152660802812,-0.0578908659135442,-0.035075599833263
"333822",0.126355022646232,0.181250557767075,0.154106400712226,0.0271441570548492,0.0548955351208427,0.0277513780659936
"490869",0.178735231503183,0.171084115729981,0.174574397711705,-0.0034902819817241,-0.00765111577320204,-0.00416083379147794
"231701",0.133579637547636,0.151339253307458,0.142913305308588,0.00842594799887061,0.0177596157598226,0.00933366776095201
"424784",0.0966714057149777,0.203750540375573,0.150430627194982,0.0533199131805911,0.107079134660596,0.0537592214800046
"440082",0.838993552036885,0.311298200925775,0.477183594945172,-0.165885394019396,-0.52769535111111,-0.361809957091713
"151890",0.385543247506545,0.38985074857179,0.388053960824187,0.00179678774760328,0.0043075010652453,0.00251071331764202
"309485",0.550422978696522,0.279409002659754,0.390793876134367,-0.111384873474613,-0.271013976036768,-0.159629102562156
"394350",0.476605998752267,0.274629592964409,0.357512725324117,-0.0828831323597078,-0.201976405787858,-0.11909327342815
"173795",0.278854770660754,0.272448261652336,0.275627511409455,-0.0031792497571187,-0.00640650900841788,-0.00322725925129919
"45721",0.0127114771061014,0.0451168637856015,0.0301469168177697,0.0149699469678317,0.0324053866795,0.0174354397116683
"286608",0.115053988615871,0.193107461011494,0.153062482688259,0.0400449783232353,0.0780534723956225,0.0380084940723873
"80303",3.34591804242665,0.629997244296624,3.34591804242665,-2.71592079813003,-2.71592079813003,0
"371388",0.370608278514378,0.312196850859045,0.342400898038171,-0.0302040471791269,-0.0584114276553334,-0.0282073804762064
"379296",0.0523037638111516,0.140575245912211,0.100652050995507,0.0399231949167036,0.088271482101059,0.0483482871843554
"78817",0.109380754431085,0.187168679124938,0.149596371399872,0.0375723077250666,0.0777879246938533,0.0402156169687867
"502578",1.36360337339352,0.339580345214415,0.715309104441672,-0.375728759227256,-1.0240230281791,-0.648294268951848
"121589",1.59715849599492,0.816764897133971,1.11719091308735,-0.300426015953377,-0.780393598860952,-0.479967582907575
"62109",0.106401353017706,0.181135243390794,0.147025812207949,0.0341094311828452,0.0747338903730882,0.040624459190243
"558749",3.27995511542005,1.31454450491924,1.89596857097783,-0.581424066058595,-1.96541061050081,-1.38398654444221
"309036",0.396784727227103,0.205329334277785,0.275012662230295,-0.06968332795251,-0.191455392949319,-0.121772064996809
"237553",0.0290965500630931,0.0842205609274226,0.0607514897457983,0.0234690711816244,0.0551240108643296,0.0316549396827052
"26448",0.239389928396252,0.224312499749444,0.231745743251484,-0.00743324350204047,-0.0150774286468081,-0.00764418514476758
"295416",0.301861791023965,0.367490235699048,0.334891767223013,0.0325984684760349,0.0656284446750829,0.033029976199048
"341557",1.9078642378459,0.606228401986482,1.08990773010736,-0.483679328120876,-1.30163583585942,-0.81795650773854
"339707",1.66635306432764,0.68033423315985,1.0430235953492,-0.362689362189347,-0.986018831167792,-0.623329468978445
"505463",0.0370521967516788,0.217591914492838,0.13619515344096,0.081396761051878,0.180539717741159,0.0991429566892809
"76970",0.100919911251864,0.169513934233922,0.136449212242131,0.033064721991791,0.0685940229820582,0.0355293009902672
"407264",0.453611319876663,0.355482287498932,0.395559733542025,-0.0400774460430927,-0.0981290323777309,-0.0580515863346382
"21910",2.02235285756843,0.477947138745614,1.01759387951833,-0.539646740772713,-1.54440571882281,-1.0047589780501
"557766",0.681793256756249,0.545162847814597,0.598319740887149,-0.0531568930725512,-0.136630408941652,-0.0834735158691003
"378024",0.047122759360414,0.0750734952691283,0.0620295702108269,0.0130439250583015,0.0279507359087143,0.0149068108504128
"264495",0.0282243518796811,0.0507329263089891,0.0396999006883641,0.0110330256206249,0.022508574429308,0.011475548808683
"517466",0.195829876213892,0.160854509601902,0.178171177656702,-0.0173166680547992,-0.0349753666119899,-0.0176586985571907
"63759",0.066017478859374,0.144315330557633,0.106385788967372,0.0379295415902616,0.0782978516982595,0.0403683101079979
"509542",0.125186970927829,0.14881119711421,0.136841943437203,0.0119692536770063,0.0236242261863806,0.0116549725093743
"412522",0.964547094948056,0.640539518037026,0.77403908329494,-0.133499565257913,-0.324007576911029,-0.190508011653116
"19434",0.172528198002913,0.174522755229452,0.173684240219166,0.000838515010286756,0.00199455722653963,0.00115604221625287
"415503",0.620524439681719,0.308838286973953,0.437406327458383,-0.128568040484429,-0.311686152707766,-0.183118112223337
"447689",0.0739578275767216,0.151017296504407,0.113186725674193,0.0378305708302142,0.0770594689276856,0.0392288980974714
"436063",0.110798963918548,0.124854484505176,0.118432992487257,0.00642149201791854,0.0140555205866271,0.0076340285687086
"264079",0.08063322415882,0.148073374867721,0.116075911825153,0.0319974630425674,0.0674401507089009,0.0354426876663335
"39456",1.30424784911045,0.373431559915913,0.644167101065697,-0.270735541149784,-0.930816289194541,-0.660080748044757
"400662",0.118242973575762,0.287528911414224,0.198161315384412,0.0893675960298121,0.169285937838462,0.0799183418086498
"477970",0.0659136441637773,0.0726499690595799,0.0694156470818277,0.00323432197775221,0.00673632489580255,0.00350200291805033
"229991",0.569881505618806,0.61974509436728,0.595343249614855,0.0244018447524251,0.0498635887484741,0.0254617439960489
"474992",0.0406574160285819,0.0884226309416967,0.0665010379442708,0.0219215929974259,0.0477652149131148,0.025843621915689
"561230",0.512420309232957,0.293859641313522,0.382276051841833,-0.0884164105283108,-0.218560667919434,-0.130144257391123
"329711",1.01744901800364,0.424838155380796,0.642808373661306,-0.21797021828051,-0.59261086262284,-0.37464064434233
"576358",0.51398164056245,0.24603239319462,0.380598498598236,-0.134566105403616,-0.26794924736783,-0.133383141964214
"288498",0.0886729180157796,0.195850171712701,0.14400396424735,0.0518462074653508,0.107177253696921,0.0553310462315704
"436186",0.237712961224544,0.214970915721673,0.22545936870982,-0.0104884529881465,-0.0227420455028708,-0.0122535925147243
"198085",0.178669913025622,0.332282080126277,0.253448298346055,0.0788337817802224,0.153612167100656,0.0747783853204332
"175525",1.71794899696658,0.630134809489958,1.02870443849882,-0.398569629008861,-1.08781418747662,-0.689244558467762
"249925",1.11656589698097,0.599460001228552,0.81313836677811,-0.213678365549558,-0.51710589575242,-0.303427530202862
"74740",0.11405418592656,0.160046598464017,0.136393736332719,0.0236528621312982,0.0459924125374571,0.0223395504061589
"524299",0.175946317190941,0.193835701852417,0.185330211760191,0.00850549009222532,0.0178893846614757,0.0093838945692504
"315606",0.396385254028811,0.259902759938688,0.31173973213982,-0.0518369722011323,-0.136482494090124,-0.0846455218889913
"572234",4.78575455050377,1.38271236523331,2.52430606790392,-1.1415937026706,-3.40304218527046,-2.26144848259985
"194204",1.96742774248666,0.502036962306727,1.01310645703729,-0.511069494730568,-1.46539078017993,-0.954321285449365
"302067",1.93634049128403,0.451940924436013,0.952277671805933,-0.500336747369919,-1.48439956684802,-0.984062819478096
"531376",0.36696374537414,0.288430913571183,0.328706336767981,-0.0402754231967989,-0.078532831802957,-0.0382574086061581
"55788",0.181026320628267,0.370819439260779,0.28975712252451,0.0810623167362695,0.189793118632512,0.108730801896243
"31923",4.68826388742893,1.24186675561615,2.34440441748398,-1.10253766186784,-3.44639713181278,-2.34385946994494
"96706",5.07741663950122,1.22100196603564,2.47235908345194,-1.2513571174163,-3.85641467346558,-2.60505755604928
"153201",0.411545068778809,0.150708744582725,0.268970789778419,-0.118262045195694,-0.260836324196085,-0.14257427900039
"321546",0.0604221816306562,0.207451265340332,0.144971230341338,0.0624800349989935,0.147029083709675,0.084549048710682
"377738",0.219931052048913,0.150857756640878,0.181696628268671,-0.0308388716277931,-0.0690732954080353,-0.0382344237802421
"361194",0.186768922117281,0.234098380603098,0.211276514884814,0.0228218657182845,0.0473294584858174,0.024507592767533
"417596",0.0230376850740787,0.123961344239105,0.0724541399061068,0.0515072043329979,0.100923659165026,0.0494164548320281
"272727",0.0644527257656776,0.173782848764196,0.122192199000176,0.0515906497640204,0.109330122998518,0.057739473234498
"378332",10,2.86784582061801,5.14687710434982,-2.27903128373181,-7.13215417938199,-4.85312289565018
"38772",3.03101850845159,0.901947041755271,1.65041924620238,-0.748472204447113,-2.12907146669632,-1.38059926224921
"336066",0.112537248108562,0.188816121300271,0.151050638492326,0.0377654828079452,0.0762788731917094,0.0385133903837642
"169820",0.101651388888904,0.155308709812878,0.127500946133129,0.0278077636797483,0.0536573209239735,0.0258495572442252
"18017",0.518153205754194,0.401197958064695,0.452207916500459,-0.0510099584357641,-0.116955247689499,-0.0659452892537351
"323418",0.981008110413636,0.524326514240573,0.747906853092058,-0.223580338851486,-0.456681596173064,-0.233101257321578
"71530",0.0423953458305808,0.0483121404928998,0.0454213924818925,0.00289074801100733,0.00591679466231902,0.00302604665131169
"260356",0.310553613596853,0.214811280181375,0.257298191511337,-0.0424869113299624,-0.0957423334154784,-0.053255422085516
"528218",0.195435552265774,0.225510940341982,0.211169928915257,0.014341011426725,0.0300753880762075,0.0157343766494825
"91140",0.540209477624049,0.363195702262487,0.439527231213691,-0.0763315289512042,-0.177013775361562,-0.100682246410358
"5965",0.755077759672299,0.171906036881713,0.399377332825497,-0.227471295943784,-0.583171722790586,-0.355700426846802
"424638",0.115279587887801,0.15602498540331,0.136935927940521,0.0190890574627887,0.040745397515509,0.0216563400527203
"348467",0.94062060972426,0.41982378779863,0.659277762633927,-0.239453974835297,-0.52079682192563,-0.281342847090333
"11533",0.503826722119534,0.234838120286573,0.34055618211197,-0.105718061825397,-0.268988601832961,-0.163270540007565
"345001",0.176250406338079,0.1444961909316,0.159354451181671,-0.0148582602500711,-0.0317542154064798,-0.0168959551564088
"466126",0.0798503735846939,0.208865542492232,0.145941191473355,0.0629243510188762,0.129015168907538,0.0660908178886615
"486370",0.399766386448767,0.13870197159761,0.219465207536875,-0.0807632359392644,-0.261064414851157,-0.180301178911892
"455481",0.12266245051971,0.182154769717665,0.153048096975559,0.0291066727421061,0.0594923191979547,0.0303856464558486
"456953",0.0329982392231398,0.20738259605366,0.129772637391795,0.0776099586618651,0.17438435683052,0.0967743981686551
"241836",1.42718820865912,0.521280066506203,0.903286007993294,-0.382005941487091,-0.905908142152912,-0.523902200665822
"182993",0.626687761401491,0.317613429150367,0.443845960270725,-0.126232531120358,-0.309074332251124,-0.182841801130766
"111306",0.176502129376383,0.167714675972576,0.171527844516821,-0.00381316854424527,-0.00878745340380721,-0.00497428485956194
"530277",0.904053391132586,0.315349825973126,0.51092829614561,-0.195578470172484,-0.58870356515946,-0.393125094986976
"330575",0.33678804551739,0.223693290192567,0.26609396710514,-0.0424006769125737,-0.113094755324823,-0.0706940784122497
"107027",0.0921466728154637,0.120551981618966,0.108393038679513,0.0121589429394526,0.0284053088035022,0.0162463658640495
"61504",0.488078551794405,0.312028932635468,0.37988415855877,-0.0678552259233023,-0.176049619158937,-0.108194393235635
"391825",0.159708374987556,0.15978412631557,0.159766428875744,1.76974398255203e-05,7.57513280133515e-05,5.80538881878312e-05
"6460",0.213108922800753,0.228837098767516,0.221211417780123,0.00762568098739333,0.0157281759667629,0.0081024949793696
"574093",0.0511937504785398,0.104258887817201,0.0814699757976211,0.0227889120195798,0.0530651373386612,0.0302762253190813
"226223",0.319479208149735,0.399772440361602,0.366605709504124,0.0331667308574782,0.0802932322118667,0.0471265013543885
"57954",0.0982980883058577,0.106178407112198,0.102433374441731,0.00374503267046669,0.00788031880634026,0.00413528613587356
"514176",0.159812400218985,0.202120635439471,0.18200034960509,0.0201202858343813,0.0423082352204862,0.0221879493861049
"469825",0.216480405053401,0.120919958548729,0.164943550785778,-0.044023592237049,-0.0955604465046719,-0.0515368542676229
"321722",0.0582449370052096,0.158988359368549,0.108747040622702,0.0502413187458469,0.100743422363339,0.0505021036174925
"48125",0.599627146930093,0.308719548617976,0.429551731528585,-0.120832182910608,-0.290907598312117,-0.170075415401509
"380370",0.169755131464288,0.0667087971053873,0.114388337406915,-0.0476795403015272,-0.103046334358901,-0.0553667940573737
"302560",0.137303498826708,0.16936755228505,0.154222008550933,0.0151455437341174,0.0320640534583419,0.0169185097242245
"253601",0.248786985923742,0.24414525680632,0.246607294883781,-0.00246203807746054,-0.00464172911742189,-0.00217969103996135
"474617",1e-08,0.0445639116514594,0.0208389432380423,0.023724968413417,0.0445639016514594,0.0208389332380423
"292948",0.322853605778701,0.12400985849739,0.216105289499301,-0.0920954310019112,-0.198843747281311,-0.1067483162794
"481609",0.626857786455634,0.458573456641643,0.536524846039007,-0.0779513893973639,-0.168284329813991,-0.0903329404166272
"56021",0.0826698690111821,0.0673777441052352,0.074517269936684,-0.00713952583144885,-0.0152921249059469,-0.00815259907449807
"240145",0.104199407757417,0.146672645972638,0.125190514442967,0.021482131529671,0.0424732382152218,0.0209911066855508
"550433",0.0287806344609717,0.0715023284559593,0.0512912734677266,0.0202110549882327,0.0427216939949877,0.022510639006755
"248950",0.0619361230058142,0.144288334860121,0.104530485147779,0.0397578497123414,0.0823522118543065,0.0425943621419651
"328164",0.281716873803389,0.177000683255564,0.224171881875748,-0.0471711986201845,-0.104716190547825,-0.0575449919276408
"567767",0.701335927798987,0.35210988809342,0.502781087607876,-0.150671199514456,-0.349226039705567,-0.198554840191111
"378578",0.0577095896581458,0.0968385264337431,0.0779832787471196,0.0188552476866235,0.0391289367755972,0.0202736890889738
"209715",5.7697505913459,0.392850875548865,5.7697505913459,-5.37689971579703,-5.37689971579703,0
"362397",0.0845147002767911,0.0918321761327751,0.0885180939674385,0.0033140821653366,0.00731747585598401,0.00400339369064741
"306400",0.0816018673064217,0.144648074525389,0.112526217128889,0.0321218573965003,0.0630462072189674,0.0309243498224671
"172899",0.069028823435332,0.258759312824325,0.165645630758899,0.0931136820654265,0.189730489388993,0.0966168073235668
"450071",0.526928902265932,0.258454692604578,0.364670927100249,-0.106216234495671,-0.268474209661354,-0.162257975165683
"179148",5.37406197696236,0.673913577624752,5.37406197696236,-4.70014839933761,-4.70014839933761,0
"32158",0.0666710886035353,0.156100618766468,0.115538175395442,0.0405624433710262,0.089429530162933,0.0488670867919067
"210297",0.0620865074325094,0.132320919246288,0.0989865122921531,0.0333344069541351,0.0702344118137788,0.0369000048596437
"170932",0.239647614899949,0.35415886899533,0.295519178314084,0.0586396906812462,0.114511254095381,0.0558715634141345
"397538",0.0464712932716993,0.11890895539873,0.0843868893960574,0.0345220660026721,0.0724376621270303,0.0379155961243582
"268287",0.0314315974603346,0.104730083619398,0.0689251997751441,0.0358048838442541,0.0732984861590635,0.0374936023148094
"315218",3.0878081402203,0.632724748527708,1.42610682198432,-0.79338207345661,-2.4550833916926,-1.66170131823599
"112048",1.89070621878043,1.09256583233036,1.38081436840829,-0.288248536077934,-0.798140386450076,-0.509891850372142
"1295",0.420400339392932,0.210982259287821,0.309669516331038,-0.098687257043217,-0.209418080105111,-0.110730823061894
"84143",1.55803476383387,0.358814219015207,0.827008323379682,-0.468194104364475,-1.19922054481866,-0.731026440454186
"304666",0.0586929723889289,0.123153351845826,0.0911252628241717,0.0320280890216544,0.0644603794568972,0.0324322904352427
"454352",0.0576545058801877,0.0229677634839585,0.0399065394277242,-0.0169387759437658,-0.0346867423962292,-0.0177479664524634
"301068",0.679004810368247,0.33674999654694,0.483815935497873,-0.147065938950933,-0.342254813821307,-0.195188874870374
"55682",0.226771837295696,0.374542239440377,0.297926616783371,0.0766156226570058,0.147770402144681,0.0711547794876753
"106232",0.817617219562716,0.378518214884006,0.527010648786519,-0.148492433902513,-0.439099004678709,-0.290606570776197
"432573",0.145999072124261,0.172570218733898,0.159774306858141,0.0127959118757575,0.0265711466096367,0.0137752347338793
"500064",2.01105414108536,0.895909787476114,1.3634883352694,-0.467578547793287,-1.11514435360924,-0.647565805815953
"149232",0.265704337641546,0.263121113665384,0.264269851016928,-0.00114873735154442,-0.00258322397616156,-0.00143448662461715
"101079",0.0931583642573109,0.152316512453637,0.123937846060052,0.0283786663935846,0.0591581481963257,0.030779481802741
"545893",0.140717379099047,0.156044275428102,0.148654145175382,0.00739013025271926,0.015326896329055,0.0079367660763357
"187925",0.0148205059114251,0.0889103782890713,0.0533353127170675,0.0355750655720038,0.0740898723776462,0.0385148068056424
"284989",0.204662223573543,0.164562907027269,0.182947740881605,-0.0183848338543369,-0.0400993165462745,-0.0217144826919377
"567172",0.0690297313306073,0.0907718960744322,0.0804886919043987,0.0102832041700335,0.0217421647438248,0.0114589605737914
"488842",0.270143820428351,0.132697574151233,0.193305857575033,-0.0606082834237992,-0.137446246277117,-0.0768379628533183
"523122",0.152224369999016,0.0968264335279339,0.124472454098376,-0.0276460205704424,-0.0553979364710818,-0.0277519159006394
"435961",0.0132399472443657,0.0941473243427675,0.0566242431723132,0.0375230811704543,0.0809073770984018,0.0433842959279474
"219265",0.129417577879216,0.180615039440957,0.156579025853407,0.0240360135875502,0.0511974615617414,0.0271614479741912
"462820",3.0486943762475,0.618378120355408,1.3911340301137,-0.772755909758291,-2.43031625589209,-1.6575603461338
"547678",0.29147327248024,0.335349896056655,0.313203544116162,0.0221463519404927,0.0438766235764153,0.0217302716359226
"569789",0.176177551494664,0.177359320998961,0.176849722730615,0.000509598268345512,0.00118176950429649,0.00067217123595098
"466936",0.359829687670823,0.161840068264177,0.254679847844659,-0.0928397795804813,-0.197989619406645,-0.105149839826164
"384215",0.349856689396133,0.200069728097584,0.273452913381526,-0.0733831852839422,-0.149786961298549,-0.0764037760146067
"410905",1.30169080454465,0.427797168725401,0.770031879975636,-0.342234711250235,-0.873893635819251,-0.531658924569016
"234248",0.14731977486059,0.187901804628764,0.167372680850444,0.0205291237783198,0.0405820297681742,0.0200529059898543
"78227",0.0289627549475249,0.124758227030241,0.0783274235384512,0.0464308034917902,0.0957954720827165,0.0493646685909263
"233452",6.99820229123506,1.08856054023185,6.99820229123506,-5.90964175100321,-5.90964175100321,0
"420342",0.997194016151329,0.861940281529051,0.924747897196381,-0.0628076156673306,-0.135253734622278,-0.0724461189549473
"413755",0.219021011823875,0.251691107756318,0.23604057429513,0.0156505334611886,0.032670095932443,0.0170195624712544
"30556",0.188833129452329,0.209500450499757,0.198921803111962,0.0105786473877951,0.0206673210474273,0.0100886736596322
"296918",0.414189978836201,0.209416016117383,0.30659313016865,-0.0971771140512671,-0.204773962718818,-0.107596848667551
"69521",0.0254677793218688,0.0955954570211425,0.0621364482768599,0.0334590087442825,0.0701276776992737,0.0366686689549912
"417472",0.684778228096972,0.355781279342474,0.464570993648008,-0.108789714305534,-0.328996948754498,-0.220207234448964
"510276",0.116578917177685,0.255184673497686,0.183592131497744,0.0715925419999418,0.13860575632,0.0670132143200587
"327742",1.65275208093726,0.380575247646907,0.893552444883854,-0.512977197236947,-1.27217683329036,-0.759199636053411
"63946",2.10223120888917,0.172066526010963,2.10223120888917,-1.9301646828782,-1.9301646828782,0
"256089",0.248714756543036,0.220052195315108,0.234147679832989,-0.0140954845178804,-0.0286625612279273,-0.0145670767100469
"548856",0.197596756612316,0.333315785416108,0.267063594393117,0.0662521910229911,0.135719028803792,0.0694668377808011
"88123",0.151197299746298,0.26599057929337,0.207574190852954,0.0584163884404158,0.114793279547072,0.056376891106656
"236082",0.82887210097042,0.237497105044176,0.48303413430191,-0.245537029257734,-0.591374995926244,-0.34583796666851
"124280",1.92237985916374,0.71410173304384,1.19128767091094,-0.477185937867097,-1.2082781261199,-0.731092188252799
"71660",0.664618324491795,0.389360926935189,0.478876892626223,-0.0895159656910341,-0.275257397556606,-0.185741431865572
"91461",0.502441679888814,0.222098606267201,0.322077022186047,-0.0999784159188458,-0.280343073621613,-0.180364657702767
"272876",0.488965711338293,0.240027231998676,0.335265384302777,-0.0952381523041013,-0.248938479339617,-0.153700327035516
"142069",0.0429502544277356,0.0906398168892391,0.069057659748249,0.0215821571409901,0.0476895624615035,0.0261074053205134
"178398",1.7217137514905,0.450883696025138,0.867198965476886,-0.416315269451747,-1.27083005546536,-0.854514786013613
"43864",0.35612538235155,0.258103701733375,0.305255614853629,-0.0471519131202539,-0.0980216806181747,-0.0508697674979208
"174367",0.10003384813419,0.210879232515319,0.153930070109804,0.0569491624055156,0.110845384381129,0.0538962219756134
"360123",10,1.2945042393538,10,-8.7054957606462,-8.7054957606462,0
"329631",0.501063601147318,0.460580064566096,0.478486239471798,-0.0179061749057014,-0.0404835365812221,-0.0225773616755207
"509276",0.156320228296488,0.186047599968235,0.170651695617943,0.0153959043502924,0.0297273716717469,0.0143314673214545
"378575",4.61743082544251,0.783246033902398,4.61743082544251,-3.83418479154011,-3.83418479154011,0
"83286",1.34374710038147,0.50650344477957,0.856281779073832,-0.349778334294262,-0.837243655601899,-0.487465321307637
"110796",0.705464972344788,0.490733260966437,0.588912525129215,-0.0981792641627777,-0.214731711378351,-0.116552447215573
"176854",0.0819044040342369,0.0944366068214082,0.0889223000728609,0.00551430674854729,0.0125322027871713,0.00701789603862404
"564253",0.313999928112334,0.181003163819775,0.24206330154994,-0.0610601377301653,-0.132996764292559,-0.0719366265623934
"232300",0.843727097503434,0.242288945675383,0.492200173200984,-0.249911227525601,-0.601438151828051,-0.35152692430245
"2944",0.0349163254778896,0.108705973082571,0.0738448910876193,0.0348610819949512,0.0737896476046809,0.0389285656097297
"245125",1.33550967135133,0.271457714847954,0.655281150192114,-0.383823435344161,-1.06405195650338,-0.680228521159216
"507531",3.92188917158253,1.08120057988199,1.90934618303793,-0.828145603155947,-2.84068859170054,-2.01254298854459
"505448",0.0379083612985689,0.0679878258342135,0.0539158783143521,0.0140719475198615,0.0300794645356446,0.0160075170157832
"155232",0.817447554440035,0.383500782755045,0.576699058387234,-0.19319827563219,-0.43394677168499,-0.2407484960528
"95964",0.370369241060712,0.276694807309445,0.321525049291366,-0.0448302419819206,-0.0936744337512671,-0.0488441917693465
"508378",0.535398456361721,0.283569602345855,0.386749549899818,-0.103179947553963,-0.251828854015866,-0.148648906461902
"561135",0.132557959453983,0.142978032679489,0.137917604248509,0.00506042843097929,0.0104200732255058,0.00535964479452652
"548890",1.1598560904487,0.292874342210884,0.60191321031555,-0.309038868104666,-0.866981748237812,-0.557942880133147
"161838",0.145082502173293,0.306866412281992,0.219169735170228,0.0876966771117641,0.161783910108699,0.0740872329969351
"212453",2.29881073315536,1.32372467905819,1.68974766020256,-0.36602298114437,-0.975086054097172,-0.609063072952802
"60950",0.0479913833907554,0.146208903019986,0.101001864796958,0.0452070382230272,0.0982175196292301,0.0530104814062029
"246163",0.0629057265305914,0.153064646467642,0.109606037896972,0.04345860857067,0.090158919937051,0.046700311366381
"17250",0.0530877186408113,0.155599067290162,0.106552781547818,0.0490462857423436,0.102511348649351,0.053465062907007
"124281",1.03726826489468,0.580136571265511,0.766999625018232,-0.186863053752721,-0.457131693629169,-0.270268639876448
"359852",0.667019498248371,0.255624841921336,0.420463899334188,-0.164839057412852,-0.411394656327036,-0.246555598914183
"524039",1.58178177285247,0.600674878176364,0.949347919291182,-0.348673041114817,-0.981106894676102,-0.632433853561285
"84114",1.57520304405241,0.579025886202991,0.928649612998458,-0.349623726795468,-0.996177157849418,-0.64655343105395
"416531",0.0252560614373668,0.0925536300223703,0.0584861209046604,0.03406750911771,0.0672975685850035,0.0332300594672936
"117741",0.107146430102622,0.165397882318177,0.13683236943732,0.0285655128808572,0.0582514522155548,0.0296859393346977
"81673",0.299873757312536,0.238428581442463,0.267746379203803,-0.0293177977613407,-0.0614451758700738,-0.0321273781087331
"135530",0.160876430277019,0.173725643436247,0.16733165823017,0.00639398520607745,0.0128492131592285,0.00645522795315104
"256021",0.486367859849464,0.206200937021225,0.308082945469338,-0.101882008448113,-0.280166922828239,-0.178284914380126
"24704",0.0492374254295844,0.0746522228873097,0.0622925393593926,0.0123596835279171,0.0254147974577253,0.0130551139298082
"72119",0.234991672593211,0.287970076287302,0.263034901008406,0.0249351752788967,0.052978403694091,0.0280432284151944
"253638",0.0543183298127523,0.143062122702296,0.0993534999063128,0.0437086227959832,0.0887437928895437,0.0450351700935605
"9752",0.287154822202891,0.289121107834614,0.28824760138005,0.000873506454563466,0.00196628563172302,0.00109277917715955
"526639",0.011509378972068,0.0723878862324666,0.0470302410877346,0.0253576451447319,0.0608785072603986,0.0355208621156667
"530051",0.169180464735955,0.256512459329414,0.215472336342839,0.0410401229865752,0.0873319945934596,0.0462918716068844
"542661",4.63794299751594,1.20624368590543,2.3121636994636,-1.10592001355818,-3.43169931161052,-2.32577929805234
"56705",0.144070188276396,0.218024006446727,0.182884542612133,0.0351394638345935,0.0739538181703309,0.0388143543357374
"152738",0.137445395229705,0.191624211118273,0.165328024814643,0.0262961863036296,0.0541788158885683,0.0278826295849388
"277403",0.00517848929026662,0.0600133945508493,0.0341690387262613,0.025844355824588,0.0548349052605827,0.0289905494359947
"28454",0.0581887648713907,0.143953102310592,0.103794604763618,0.0401584975469747,0.0857643374392016,0.0456058398922269
"398351",0.082183265844508,0.225409796154291,0.156140523821877,0.0692692723324141,0.143226530309783,0.0739572579773688
"174795",1.22367834716975,0.506209669578177,0.734507388469963,-0.228297718891786,-0.71746867759157,-0.489170958699784
"539364",0.338595441080663,0.406051627866405,0.377659763741024,0.0283918641253804,0.0674561867857414,0.0390643226603611
"498423",0.800792468119701,0.556323578757717,0.654841835967876,-0.0985182572101596,-0.244468889361984,-0.145950632151825
"523871",0.00803251020952474,0.0533044484101555,0.0310128458014977,0.0222916026086578,0.0452719382006307,0.0229803355919729
"339495",2.82671852372218,0.889736359426635,1.57048237634802,-0.680746016921385,-1.93698216429554,-1.25623614737416
"169997",0.252299210564161,0.336725074451764,0.292022990330294,0.0447020841214707,0.0844258638876034,0.0397237797661327
"450812",0.157076714032242,0.212909507864458,0.185380530627417,0.0275289772370411,0.0558327938322163,0.0283038165951752
"230433",0.277387043434588,0.146260139637293,0.208627835835189,-0.0623676961978954,-0.131126903797295,-0.0687592075993997
"291381",0.0695269140393771,0.126235436826777,0.0985560911306072,0.0276793456961701,0.0567085227874002,0.0290291770912301
"495597",0.660736177145313,0.348544108261041,0.481955944886345,-0.133411836625304,-0.312192068884273,-0.178780232258969
"511159",1.95241614752393,1.07640842611899,1.31744381487846,-0.241035388759469,-0.876007721404943,-0.634972332645473
"129543",7.78752194320182,1.90480605901454,2.94730412056273,-1.04249806154819,-5.88271588418728,-4.84021782263909
"402017",1.6282765080126,0.799725261818499,1.12293312665497,-0.323207864836468,-0.8285512461941,-0.505343381357632
"514914",0.0149644265084552,0.0620658501159538,0.0391452381721727,0.0229206119437811,0.0471014236074985,0.0241808116637174
"26010",1.0312642413221,0.363076206760802,0.611790929989332,-0.248714723228531,-0.668188034561298,-0.419473311332768
"109011",0.419506968428596,0.329015318995166,0.364443597426187,-0.0354282784310213,-0.0904916494334297,-0.0550633710024084
"358588",1.96028652116442,0.411663514381981,0.923611945317421,-0.511948430935441,-1.54862300678244,-1.036674575847
"527136",0.42221720540238,0.344543280441543,0.386460786334401,-0.0419175058928584,-0.0776739249608372,-0.0357564190679789
"175205",0.370224262302278,0.198658482651043,0.282397144865103,-0.0837386622140606,-0.171565779651235,-0.0878271174371744
"492548",1.51900486158186,0.227029591726408,1.51900486158186,-1.29197526985545,-1.29197526985545,0
"97011",1e-08,0.0411773324561253,0.0217901070870088,0.0193872253691165,0.0411773224561253,0.0217900970870088
"447570",0.601034162899148,0.317216520732452,0.438689990882772,-0.121473470150321,-0.283817642166696,-0.162344172016376
"323240",1.1376057148592,0.409530198295466,0.6855127956328,-0.275982597337334,-0.728075516563733,-0.452092919226398
"69790",0.198704627190978,0.255219339222068,0.228292872345169,0.0269264668768994,0.0565147120310904,0.029588245154191
"448347",0.383708514536631,0.352058895570211,0.36533143181169,-0.013272536241479,-0.0316496189664196,-0.0183770827249406
"484334",0.132500705799992,0.115280899557092,0.12361001334991,-0.00832911379281841,-0.0172198062429,-0.00889069245008163
"336640",0.0218133814939095,0.0417808119038367,0.0321748665879314,0.00960594531590531,0.0199674304099272,0.0103614850940219
"326149",2.77720225171157,1.0902701944262,1.70173227551364,-0.611462081087442,-1.68693205728537,-1.07546997619793
"76314",3.09871322832788,0.819069356992944,1.61666858063366,-0.797599223640715,-2.27964387133493,-1.48204464769422
"81461",0.0690738387335298,0.0751898454930735,0.0722820660073342,0.00290777948573927,0.00611600675954373,0.00320822727380446
"78154",0.100757039761865,0.172897803244068,0.141924028614706,0.030973774629362,0.0721407634822031,0.0411669888528411
"204191",0.129410545475689,0.169037509113665,0.149476975486957,0.0195605336267083,0.0396269636379764,0.0200664300112681
"496580",3.60495010663932,1.28736523964416,2.02258730015368,-0.735222060509523,-2.31758486699517,-1.58236280648564
"300917",0.784826050880303,0.328349834487956,0.477298084978518,-0.148948250490563,-0.456476216392347,-0.307527965901785
"20793",1.32721033219344,0.302723764019919,0.671239563552276,-0.368515799532357,-1.02448656817352,-0.655970768641162
"374071",0.523051750334508,0.364577723937607,0.431027015582823,-0.0664492916452165,-0.158474026396901,-0.0920247347516848
"355820",1.33825214716953,0.401812739425528,0.768566823101955,-0.366754083676427,-0.936439407744005,-0.569685324067578
"187660",0.237854646943559,0.111364089531743,0.17321881911441,-0.0618547295826661,-0.126490557411816,-0.0646358278291495
"569659",4.01990689292206,0.500119281052954,4.01990689292206,-3.51978761186911,-3.51978761186911,0
"576453",1.69948524323632,0.73065206266733,1.09642408013298,-0.365772017465651,-0.968833180568989,-0.603061163103338
"512512",0.0102021367388225,0.0411015892246038,0.0267447781918163,0.0143568110327875,0.0308994524857813,0.0165426414529938
"148891",0.124227072039135,0.200766683516106,0.163240173225712,0.0375265102903944,0.0765396114769712,0.0390131011865768
"437379",1.15167547634458,0.351291283239252,0.713159890342469,-0.361868607103217,-0.800384193105325,-0.438515586002108
"124240",0.274883240468038,0.260752901441859,0.26607728927113,-0.00532438782927042,-0.0141303390261786,-0.00880595119690819
"234949",0.0718505291107227,0.183631055340211,0.127839367074591,0.0557916882656205,0.111780526229489,0.0559888379638682
"35731",2.88791095829681,0.640018939433011,1.3477168085692,-0.707697869136188,-2.2478920188638,-1.54019414972761
"265406",1.94430395881628,0.644676734542096,1.1357893469393,-0.491112612397201,-1.29962722427419,-0.808514611876986
"160975",2.01167292156414,0.927410215130518,1.37959757415505,-0.452187359024529,-1.08426270643362,-0.632075347409089
"492599",0.0864846917212319,0.0721676859810127,0.0791963858112864,-0.00702869983027368,-0.0143170057402193,-0.00728830590994557
"479407",0.213620828359252,0.265599253811934,0.247125050158903,0.0184742036530313,0.0519784254526821,0.0335042217996508
"423000",0.0536432612726105,0.0688650180259987,0.0613918825212939,0.00747313550470487,0.0152217567533883,0.0077486212486834
"300988",0.168311002576447,0.154307171635308,0.16106820319375,-0.00676103155844163,-0.014003830941139,-0.0072427993826974
"506429",0.11593781398529,0.0869938755683145,0.100995248900583,-0.0140013733322681,-0.0289439384169759,-0.0149425650847078
"44863",0.534007404490306,0.606994750737019,0.571963022603661,0.0350317281333583,0.0729873462467131,0.0379556181133548
"386615",2.44290654468063,1.03030395654116,1.44769647032757,-0.417392513786412,-1.41260258813947,-0.995210074353054
"502972",0.413522488891876,0.168023386758304,0.283972118753712,-0.115948731995407,-0.245499102133572,-0.129550370138165
"414493",0.55832577412518,0.202999745281231,0.335837510694933,-0.132837765413701,-0.355326028843948,-0.222488263430247
"163671",0.292470403886847,0.135076020985729,0.211620400491337,-0.0765443795056083,-0.157394382901118,-0.0808500033955099
"485573",0.209184749964801,0.19076772493791,0.199079085744008,-0.00831136080609771,-0.0184170250268903,-0.0101056642207926
"184663",0.125828447503835,0.129062211095608,0.127421928693661,0.0016402824019473,0.00323376359177341,0.00159348118982611
"536606",0.967628519716116,0.623871993898683,0.766128908034944,-0.142256914136261,-0.343756525817433,-0.201499611681172
"446661",0.513437658929892,0.306222341259327,0.392225522235394,-0.086003180976067,-0.207215317670565,-0.121212136694498
"153140",0.154901285761218,0.0796303316925581,0.114109434122851,-0.0344791024302926,-0.0752709540686595,-0.0407918516383669
"119681",2.0874228168969,0.674470699551583,1.22440284270579,-0.549932143154203,-1.41295211734532,-0.863019974191119
"372794",0.352378081179805,0.13898970228023,0.238136663462483,-0.0991469611822535,-0.213388378899575,-0.114241417717321
"414641",0.0972595193678608,0.130549750746715,0.115256158889954,0.0152935918567606,0.0332902313788544,0.0179966395220937
"504683",0.134306079260588,0.296087794202071,0.217379276500476,0.078708517701595,0.161781714941483,0.0830731972398885
"103037",0.943562822162773,0.428931530256344,0.669414290997002,-0.240482760740658,-0.514631291906429,-0.274148531165771
"235124",3.55089446791945,0.852063216269283,1.83833228128228,-0.986269065012994,-2.69883125165017,-1.71256218663717
"357177",0.27416038352413,0.335813242649656,0.305732037545889,0.0300812051037674,0.0616528591255257,0.0315716540217583
"359693",0.371659637229499,0.186193427505965,0.252404996564552,-0.0662115690585871,-0.185466209723534,-0.119254640664947
"481377",0.0322718562572073,0.0652644360271711,0.0504097694760153,0.0148546665511559,0.0329925797699638,0.018137913218808
"402002",1e-08,0.0710500811618359,0.0412985162452798,0.029751564916556,0.0710500711618359,0.0412985062452798
"225402",1.09361535110758,0.209698422570018,1.09361535110758,-0.883916928537564,-0.883916928537564,0
"489587",0.645852642443464,0.359868454556896,0.481346175058769,-0.121477720501873,-0.285984187886568,-0.164506467384695
"356729",0.066833718139073,0.0620406112360583,0.0643570995843411,-0.00231648834828276,-0.00479310690301464,-0.00247661855473189
"412644",1.18478679385105,0.287471278369524,0.603549572983477,-0.316078294613953,-0.897315515481528,-0.581237220867575
"355374",0.181395785986142,0.311756869801801,0.248144484327551,0.0636123854742501,0.130361083815659,0.0667486983414091
"321047",0.0602503253777443,0.104832231875653,0.0827406948752136,0.0220915370004397,0.0445819064979091,0.0224903694974694
"306016",0.0534963428165042,0.15372700131829,0.110119002494425,0.0436079988238647,0.100230658501786,0.0566226596779211
"435218",8.80001375634236,0.40875987411768,8.80001375634236,-8.39125388222468,-8.39125388222468,0
"447181",0.309447454346091,0.287124334351097,0.298596851004726,-0.0114725166536293,-0.0223231199949944,-0.0108506033413651
"314310",0.0759880827804036,0.0760289030287846,0.0760182042125627,1.06988162219823e-05,4.08202483810766e-05,3.01214321590942e-05
"553663",0.438557474497263,0.335051351128734,0.377676519205081,-0.0426251680763463,-0.103506123368529,-0.0608809552921826
"145982",0.03330115763766,0.0715202690509701,0.0530422815948949,0.0184779874560752,0.0382191114133101,0.0197411239572349
"279544",0.0643754068785472,0.186651695528818,0.125215019523982,0.0614366760048367,0.122276288650271,0.0608396126454345
"223396",0.373910582097639,0.106211954716834,0.227117391326235,-0.120905436609401,-0.267698627380804,-0.146793190771403
"505328",0.0969769474555348,0.0841247403917324,0.0901419038542761,-0.00601716346254373,-0.0128522070638024,-0.00683504360125869
"498232",4.61720715858022,0.864226231650761,4.61720715858022,-3.75298092692946,-3.75298092692946,0
"464129",1.55397085614829,0.883456752019527,1.14765398764498,-0.264197235625453,-0.670514104128759,-0.406316868503305
"89502",0.592677185159674,0.396564112283532,0.481370074177697,-0.0848059618941659,-0.196113072876143,-0.111307110981977
"89136",0.510193863506709,0.324739634348897,0.402674306542558,-0.0779346721936607,-0.185454229157812,-0.107519556964152
"81127",0.0702037380049053,0.0928906780438523,0.0819975867747683,0.010893091269084,0.022686940038947,0.011793848769863
"371034",0.0552466142562071,0.0933969135854479,0.074874979248257,0.0185219343371909,0.0381502993292409,0.01962836499205
"532485",1.03611921241606,0.478031178058521,0.698559855307533,-0.220528677249012,-0.558088034357543,-0.337559357108531
"319297",0.287103776144334,0.331530158587825,0.310145857321877,0.021384301265948,0.0444263824434915,0.0230420811775434
"320568",0.203638864066931,0.154350639189704,0.177896788310697,-0.0235461491209928,-0.0492882248772262,-0.0257420757562334
"8713",5.13614093697988,0.702258038494047,5.13614093697988,-4.43388289848583,-4.43388289848583,0
"534713",3.22979290039807,0.74104787765926,1.58918725523933,-0.848139377580072,-2.48874502273881,-1.64060564515873
"175194",0.356795436287507,0.562215798085133,0.469574752321374,0.0926410457637595,0.205420361797626,0.112779316033867
"194238",0.159264534698208,0.194374589568732,0.178210902178159,0.0161636873905735,0.0351100548705239,0.0189463674799504
"413577",0.13293018846092,0.133538380011106,0.133265277797341,0.000273102213764254,0.00060819155018596,0.000335089336421707
"316678",0.0845441724612072,0.123426167655978,0.104700328658545,0.0187258389974329,0.0388819951947708,0.0201561561973379
"3048",0.0326617594436397,0.150119692952005,0.0941081020517516,0.0560115909002535,0.117457933508365,0.0614463426081118
"170960",0.0720502700540449,0.218519812080784,0.158374329348689,0.0601454827320947,0.146469542026739,0.0863240592946441
"400454",0.619998513225265,0.240031588173686,0.382528670455957,-0.142497082282271,-0.37996692505158,-0.237469842769309
"189199",0.44746830455587,0.171665038199509,0.310126626299102,-0.138461588099593,-0.275803266356362,-0.137341678256769
"3357",0.507161351490294,0.341442482599223,0.410380193587317,-0.0689377109880947,-0.165718868891071,-0.0967811579029764
"129292",0.424590615092992,0.423207284389241,0.423902997517047,-0.000695713127806308,-0.00138333070375157,-0.000687617575945265
"539340",0.266027253743587,0.475098350643812,0.364621928104474,0.110476422539338,0.209071096900225,0.0985946743608866
"232810",0.67043420291868,0.318296677669244,0.467645246708601,-0.149348569039357,-0.352137525249436,-0.202788956210079
"406511",1.96217142190638,0.377201566115335,1.96217142190638,-1.58496985579105,-1.58496985579105,0
"386680",0.592994461726263,0.223755034059954,0.368837467964263,-0.145082433904309,-0.369239427666309,-0.224156993762
"91694",0.115189787497287,0.030399476562487,0.0688055123593978,-0.0384060357969108,-0.0847903109347999,-0.0463842751378891
"315590",4.71870834479261,1.02513464322038,2.16485967298609,-1.13972502976571,-3.69357370157223,-2.55384867180652
"234179",0.434281965214168,0.341867281516311,0.378562015234578,-0.0366947337182676,-0.092414683697857,-0.0557199499795895
"332762",0.151560401764885,0.211713863741484,0.185223433603485,0.0264904301379988,0.0601534619765993,0.0336630318386006
"41062",1.42411082440644,0.794495962515019,1.02767527325796,-0.233179310742945,-0.629614861891423,-0.396435551148478
"405826",1.05043738106224,0.534371256296018,0.74253122007976,-0.208159963783742,-0.516066124766218,-0.307906160982476
"184357",0.162377682941987,0.168542806952823,0.165677124242271,0.00286568271055224,0.00616512401083627,0.00329944130028403
"121469",0.975300175861999,0.454787002065851,0.647904296534795,-0.193117294468944,-0.520513173796148,-0.327395879327204
"492273",0.331621702943527,0.265569627188146,0.290891504240323,-0.0253218770521775,-0.0660520757553816,-0.0407301987032041
"96387",1.61159654654089,0.627619961736437,0.975094300247619,-0.347474338511181,-0.983976584804451,-0.63650224629327
"72694",1.1219383303126,0.55153893138703,0.787336142267768,-0.235797210880738,-0.570399398925574,-0.334602188044836
"410202",0.190293486595456,0.335040847372263,0.259352076564648,0.0756887708076153,0.144747360776807,0.0690585899691919
"40470",4.4225666415489,0.818065605738993,4.4225666415489,-3.60450103580991,-3.60450103580991,0
"445881",0.0800630317846694,0.132906940903379,0.108105541627103,0.0248013992762769,0.05284390911871,0.0280425098424331
"561653",0.224902691090187,0.200445430797448,0.211004248629019,-0.0105588178315707,-0.0244572602927391,-0.0138984424611684
"483155",0.0568967574123166,0.0696755708324286,0.063772447378166,0.00590312345426261,0.012778813420112,0.0068756899658494
"424385",0.040671147946212,0.0993211539701804,0.0707079563132339,0.0286131976569465,0.0586500060239684,0.030036808367022
"484861",0.02308755152365,0.101655257422368,0.0630955139100157,0.0385597435123525,0.0785677058987182,0.0400079623863657
"513436",0.114398159595481,0.16723330931814,0.142584970642934,0.0246483386752059,0.0528351497226586,0.0281868110474527
"67520",0.88146359060561,0.399730068614058,0.616065233122236,-0.216335164508177,-0.481733521991552,-0.265398357483374
"171344",0.024117916194067,0.0628238402743044,0.0442886701045357,0.0185351701697687,0.0387059240802375,0.0201707539104687
"225112",0.0313314552627322,0.104502901237084,0.0687383291097441,0.0357645721273401,0.073171445974352,0.0374068738470119
"425769",0.0266017636723648,0.122352872957819,0.0739554418318487,0.0483974311259702,0.0957511092854541,0.0473536781594839
"460757",0.22742024593893,0.160675611577896,0.193522456774938,-0.0328468451970421,-0.0667446343610335,-0.0338977891639914
"456406",0.017421830862531,0.0981132143979797,0.0577632744634175,0.0403499399345622,0.0806913835354487,0.0403414436008865
"37690",0.879324499672097,0.417457496895361,0.583091003924794,-0.165633507029433,-0.461867002776736,-0.296233495747303
"197663",0.0464652331773307,0.129340233929932,0.093519821036281,0.0358204128936508,0.0828750007526012,0.0470545878589504
"354219",1.60086363107392,0.463810357435383,0.838551486718012,-0.37474112928263,-1.13705327363854,-0.762312144355908
"113232",1.1923497808644,0.43386598733351,0.730383597417474,-0.296517610083964,-0.758483793530891,-0.461966183446927
"405680",0.15036354059927,0.213056371963348,0.183580337457871,0.0294760345054763,0.0626928313640773,0.0332167968586009
"225970",1.30585820767064,0.582377593480319,0.833531276073426,-0.251153682593106,-0.723480614190319,-0.472326931597212
"547923",1e-08,0.0765044110370963,0.0416761940507201,0.0348282169863763,0.0765044010370964,0.0416761840507201
"339349",1.30978675234931,0.343734769220056,0.701947110727679,-0.358212341507623,-0.966051983129257,-0.607839641621634
"53141",0.06584035730891,0.130116562329973,0.0977043851974143,0.0324121771325585,0.0642762050210628,0.0318640278885043
"571595",0.0412126673988624,0.0833119240510157,0.0637318325818157,0.0195800914692,0.0420992566521533,0.0225191651829533
"469560",0.736093564581378,0.204847879469267,0.412579211607321,-0.207731332138054,-0.531245685112112,-0.323514352974058
"281970",0.483003155463102,0.38734538820133,0.427929385138523,-0.0405839969371925,-0.0956577672617722,-0.0550737703245797
"518008",0.113141233200178,0.0599897197134563,0.0821794623873653,-0.0221897426739089,-0.0531515134867215,-0.0309617708128126
"160817",0.092163150563249,0.0862912136220713,0.0888607070998733,-0.00256949347780203,-0.00587193694117773,-0.0033024434633757
"80544",0.0839152048859552,0.0426925912196973,0.0607204481661974,-0.0180278569465001,-0.0412226136662579,-0.0231947567197577
"189919",0.0564943859205157,0.157313831065127,0.107155617693124,0.0501582133720035,0.100819445144612,0.0506612317726081
"298406",1.12193086900711,0.439244772087973,0.701283762389603,-0.262038990301629,-0.682686096919134,-0.420647106617504
"229949",0.135270999524566,0.228823848624235,0.184710297131347,0.0441135514928877,0.0935528490996688,0.0494392976067811
"413350",1e-08,0.102556068290601,0.0512902078709901,0.0512658604196109,0.102556058290601,0.0512901978709901
"558575",1.50616315523229,0.385883305221653,0.828344781047587,-0.442461475825934,-1.12027985001064,-0.677818374184706
"279612",2.33772246568347,1.00671656742462,1.46708954062642,-0.460372973201804,-1.33100589825885,-0.870632925057045
"340274",0.113663621765738,0.251218084118756,0.182540798126397,0.0686772859923597,0.137554462353019,0.0688771763606591
"323990",0.693815706991921,0.268721027820394,0.442648805883159,-0.173927778062766,-0.425094679171527,-0.251166901108761
"61238",0.582941735160908,0.501597636976945,0.539831420180952,-0.0382337832040068,-0.0813440981839634,-0.0431103149799565
"544742",0.286823039575094,0.128281944778109,0.19312668673556,-0.0648447419574515,-0.158541094796986,-0.0936963528395345
"183575",0.270535835768809,0.23133982103936,0.250744422576085,-0.0194046015367255,-0.0391960147294495,-0.019791413192724
"68631",3.16809976978017,0.719348210243983,1.54491306526135,-0.825564855017369,-2.44875155953618,-1.62318670451881
"378693",2.99203136026395,0.763389275910127,1.51595980172554,-0.75257052581541,-2.22864208435382,-1.47607155853841
"146878",0.00717505587165449,0.0373482075850518,0.0234854623810681,0.0138627452039837,0.0301731517133973,0.0163104065094136
"117241",0.236623070206867,0.249245901327925,0.243328311313382,0.00591759001454245,0.0126228311210572,0.00670524110651474
"148662",0.104285800180207,0.147943538780841,0.12646567400744,0.0214778647734009,0.0436577386006341,0.0221798738272332
"285604",0.127507475912392,0.182352436727704,0.158172218403423,0.024180218324281,0.0548449608153125,0.0306647424910315
"208999",0.740505659666036,0.278602675454209,0.508555119947683,-0.229952444493474,-0.461902984211827,-0.231950539718352
"144027",0.117721001246869,0.108809816075278,0.112493904872594,-0.00368408879731676,-0.00891118517159119,-0.00522709637427443
"369914",0.220371879647992,0.338969453225964,0.279212924339401,0.0597565288865629,0.118597573577972,0.0588410446914092
"436462",0.679078339824248,0.242116104715211,0.413521510291396,-0.171405405576185,-0.436962235109037,-0.265556829532852
"442938",0.232704638346693,0.253354904391573,0.243237602339188,0.0101173020523859,0.02065026604488,0.0105329639924941
"343430",0.274809964512349,0.213926383754441,0.241015154206874,-0.0270887704524326,-0.060883580757908,-0.0337948103054754
"277266",0.48995439611808,0.332801232633922,0.396868673255753,-0.0640674406218303,-0.157153163484158,-0.0930857228623276
"201753",0.067564506374529,0.13156807181852,0.100879973948937,0.0306880978695826,0.064003565443991,0.0333154675744084
"434500",0.0585083951032583,0.0526644657761444,0.0552488349348974,-0.00258436915875304,-0.0058439293271139,-0.00325956016836085
"449459",0.235507336872307,0.277336746047773,0.257184952234501,0.0201517938132716,0.0418294091754662,0.0216776153621945
"135961",0.109329656349892,0.240046423605654,0.172545679989532,0.0675007436161217,0.130716767255762,0.0632160236396407
"331973",0.354034755518233,0.191906988566165,0.244774001420015,-0.0528670128538504,-0.162127766952068,-0.109260754098218
"537021",0.0551532514484881,0.0833532842946602,0.0690982737131364,0.0142550105815239,0.0282000328461722,0.0139450222646483
"482539",0.221987053616429,0.112015751248055,0.16216549976199,-0.0501497485139351,-0.109971302368374,-0.0598215538544386
"234870",1.00776436410092,0.509953979569386,0.712758556878243,-0.202804577308857,-0.497810384531536,-0.295005807222679
"134048",0.0133842263427297,0.0413584951722454,0.0282882907080794,0.013070204464166,0.0279742688295158,0.0149040643653498
"117172",0.23194701389586,0.32382427179968,0.277046215665083,0.0467780561345971,0.0918772579038205,0.0450992017692235
"523782",2.59206455044115,0.230236298401949,2.59206455044115,-2.3618282520392,-2.3618282520392,0
"374676",2.04692194465572,0.599501653952607,1.14651194932596,-0.547010295373356,-1.44742029070311,-0.900409995329758
"211209",0.483124861891354,0.254091175653222,0.366896104658409,-0.112804929005187,-0.229033686238132,-0.116228757232945
"278083",0.160394332394665,0.09420980286025,0.12496145075577,-0.0307516478955198,-0.0661845295344153,-0.0354328816388954
"428476",2.04687269745737,0.967468768473126,1.31413035811867,-0.346661589645542,-1.07940392898424,-0.732742339338699
"92731",0.0317576064936997,0.0518853526694858,0.0426282096597855,0.0092571430097003,0.0201277461757861,0.0108706031660858
"205464",0.48046140825499,0.264176144885428,0.34968359902338,-0.0855074541379515,-0.216285263369562,-0.130777809231611
"234326",3.21299468916094,0.83273409232373,1.66422963983716,-0.831495547513433,-2.38026059683721,-1.54876504932378
"456411",0.510732268150267,0.306994384400974,0.409634136363057,-0.102639751962083,-0.203737883749293,-0.10109813178721
"151129",0.324655684012026,0.264618253061274,0.295358476587553,-0.030740223526279,-0.0600374309507513,-0.0292972074244723
"559230",1.03874234563241,0.433198319851066,0.662132484864046,-0.22893416501298,-0.605544025781348,-0.376609860768368
"409349",1.01090309443702,0.357773733819594,0.58785729864638,-0.230083564826786,-0.653129360617423,-0.423045795790637
"307051",0.124660774119938,0.107681390875856,0.115590920586985,-0.00790952971112899,-0.0169793832440826,-0.00906985353295357
"420075",0.0392788414461918,0.124490525389358,0.0833239178071414,0.0411666075822169,0.0852116839431665,0.0440450763609496
"544597",0.338669647959077,0.206838796886947,0.25105769125573,-0.044218894368783,-0.131830851072131,-0.0876119567033476
"493043",0.815114179175577,0.350130806039442,0.512315772214226,-0.162184966174784,-0.464983373136135,-0.302798406961352
"120119",0.0361858450134247,0.0444399051975129,0.0404051449332774,0.00403476026423546,0.00825406018408816,0.0042192999198527
"23015",0.0443961339574529,0.123806118901165,0.0895245742125791,0.0342815446885856,0.0794099849437118,0.0451284402551262
"546046",0.332062983655816,0.146862995628769,0.230748760285934,-0.0838857646571648,-0.185199988027046,-0.101314223369882
"349093",6.29216694993656,0.365925429528924,6.29216694993656,-5.92624152040763,-5.92624152040763,0
"472154",3.94378489280117,1.17011148831828,2.01877516344965,-0.848663675131375,-2.77367340448289,-1.92500972935151
"209780",7.81498078381324,1.48953505084566,7.81498078381324,-6.32544573296759,-6.32544573296759,0
"17141",0.103543930669483,0.0986710151247747,0.100904407895129,-0.00223339277035435,-0.00487291554470848,-0.00263952277435413
"203156",0.193347575497633,0.395613747918963,0.295951897924003,0.0996618499949604,0.20226617242133,0.10260432242637
"431240",0.875996378823555,0.237827576982542,0.499706577986358,-0.261879001003815,-0.638168801841012,-0.376289800837197
"410727",0.297274559514648,0.267769169681038,0.27850434479172,-0.0107351751106825,-0.0295053898336102,-0.0187702147229277
"126756",0.116211363637521,0.0977167045317181,0.10637817858966,-0.00866147405794181,-0.0184946591058033,-0.00983318504786149
"277132",0.0114499458390482,0.0480258706212539,0.0297952405071337,0.0182306301141202,0.0365759247822057,0.0183452946680854
"101908",0.224679451374206,0.219157325768027,0.221606030800473,-0.00244870503244529,-0.00552212560617846,-0.00307342057373317
"414515",0.0473423339746047,0.086546804220838,0.0686149078695667,0.0179318963512713,0.0392044702462334,0.0212725738949621
"81685",10,2.90353544003587,5.15859475126987,-2.25505931123401,-7.09646455996413,-4.84140524873013
"329015",0.462174308929491,0.693123588970549,0.579028041681995,0.114095547288554,0.230949280041058,0.116853732752504
"504998",2.02106200019822,1.33158356763059,1.54125908939102,-0.209675521760429,-0.689478432567628,-0.479802910807199
"256761",0.0202566724556382,0.0847284189956664,0.0544100575145718,0.0303183614810945,0.0644717465400281,0.0341533850589336
"142368",0.305965351465509,0.457871961562625,0.393116517129506,0.0647554444331191,0.151906610097117,0.0871511656639977
"178686",0.293687004520723,0.268522481984023,0.280676874094476,-0.0121543921104532,-0.0251645225367004,-0.0130101304262472
"187083",0.0610940260216778,0.117565923872094,0.0892319483199615,0.028333975552132,0.0564718978504158,0.0281379222982838
"36596",1.21964654575825,0.508962520919807,0.794296960149093,-0.285334439229286,-0.710684024838446,-0.425349585609159
"45806",0.849997415141777,0.363657279584805,0.578378160039134,-0.214720880454328,-0.486340135556972,-0.271619255102643
"407911",0.47901323068198,0.175990235243923,0.315111284223404,-0.139121048979481,-0.303022995438056,-0.163901946458575
"568487",0.572170289660465,0.347016557517095,0.440424634428726,-0.0934080769116308,-0.22515373214337,-0.131745655231739
"356459",0.416872950063383,0.281008790296751,0.348438857527691,-0.0674300672309404,-0.135864159766632,-0.0684340925356918
"37668",0.942003735030554,0.574306488749558,0.725613988378884,-0.151307499629326,-0.367697246280996,-0.21638974665167
"56125",1.05324135715437,0.626703076957585,0.806454419939016,-0.179751342981431,-0.426538280196786,-0.246786937215355
"274334",0.636641880910799,0.44988597531545,0.536329778271538,-0.0864438029560881,-0.186755905595349,-0.100312102639261
"380915",0.1120305524638,0.265179973792972,0.197863194776734,0.0673167790162381,0.153149421329172,0.0858326423129343
"319480",0.354672666635785,0.361290018719116,0.357412020242206,0.00387799847690989,0.00661735208333092,0.00273935360642102
"352875",0.0809704262600949,0.167339281222289,0.124905284437226,0.0424339967850622,0.0863688549621938,0.0439348581771316
"24794",0.0764852214006239,0.145573116898632,0.110495819357057,0.0350772975415751,0.069087895498008,0.034010597956433
"131466",0.166487130759371,0.12018594162725,0.14129166388716,-0.0211057222599104,-0.0463011891321214,-0.0251954668722109
"529325",0.0614909393681955,0.13631297526403,0.101676769722118,0.0346362055419123,0.0748220358958348,0.0401858303539225
"233954",0.112107034455319,0.178483443197654,0.150401279632167,0.0280821635654867,0.0663764087423347,0.0382942451768481
"385783",0.531200102889447,0.241337894431164,0.379572390740156,-0.138234496308992,-0.289862208458283,-0.151627712149291
"380268",0.36122130643199,0.406085458361018,0.38346733591865,0.0226181224423675,0.0448641519290282,0.0222460294866607
"148907",1.04161059107126,0.409017353214743,0.646979648267131,-0.237962295052389,-0.632593237856515,-0.394630942804127
"492958",0.392376174285767,0.199078530209471,0.266734078339757,-0.0676555481302861,-0.193297644076296,-0.125642095946009
"26320",1.29067479065596,0.329637271987293,0.687449680796677,-0.357812408809384,-0.961037518668662,-0.603225109859279
"241785",0.236916454484336,0.310675593552878,0.272651714733226,0.0380238788196529,0.0737591390685424,0.0357352602488896
"262645",0.187761464070344,0.18123078592946,0.184212063967357,-0.00298127803789758,-0.00653067814088379,-0.00354940010298621
"454317",0.0330915643487568,0.14749161679154,0.0985962594178647,0.0488953573736756,0.114400052442783,0.0655046950691079
"242643",0.806532752262802,0.154543152297901,0.806532752262802,-0.651989599964901,-0.651989599964901,0
"397980",0.187746787540974,0.151020497067194,0.169412461857525,-0.0183919647903312,-0.0367262904737796,-0.0183343256834484
"353003",0.171365679241717,0.26488205402269,0.222766997738901,0.0421150562837893,0.0935163747809736,0.0514013184971844
"506785",0.15139276087409,0.0421774326392688,0.0917457784225723,-0.0495683457833034,-0.109215328234821,-0.0596469824515176
"347762",0.447814567927442,0.233201792663793,0.311532776328867,-0.0783309836650744,-0.214612775263649,-0.136281791598575
"218524",0.328249456470123,0.272414706297713,0.29860022640192,-0.0261855201042075,-0.0558347501724101,-0.0296492300682026
"123223",0.129989583598293,0.292146409279207,0.205578519288956,0.0865678899902513,0.162156825680914,0.0755889356906623
"139503",1.64809774445044,0.557910304413626,0.930074103932298,-0.372163799518673,-1.09018744003682,-0.718023640518146
"303910",0.127607743307323,0.298021516666129,0.217128062041611,0.0808934546245186,0.170413773358806,0.0895203187342877
"485746",0.0197611632195325,0.130629976417354,0.0846388352402809,0.0459911411770731,0.110868813197821,0.0648776720207483
"493549",2.89601766605106,0.889909094703571,1.60008992556333,-0.710180830859755,-2.00610857134749,-1.29592774048774
"2845",2.70632219059429,0.719705250024954,1.35869306898794,-0.638987818962986,-1.98661694056934,-1.34762912160635
"116044",1.64800289384575,0.830500071969232,1.14720624834206,-0.316706176372827,-0.817502821876515,-0.500796645503687
"101561",0.0568606506955621,0.106262405992644,0.0820896376457627,0.0241727683468814,0.049401755297082,0.0252289869502006
"116236",0.0301245433118029,0.0874337185065843,0.0600010318495414,0.027432686657043,0.0573091751947814,0.0298764885377385
"368797",0.232959314550375,0.277243565196137,0.255756204475751,0.0214873607203868,0.0442842506457625,0.0227968899253758
"133376",0.425763626858756,0.173208183956162,0.257330934768472,-0.0841227508123102,-0.252555442902594,-0.168432692090284
"157855",7.57259143621379,0.846896658506922,7.57259143621379,-6.72569477770687,-6.72569477770687,0
"558694",0.825484105441633,0.476941116431932,0.612186687196633,-0.135245570764701,-0.348542989009701,-0.213297418245
"455357",0.1637431029834,0.267979958525605,0.215059082410017,0.0529208761155879,0.104236855542205,0.0513159794266171
"506493",0.813997698859586,0.603427174603036,0.687375887469323,-0.0839487128662876,-0.21057052425655,-0.126621811390263
"54190",6.55510857755388,2.01873582365753,3.28156261225704,-1.26282678859951,-4.53637275389635,-3.27354596529684
"407714",0.193570709041139,0.219333052019133,0.207889027159887,0.0114440248592458,0.0257623429779945,0.0143183181187488
"219914",0.436634370426685,0.306784544995426,0.358462312880895,-0.0516777678854685,-0.129849825431258,-0.07817205754579
"121718",0.0325425706441399,0.0392828908164625,0.0361189262025484,0.00316396461391405,0.00674032017232257,0.00357635555840852
"491645",0.018621921130256,0.12606222407687,0.0734053094403218,0.0526569146365479,0.107440302946614,0.0547833883100657
"114270",0.0267085815646244,0.0538121323936861,0.0406516217657568,0.0131605106279293,0.0271035508290616,0.0139430402011323
"11859",2.93761743824091,0.561796065915034,2.93761743824091,-2.37582137232587,-2.37582137232587,0
"391945",0.895087445260853,0.548897136542819,0.686764323004381,-0.137867186461561,-0.346190308718034,-0.208323122256472
"529069",2.79474996757445,0.848871907651042,1.52192441480681,-0.673052507155771,-1.94587805992341,-1.27282555276764
"494843",2.05770410418315,0.685902446816611,1.21474042559281,-0.528837978776203,-1.37180165736654,-0.842963678590336
"514262",0.266665884705623,0.18922471489669,0.224955844758384,-0.0357311298616942,-0.0774411698089335,-0.0417100399472393
"172197",2.39467012862148,1.49326025851858,1.84732908204522,-0.354068823526642,-0.901409870102901,-0.547341046576259
"100445",0.0529593052636898,0.104156038414058,0.0794289161051107,0.0247271223089474,0.0511967331503683,0.026469610841421
"282656",1.81399559764663,0.592659571339883,1.03038548750726,-0.437725916167377,-1.22133602630674,-0.783610110139367
"492036",0.17610261149314,0.131426772659553,0.153105441367091,-0.0216786687075377,-0.0446758388335873,-0.0229971701260496
"40699",0.354209959282808,0.312647975838815,0.329036375312301,-0.0163883994734857,-0.0415619834439921,-0.0251735839705064
"460846",0.187145823642267,0.287702443073646,0.240709526531777,0.0469929165418697,0.10055661943138,0.05356370288951
"407671",0.0510429872308379,0.0749487098781257,0.0629310568776641,0.0120176530004616,0.0239057226472878,0.0118880696468262
"23650",0.137282033222844,0.230786596894733,0.183752588225942,0.0470340086687902,0.0935045636718883,0.0464705550030981
"73285",0.376866081477676,0.264358257449727,0.321498541481952,-0.0571402840322256,-0.112507824027949,-0.0553675399957237
"243725",0.425366186207176,0.162517364706982,0.282132996769923,-0.119615632062942,-0.262848821500195,-0.143233189437253
"146215",10,1.43829282043904,10,-8.56170717956096,-8.56170717956096,0
"351178",0.0618554770763613,0.0348621040323637,0.047990230546406,-0.0131281265140423,-0.0269933730439976,-0.0138652465299553
"430118",0.899422182275197,0.479265249277749,0.63627848024255,-0.157013230964801,-0.420156932997448,-0.263143702032647
"206279",0.128542634999956,0.223468312545598,0.180701368500411,0.042766944045187,0.0949256775456415,0.0521587335004545
"155920",1.49432216914192,0.464282222459701,0.789978200698446,-0.325695978238745,-1.03003994668222,-0.704343968443478
"534576",0.104782436791697,0.121555674430851,0.113466242693619,0.0080894317372314,0.016773237639154,0.00868380590192261
"472784",0.307817814483038,0.336106334554429,0.321776934243637,0.0143294003107921,0.028288520071391,0.0139591197605989
"490990",0.0573506111074175,0.0677175489468309,0.063211488596304,0.00450606035052684,0.0103669378394133,0.00586087748888648
"537213",0.125374861512489,0.0997733280121175,0.111486832776185,-0.0117135047640674,-0.0256015335003715,-0.0138880287363041
"512348",0.132845945515326,0.148139934769772,0.14077188880329,0.00736804596648141,0.0152939892544454,0.00792594328796403
"330991",0.0256293098558125,0.092382548069991,0.0640817613664587,0.0283007867035323,0.0667532382141785,0.0384524515106462
"221913",0.0709943317960545,0.165835890802786,0.119637683539199,0.046198207263587,0.0948415590067316,0.0486433517431446
"248039",0.02759313900456,0.0843675876818784,0.0625360141078942,0.0218315735739842,0.0567744486773183,0.0349428751033342
"450496",0.324752546833265,0.320902580792519,0.322407507280082,-0.0015049264875629,-0.00384996604074611,-0.00234503955318321
"510118",0.0101161982038726,0.0540623387779339,0.0343308321427255,0.0197315066352085,0.0439461405740613,0.0242146339388528
"133344",1.89846407072631,0.568165454880826,1.04866282563761,-0.480497370756785,-1.33029861584548,-0.849801245088696
"251245",0.124679200364045,0.0739341466089949,0.0975633711324242,-0.0236292245234293,-0.0507450537550496,-0.0271158292316203
"216038",2.00178604698132,0.559644969110342,1.08571194040531,-0.526066971294971,-1.44214107787098,-0.91607410657601
"397141",0.0240304639709507,0.113742308014503,0.0703991581384586,0.0433431498760448,0.0897118440435526,0.0463686941675079
"274729",1e-08,0.12639864754684,0.0700136868687133,0.0563849606781265,0.12639863754684,0.0700136768687133
"124822",0.5181001534728,0.336699705246888,0.412095211858864,-0.075395506611976,-0.181400448225912,-0.106004941613936
"81450",3.6982595911563,1.05499993815361,1.82687440432734,-0.771874466173728,-2.64325965300269,-1.87138518682896
"151995",1.6108334941572,0.764959523562909,1.09930161746285,-0.334342093899944,-0.845873970594286,-0.511531876694342
"193812",0.442286922379296,0.243790489169855,0.341999965403974,-0.0982094762341189,-0.198496433209441,-0.100286956975322
"413361",0.0477811098833629,0.0587612572465423,0.053558710302711,0.00520254694383127,0.0109801473631794,0.00577760041934815
"94906",0.698526221472743,0.301081276312338,0.465028817254094,-0.163947540941757,-0.397444945160405,-0.233497404218649
"248129",0.00693794398338097,0.0434310251834859,0.025857634488675,0.0175733906948109,0.0364930812001049,0.018919690505294
"53541",0.0999544264003032,0.199548254159766,0.151599907152824,0.0479483470069426,0.0995938277594632,0.0516454807525207
"107419",0.0564382291656008,0.122697853058503,0.0933747223967292,0.0293231306617735,0.0662596238929019,0.0369364932311284
"309438",0.351274153855853,0.303220909696601,0.321600277946213,-0.0183793682496127,-0.0480532441592522,-0.0296738759096394
"447483",0.907288327591031,0.477794214849683,0.636550615371847,-0.158756400522165,-0.429494112741349,-0.270737712219184
"73356",0.468443902817247,0.201723132887353,0.322544154998416,-0.120821022111062,-0.266720769929894,-0.145899747818831
"485076",0.747278979540519,0.307734072193547,0.445126750125943,-0.137392677932396,-0.439544907346972,-0.302152229414576
"468987",0.891610739927817,0.507794533444389,0.655972746156412,-0.148178212712023,-0.383816206483428,-0.235637993771405
"245040",0.0784469849319858,0.188698761739494,0.135267068231534,0.0534316935079603,0.110251776807509,0.0568200832995483
"413063",3.40656262263908,0.500953488881327,3.40656262263908,-2.90560913375775,-2.90560913375775,0
"520511",0.413875621188376,0.238779449056241,0.327372872653813,-0.0885934235975726,-0.175096172132136,-0.086502748534563
"552501",0.277158960328478,0.20824890350595,0.242030855957248,-0.033781952451298,-0.0689100568225275,-0.0351281043712295
"108427",3.57194420074847,1.74231391306262,2.36424431863512,-0.621930405572499,-1.82963028768584,-1.20769988211335
"564740",1.48817548675606,0.804169935707796,1.0623832231307,-0.258213287422903,-0.684005551048266,-0.425792263625363
"309576",0.0332455103030438,0.0744443345172063,0.0552892009548762,0.0191551335623301,0.0411988242141625,0.0220436906518324
"29781",0.0863668649345723,0.24365238238851,0.16778524466221,0.0758671377262999,0.157285517453938,0.0814183797276381
"168982",1.31567743460884,0.467191372638385,0.812798463123338,-0.345607090484953,-0.848486061970451,-0.502878971485498
"499923",1.58828353653038,0.402252234330668,0.880555675376772,-0.478303441046103,-1.18603130219972,-0.707727861153613
"295908",0.0185004684445308,0.046700794029491,0.03375480983536,0.012945984194131,0.0282003255849602,0.0152543413908292
"178090",0.794414911671626,0.398558858872782,0.576345746704269,-0.177786887831486,-0.395856052798844,-0.218069164967358
"194137",1.69831268476942,0.617109770251923,1.0038988148219,-0.386789044569977,-1.0812029145175,-0.694413869947522
"507535",1.58757894376604,0.26213815826678,1.58757894376604,-1.32544078549926,-1.32544078549926,0
"75795",0.210419017995123,0.26326711626601,0.236853842593188,0.0264132736728211,0.0528480982708868,0.0264348245980657
"91462",0.503121852613138,0.3420255175173,0.406579664980491,-0.0645541474631909,-0.161096335095838,-0.096542187632647
"426629",0.414589129527915,0.302176504208974,0.346265801577087,-0.0440892973681126,-0.112412625318941,-0.0683233279508283
"176067",0.41126533950732,0.199730730075263,0.300523926984683,-0.100793196909419,-0.211534609432057,-0.110741412522637
"407159",0.974142120838715,0.384517326607339,0.655761299068596,-0.271243972461257,-0.589624794231376,-0.318380821770119
"476438",0.0681322265179027,0.16134806417567,0.115204767057925,0.0461432971177444,0.0932158376577672,0.0470725405400228
"190216",0.0464590109351235,0.100342109179211,0.0725953614403126,0.0277467477388981,0.0538830982440873,0.0261363505051892
"538566",0.438233823977762,0.309375883617261,0.360642778190636,-0.0512668945733747,-0.128857940360501,-0.0775910457871262
"248077",1.07431195073447,0.31118701304496,0.576090245500232,-0.264903232455272,-0.763124937689514,-0.498221705234242
"316550",0.187048061397431,0.206985678407812,0.197371918615131,0.00961375979268164,0.0199376170103811,0.0103238572176994
"55187",0.0573750185407259,0.0776955201565401,0.0681587399040058,0.00953678025253429,0.0203205016158142,0.0107837213632799
"416209",1e-08,0.114815576389747,0.0610713320720394,0.0537442443177078,0.114815566389747,0.0610713220720394
"24605",1.0678445920698,0.476488285352941,0.709635406149448,-0.233147120796508,-0.591356306716862,-0.358209185920354
"355829",1.28610605924295,0.675464306851896,0.881103932012774,-0.205639625160878,-0.610641752391058,-0.405002127230181
"253971",1.35650526279804,0.517897293327456,0.874681123080041,-0.356783829752584,-0.838607969470587,-0.481824139718002
"121177",0.0717928631448684,0.1648998799249,0.120207117052408,0.0446927628724925,0.0931070167800317,0.0484142539075393
"321396",0.027650401401062,0.0703811458483598,0.0494589245743992,0.0209222212739606,0.0427307444472978,0.0218085231733372
"550704",0.182590077825108,0.260071244540824,0.223073952666379,0.0369972918744455,0.0774811667157163,0.0404838748412708
"302116",0.0556069262452928,0.136583654286395,0.0990172563072367,0.0375663979791579,0.0809767280411018,0.0434103300619439
"454841",3.25218385532728,0.75491172311093,1.61255547525421,-0.857643752143277,-2.49727213221635,-1.63962838007307
"25821",3.11878251756604,0.893101743627409,1.69451392095308,-0.801412177325668,-2.22568077393863,-1.42426859661297
"482182",0.0623331161391268,0.0476858447438801,0.0542149136377353,-0.00652906889385513,-0.0146472713952467,-0.00811820250139156
"243728",0.0305311881816027,0.0797666959684524,0.0565667377178209,0.0231999582506315,0.0492355077868497,0.0260355495362182
"516593",0.54690114917917,0.247716203079937,0.361828449736013,-0.114112246656076,-0.299184946099234,-0.185072699443157
"161469",0.0178569856717894,0.100600271285037,0.0629531136761129,0.0376471576089246,0.082743285613248,0.0450961280043235
"325779",0.061867968051812,0.106241327576266,0.0841363213942353,0.0221050061820306,0.0443733595244539,0.0222683533424233
"474764",1.03104183282087,0.419025048028833,0.646389499946843,-0.22736445191801,-0.612016784792034,-0.384652332874025
"338175",0.943431879721981,0.583478880559364,0.726947653136133,-0.143468772576769,-0.359952999162617,-0.216484226585847
"154104",1.05262428807941,0.344497337294111,0.591275046443782,-0.24677770914967,-0.7081269507853,-0.461349241635629
"34844",0.0781361113470658,0.0843862621034071,0.0814797169414318,0.00290654516197535,0.00625015075634133,0.00334360559436599
"513296",0.298486342493959,0.283267921721995,0.288900412286845,-0.00563249056485032,-0.0152184207719646,-0.00958593020711423
"163156",0.174103485880419,0.218498045779278,0.196917110000067,0.0215809357792111,0.0443945598988588,0.0228136241196477
"201460",0.250598645747771,0.485037420464668,0.35447189399122,0.130565526473448,0.234438774716897,0.103873248243449
"293229",1.51575845720628,0.608292186818966,1.00756946836283,-0.399277281543863,-0.907466270387317,-0.508188988843455
"218518",1.10646967100784,0.359213599619362,0.632609214526557,-0.273395614907195,-0.747256071388483,-0.473860456481288
"42497",0.00649283141636441,0.0224656146987688,0.0140400917953769,0.00842552290339185,0.0159727832824044,0.0075472603790125
"55811",0.15560085283803,0.200546525103571,0.178400854264298,0.0221456708392727,0.0449456722655411,0.0228000014262684
"570244",2.7408090244699,0.793006211649809,1.32414184013215,-0.531135628482339,-1.94780281282009,-1.41666718433775
"412167",0.123803592425703,0.119534401623121,0.121492666458621,-0.00195826483549968,-0.00426919080258115,-0.00231092596708146
"68623",0.0231574911526161,0.0700157846089938,0.047033797824953,0.0229819867840407,0.0468582934563777,0.023876306672337
"527895",0.0208557063581128,0.0576937144321547,0.0407748093288088,0.0169189051033459,0.0368380080740419,0.019919102970696
"412822",0.260715804497053,0.140867909323505,0.196035386372336,-0.0551674770488307,-0.119847895173548,-0.0646804181247169
"283058",2.82844350364269,1.10267047986317,1.74681306526551,-0.644142585402345,-1.72577302377952,-1.08163043837717
"360453",1.88965630758219,0.581965056814515,1.0570881976155,-0.475123140800986,-1.30769125076767,-0.832568109966687
"92974",0.444922685020702,0.319357389869219,0.368226435940506,-0.0488690460712864,-0.125565295151483,-0.0766962490801966
"532102",0.0760439207169932,0.134326786377228,0.105856897728892,0.0284698886483362,0.0582828656602347,0.0298129770118985
"61484",0.0222271895146014,0.0555970437399129,0.0386291803495979,0.016967863390315,0.0333698542253115,0.0164019908349965
"18085",0.26136786414471,0.419790596973569,0.337508185953298,0.0822824110202708,0.158422732828859,0.076140321808588
"365167",0.0733113431382306,0.0893158542117365,0.082024169227931,0.00729168498380552,0.0160045110735059,0.00871282608970038
"373131",0.0284158262541886,0.0750470485544506,0.0515410374784913,0.0235060110759593,0.046631222300262,0.0231252112243027
"315445",0.733843378233112,0.328289370518319,0.502436652050507,-0.174147281532188,-0.405554007714793,-0.231406726182605
"147800",0.604089343761172,0.393635444153765,0.481433132535048,-0.0877976883812829,-0.210453899607408,-0.122656211226125
"539062",0.973620068974822,0.619652031597826,0.767908002361062,-0.148255970763236,-0.353968037376996,-0.20571206661376
"173329",0.456444287208337,0.46790226625708,0.462640314745144,0.00526195151193576,0.0114579790487433,0.00619602753680759
"321765",0.0459170076861227,0.0943568759538626,0.0696387384997786,0.024718137454084,0.0484398682677398,0.0237217308136559
"273002",0.530036097831694,0.454640220599616,0.489384947067705,-0.0347447264680893,-0.0753958772320783,-0.040651150763989
"495541",0.122630626449719,0.170382518848151,0.146216907885962,0.024165610962189,0.0477518923984317,0.0235862814362427
"286793",0.71192601013981,0.536951698290321,0.606472496663112,-0.0695207983727909,-0.174974311849489,-0.105453513476698
"438675",0.0262697387107935,0.125855891050382,0.0751631511553099,0.0506927398950723,0.0995861523395887,0.0488934124445164
"348179",1.44800450299698,0.390566640967836,0.810866739818188,-0.420300098850352,-1.05743786202915,-0.637137763178795
"100724",0.0978186433216862,0.256541724009311,0.178628194407282,0.0779135296020285,0.158723080687624,0.080809551085596
"145841",0.0762082380310474,0.0684190721186699,0.0719485743206424,-0.00352950220197253,-0.00778916591237747,-0.00425966371040494
"433462",0.226336142662203,0.229442075104983,0.228061672819417,0.00138040228556646,0.00310593244278015,0.00172553015721369
"127157",0.0191667499228357,0.118864560312587,0.0693070678480185,0.0495574924645681,0.099697810389751,0.0501403179251828
"517038",3.09260156347909,0.796992209071872,1.58300989295635,-0.786017683884477,-2.29560935440722,-1.50959167052275
"463124",0.147608407353247,0.234182458252753,0.192848759196872,0.0413336990558806,0.0865740508995061,0.0452403518436254
"486806",0.248756551858156,0.313484249084559,0.287476800884059,0.0260074482004998,0.0647276972264029,0.0387202490259031
"449616",0.232080082990434,0.229996869146743,0.230928927919128,-0.000932058772385419,-0.00208321384369078,-0.00115115507130537
"319298",0.638693081906569,0.445346982941667,0.50885246820531,-0.063505485263643,-0.193346098964902,-0.129840613701259
"87431",0.20294111200778,0.249131485081211,0.225879678371966,0.0232518067092453,0.0461903730734315,0.0229385663641862
"153920",0.0190216747453022,0.0864148347551217,0.0538636005090206,0.0325512342461011,0.0673931600098195,0.0348419257637184
"11527",10,3.93890477311217,8.54558400720443,-4.60667923409226,-6.06109522688783,-1.45441599279557
"178769",0.512891410450621,0.617746475086017,0.567278631742136,0.0504678433438814,0.104855064635396,0.0543872212915147
"222063",0.199349973483629,0.202082872357684,0.199715285748538,0.00236758660914602,0.00273289887405445,0.000365312264908435
"466203",0.127822321405146,0.224467255418554,0.178621810589455,0.0458454448290983,0.0966449340134077,0.0507994891843094
"402983",1.48704175287872,0.631365495849153,0.925641536104042,-0.294276040254889,-0.855676257029571,-0.561400216774681
"122089",2.03197244153801,0.698808561090039,1.2193377424176,-0.520529181327558,-1.33316388044797,-0.812634699120412
"275290",0.0826440796573698,0.243608521953552,0.162099095984839,0.0815094259687123,0.160964442296182,0.0794550163274694
"268073",2.68814100477337,0.893159039922701,1.52095841154764,-0.627799371624935,-1.79498196485067,-1.16718259322573
"548774",3.04748827880351,0.936944489661193,1.68908325236086,-0.752138762699672,-2.11054378914232,-1.35840502644265
"305267",0.303960314370238,0.132775963862715,0.216066099446605,-0.0832901355838899,-0.171184350507524,-0.0878942149236337
"194823",2.76251192855466,1.52078706677671,1.92549143183687,-0.40470436506016,-1.24172486177795,-0.837020496717787
"531972",0.112761941224869,0.179422480673464,0.145950338753408,0.0334721419200564,0.0666605394485949,0.0331883975285385
"333734",0.562794349625792,0.248594363962281,0.37169308917357,-0.123098725211289,-0.31419998566351,-0.191101260452222
"373801",0.0476437931076984,0.141247492984858,0.0963368088195887,0.0449106841652697,0.09360369987716,0.0486930157118903
"54070",2.01670136108234,0.613539144121151,1.13866230322744,-0.52512315910629,-1.40316221696119,-0.878039057854896
"514529",0.257781688980521,0.328796228174409,0.292236910313965,0.0365593178604439,0.0710145391938881,0.0344552213334443
"480144",0.099644194215379,0.207586338364376,0.153148330451538,0.0544380079128378,0.107942144148997,0.053504136236159
"219929",0.0566888010893526,0.180429011945817,0.119477700075515,0.0609513118703019,0.123740210856464,0.0627888989861625
"136962",1.35065020408506,0.497022239100451,0.843663510892649,-0.346641271792198,-0.853627964984613,-0.506986693192415
"462366",0.0480717169778808,0.0970548603531919,0.0759035008022227,0.0211513595509692,0.0489831433753112,0.027831783824342
"426494",0.065760795276468,0.175207811163416,0.120202604245211,0.0550052069182049,0.109447015886948,0.0544418089687427
"145591",0.176327491721351,0.176054390634594,0.17621499253881,-0.000160601904215907,-0.000273101086756489,-0.000112499182540582
"230157",7.31914604134527,1.45231880890209,2.9698249243053,-1.51750611540321,-5.86682723244318,-4.34932111703997
"400333",1.3474076140493,0.381915613649061,0.757083540710715,-0.375167927061655,-0.965492000400241,-0.590324073338586
"92238",0.116812110691876,0.0873157402436484,0.101600578237496,-0.0142848379938476,-0.0294963704482276,-0.01521153245438
"242020",0.130969892585852,0.197712876227836,0.164742302088513,0.0329705741393228,0.0667429836419834,0.0337724095026606
"272729",1.49444381176585,0.64475071121446,0.943421034185033,-0.298670322970573,-0.849693100551385,-0.551022777580812
"236038",2.1180309261006,1.16511448608242,1.50640042790302,-0.341285941820595,-0.952916440018175,-0.61163049819758
"88405",0.221803245054146,0.205750192530812,0.21268739349806,-0.00693720096724837,-0.0160530525233338,-0.00911585155608546
"496819",0.0395103562644663,0.111715362687616,0.0774738759309584,0.0342414867566575,0.0722050064231496,0.0379635196664921
"296288",0.206486329801612,0.120403248050537,0.161979513815788,-0.0415762657652509,-0.0860830817510753,-0.0445068159858245
"95251",1.30777754894631,0.498979014933794,0.82792528760029,-0.328946272666496,-0.808798534012521,-0.479852261346025
"164052",0.208010342280436,0.127015268690056,0.164870907103638,-0.0378556384135826,-0.0809950735903806,-0.043139435176798
"362839",0.0889596399848506,0.075857010827384,0.0816150796209867,-0.00575806879360272,-0.0131026291574666,-0.00734456036386384
"201482",0.0217951025281796,0.0567268694711997,0.0394016830603477,0.017325186410852,0.03493176694302,0.017606580532168
"52426",0.0538028676833233,0.0747195443271318,0.0641073221055058,0.0106122222216261,0.0209166766438085,0.0103044544221824
"262204",0.0123885968382352,0.0630886056562655,0.0392184488085029,0.0238701568477626,0.0507000088180303,0.0268298519702678
"507806",0.511259295135181,0.311964163956837,0.390336984981166,-0.0783728210243294,-0.199295131178344,-0.120922310154015
"272812",0.777010130288502,0.406050588485987,0.57082970002423,-0.164779111538242,-0.370959541802514,-0.206180430264272
"300841",0.0507940233417365,0.0952653040438629,0.0746834309269942,0.0205818731168687,0.0444712807021263,0.0238894075852576
"125346",0.151926010649841,0.141556277384778,0.146788295938817,-0.00523201855403982,-0.0103697332650636,-0.00513771471102376
"107077",0.0675234346400671,0.209427787471422,0.141905636224761,0.0675221512466611,0.141904352831355,0.074382201584694
"566511",0.0569278788154539,0.122680688092247,0.08900851753553,0.0336721705567167,0.0657528092767928,0.0320806387200761
"50388",0.0144266483318274,0.046111340335296,0.0304677348461705,0.0156436054891255,0.0316846920034685,0.0160410865143431
"27631",0.0880975848620457,0.107013367331843,0.0976518474117688,0.00936151992007467,0.0189157824697978,0.00955426254972311
"9908",4.85017293642194,2.52015752339536,3.20494659057199,-0.684789067176629,-2.33001541302657,-1.64522634584994
"334165",4.88834938435648,0.960117088735893,4.88834938435648,-3.92823229562059,-3.92823229562059,0
"412035",0.50089676285278,0.289583242408986,0.373362535304492,-0.083779292895506,-0.211313520443794,-0.127534227548288
"450720",0.0313712581824369,0.0450612547743554,0.0382771115451968,0.00678414322915859,0.0136899965919185,0.00690585336275987
"484461",0.212131513479394,0.243697624829209,0.227985816491712,0.0157118083374969,0.0315661113498155,0.0158543030123186
"83253",0.867162204152103,0.0818563755745194,0.867162204152103,-0.785305828577584,-0.785305828577584,0
"429180",0.31352703660103,0.299250752061174,0.305802602302922,-0.00655185024174826,-0.0142762845398566,-0.00772443429810832
"451425",1.8983272361873,0.174121484691113,1.8983272361873,-1.72420575149619,-1.72420575149619,0
"288682",0.0373850302827854,0.0712526322830898,0.0553166746563937,0.0159359576266961,0.0338676020003044,0.0179316443736083
"523820",0.117973996711328,0.197758991177326,0.160415647670929,0.0373433435063973,0.0797849944659983,0.0424416509596011
"216881",0.140289596207578,0.164127539601586,0.152071144852766,0.0120563947488199,0.0238379433940081,0.0117815486451883
"385089",0.059143313637233,0.169085245420853,0.114283513427349,0.0548017319935041,0.10994193178362,0.055140199790116
"55212",0.899887161143701,0.532080605641002,0.68265551584922,-0.150574910208219,-0.367806555502699,-0.21723164529448
"382776",0.435280212856135,0.326458075991458,0.370641917535143,-0.0441838415436847,-0.108822136864677,-0.0646382953209921
"334375",0.0169980054936633,0.106192063428098,0.0626636846631559,0.0435283787649418,0.0891940579344343,0.0456656791694925
"34889",0.546002779378985,0.449249575534496,0.492337473645744,-0.0430878981112483,-0.0967532038444892,-0.0536653057332409
"203887",0.414079229390657,0.35179646668846,0.376506761490007,-0.024710294801546,-0.062282762702196,-0.03757246790065
"333255",1e-08,0.0265893402997985,0.0130224902701846,0.013566850029614,0.0265893302997985,0.0130224802701846
"69696",0.0769811914510916,0.0544436388432079,0.0641420369823008,-0.00969839813909289,-0.0225375526078837,-0.0128391544687908
"345062",0.371935529085948,0.482835656260048,0.422253969964484,0.0605816862955638,0.1109001271741,0.0503184408785362
"108710",2.24423038755335,0.527557876928222,1.16424828643344,-0.63669040950522,-1.71667251062513,-1.07998210111991
"399802",0.0292995808958883,0.0345513061625461,0.0322028553316624,0.00234845083088368,0.00525172526665784,0.00290327443577416
"141634",10,1.44930714023141,10,-8.55069285976859,-8.55069285976859,0
"72561",0.0536612545694732,0.153518467359689,0.108755963340448,0.0447625040192402,0.0998572127902153,0.0550947087709751
"295631",0.157352812178598,0.270161023395038,0.215391698894544,0.0547693245004947,0.11280821121644,0.0580388867159454
"301939",0.240138302491034,0.196310363365261,0.218060085200984,-0.0217497218357234,-0.0438279391257735,-0.0220782172900501
"445148",0.14983152962556,0.214490256173939,0.193915752996518,0.020574503177421,0.0646587265483786,0.0440842233709576
"114267",1.486868017633,0.93355315447128,1.15570324736333,-0.222150092892055,-0.553314863161722,-0.331164770269668
"94127",0.0465379097350685,0.0551587179776274,0.051117945137086,0.00404077284054136,0.00862080824255883,0.00458003540201748
"246787",0.263512580810726,0.273174692990643,0.268662967987145,0.004511725003498,0.00966211217991697,0.00515038717641897
"56732",0.439103303865554,0.130916280623265,0.270770708747228,-0.139854428123964,-0.308187023242289,-0.168332595118326
"1918",0.460380948739388,0.434911979959445,0.446009817730001,-0.011097837770556,-0.0254689687799435,-0.0143711310093875
"90648",0.178156725771785,0.341842392545783,0.260681956951058,0.0811604355947246,0.163685666773998,0.0825252311792729
"352737",0.675314044621789,0.531179226329652,0.584943559874624,-0.0537643335449728,-0.144134818292137,-0.0903704847471645
"316718",0.275165380693658,0.0984334222927212,0.167702653971878,-0.0692692316791569,-0.176731958400937,-0.10746272672178
"150977",0.125479801800639,0.219934797247346,0.172928475725006,0.0470063215223401,0.0944549954467071,0.047448673924367
"204274",0.0462096076686744,0.0598188792183711,0.0530862874958445,0.00673259172252659,0.0136092715496967,0.00687667982717007
"78117",1.20077894185788,0.538261731031294,0.814802455341678,-0.276540724310384,-0.662517210826586,-0.385976486516202
"479938",1.27325649918485,0.290091694488208,0.64443596365994,-0.354344269171731,-0.983164804696645,-0.628820535524914
"316547",0.0757222027926557,0.147225352375739,0.113537559615463,0.0336877927602756,0.0715031495830831,0.0378153568228075
"127311",0.010751602876195,0.0700945977181389,0.0420319834213121,0.0280626142968267,0.0593429948419439,0.0312803805451172
"134947",0.057259764984758,0.141260208273104,0.101148548172475,0.0401116601006283,0.0840004432883457,0.0438887831877174
"453052",0.715710734321061,0.23538996321966,0.422264050491585,-0.186874087271926,-0.480320771101401,-0.293446683829476
"512505",1e-08,0.0665791081703804,0.0338951416442076,0.0326839665261728,0.0665790981703804,0.0338951316442076
"578572",4.60585536198198,0.949203845546106,2.04917496591893,-1.09997112037282,-3.65665151643587,-2.55668039606305
"90210",0.0537595889437193,0.114742823500197,0.0863421460199028,0.0284006774802944,0.0609832345564778,0.0325825570761834
"487621",0.0346099650755274,0.0591718944360511,0.0476076604104156,0.0115642340256355,0.0245619293605237,0.0129976953348882
"503649",1.99028924399114,0.566899036765147,1.08847228696348,-0.521573250198331,-1.42339020722599,-0.90181695702766
"465802",0.111917176541576,0.202964732095438,0.160360060109514,0.0426046719859235,0.0910475555538617,0.0484428835679382
"208742",0.388128595655222,0.496186971614341,0.449397020271639,0.0467899513427021,0.108058375959118,0.0612684246164163
"347021",0.0744482791027313,0.178023898949033,0.128723431270548,0.0493004676784852,0.103575619846302,0.0542751521678169
"294917",0.539917859965192,0.501333402685918,0.518866112309118,-0.0175327096231996,-0.038584457279274,-0.0210517476560743
"203797",0.818705074139565,0.637541293196974,0.710484478708868,-0.0729431855118945,-0.181163780942591,-0.108220595430697
"487782",0.0468016177908487,0.150492219972817,0.108020876145181,0.0424713438276362,0.103690602181969,0.0612192583543325
"117825",0.596041825827507,0.28535665342846,0.408461106525807,-0.123104453097346,-0.310685172399047,-0.187580719301701
"523055",1.93904041871033,0.871801583535618,1.30819098292897,-0.436389399393352,-1.06723883517472,-0.630849435781363
"92812",0.0954047848130794,0.131088369961001,0.113172018614224,0.0179163513467771,0.0356835851479216,0.0177672338011445
"301154",5.9228593351976,0.763486106408023,5.9228593351976,-5.15937322878958,-5.15937322878958,0
"282696",0.125687845205182,0.104622622010802,0.11493769975445,-0.0103150777436481,-0.0210652231943803,-0.0107501454507322
"506294",0.0417448692810865,0.0522176200525966,0.0472281562160985,0.0049894638364981,0.0104727507715101,0.00548328693501204
"500742",0.185963219421576,0.203258983112698,0.19568193204586,0.0075770510668382,0.0172957636911221,0.00971871262428389
"299335",0.321509739792697,0.258306014826119,0.28904253626668,-0.0307365214405609,-0.0632037249665783,-0.0324672035260175
"497816",0.399575593722602,0.362909297742329,0.381874549722275,-0.0189652519799458,-0.0366662959802726,-0.0177010440003268
"146885",0.257821121243173,0.146071407843996,0.200491530329352,-0.054420122485356,-0.111749713399177,-0.0573295909138213
"375143",1.04077780119396,0.456951256624483,0.732619453388835,-0.275668196764352,-0.583826544569476,-0.308158347805124
"124806",0.500234107350883,0.254234684483853,0.349216128870189,-0.0949814443863357,-0.245999422867029,-0.151017978480694
"357799",0.0214296242528654,0.0304428883932339,0.0259036395319255,0.00453924886130841,0.00901326414036849,0.00447401527906007
"111579",1.38146663447424,0.33922863411299,0.735430578324025,-0.396201944211035,-1.04223800036125,-0.646036056150213
"125880",0.580517389483219,0.321207686231677,0.42889938121723,-0.107691694985553,-0.259309703251541,-0.151618008265988
"132989",0.823817387917049,0.472902024018756,0.602932970578082,-0.130030946559326,-0.350915363898293,-0.220884417338967
"335341",0.164729613456548,0.133076646347731,0.147513759424195,-0.0144371130764635,-0.0316529671088165,-0.0172158540323529
"512602",0.0814333289552004,0.247230682760503,0.17156972951369,0.0756609532468124,0.165797353805302,0.09013640055849
"418779",1.57441031247655,0.410948263699365,0.770199938638354,-0.359251674938989,-1.16346204877719,-0.804210373838197
"205382",0.0252335351401214,0.135584702427532,0.0863129299904791,0.0492717724370526,0.11035116728741,0.0610793948503577
"43329",0.289369515889628,0.260517772733958,0.274296809359663,-0.0137790366257043,-0.0288517431556695,-0.0150727065299651
"341710",0.155304659649682,0.131764628346998,0.143233985425218,-0.0114693570782193,-0.023540031302684,-0.0120706742244646
"245715",1.16381564782381,0.914959467585567,1.0084223004954,-0.0934628329098334,-0.248856180238244,-0.15539334732841
"446664",0.011787527831145,0.039154764665214,0.0249031147198778,0.0142516499453362,0.027367236834069,0.0131155868887328
"59908",0.0090737271760247,0.0967235586207144,0.0561376104593676,0.0405859481613468,0.0876498314446897,0.0470638832833429
"129066",0.213757983097928,0.241975208903047,0.228505789780434,0.0134694191226125,0.0282172258051185,0.014747806682506
"347919",0.00805068579116549,0.0341971240228172,0.0216655416592465,0.0125315823635707,0.0261464382316517,0.013614855868081
"509419",0.54250049961929,0.505007200167587,0.522187367097893,-0.017180166930306,-0.0374932994517027,-0.0203131325213967
"127114",1.69571101520336,0.63279918217987,1.01876019295794,-0.385961010778068,-1.06291183302349,-0.676950822245421
"228437",4.57055948175052,1.74833044223314,2.47226746740741,-0.723937025174274,-2.82222903951738,-2.09829201434311
"535183",1.13218332311756,0.297748641597315,0.589880454885541,-0.292131813288226,-0.834434681520246,-0.54230286823202
"181692",0.758979431952851,0.386406258596896,0.50683755689175,-0.120431298294854,-0.372573173355955,-0.252141875061101
"268995",8.45398902129774,1.72944064543505,2.92218736691148,-1.19274672147644,-6.72454837586269,-5.53180165438626
"201420",2.39497558016681,0.308919172135005,2.39497558016681,-2.08605640803181,-2.08605640803181,0
"18540",0.00810190707297835,0.0825438610914243,0.0463901334816052,0.0361537276098191,0.074441954018446,0.0382882264086268
"328863",0.376127601984984,0.347656549092481,0.360007848961936,-0.0123512998694557,-0.0284710528925028,-0.0161197530230471
"546917",2.63683365346615,0.281078575810252,2.63683365346615,-2.3557550776559,-2.3557550776559,0
"342254",0.908843851367597,0.326640450131738,0.528032947483518,-0.201392497351781,-0.582203401235859,-0.380810903884079
"416430",0.395669223023963,0.276185484225733,0.322232757486949,-0.0460472732612154,-0.119483738798229,-0.0734364655370139
"351394",1.81613201935241,0.7909867604562,1.203507768073,-0.412521007616802,-1.02514525889621,-0.61262425127941
"38234",0.931554381062279,0.202744807137665,0.495455508933899,-0.292710701796233,-0.728809573924613,-0.43609887212838
"449739",0.597655398338101,0.369349286061384,0.465322437510255,-0.0959731514488708,-0.228306112276717,-0.132332960827847
"511151",0.521346971054103,0.392439168938163,0.447000826623493,-0.0545616576853298,-0.12890780211594,-0.0743461444306099
"544604",0.140763892094884,0.161481572621157,0.150931280029295,0.0105502925918622,0.0207176805262734,0.0101673879344112
"367263",0.0111586965140371,0.0580673895643481,0.0351724390996287,0.0228949504647194,0.0469086930503109,0.0240137425855915
"411189",0.0463760639189079,0.169147603995643,0.116141172447793,0.0530064315478494,0.122771540076735,0.0697651085288853
"287122",0.216312639905129,0.292363154272788,0.25286396617881,0.039499188093978,0.0760505143676589,0.0365513262736809
"239141",0.0345259404238345,0.0622971292515729,0.0499095828773442,0.0123875463742288,0.0277711888277385,0.0153836424535097
"213072",0.463646601990958,0.27354899353855,0.346450672064527,-0.0729016785259768,-0.190097608452408,-0.117195929926431
"149915",0.075908869295442,0.0607076855302632,0.0680395105094071,-0.00733182497914391,-0.0152011837651788,-0.0078693587860349
"327836",0.154917011990207,0.212660317638654,0.183605501168434,0.0290548164702202,0.0577433056484476,0.0286884891782274
"87676",0.0707102141251368,0.0665584383124797,0.0685001608645545,-0.00194172255207478,-0.00415177581265708,-0.0022100532605823
"452761",5.4433630203869,1.26100685466131,2.2564156673938,-0.995408812732492,-4.18235616572559,-3.1869473529931
"412582",0.509780109534354,0.549080562547358,0.531120701845713,0.0179598607016451,0.0393004530130037,0.0213405923113585
"572280",0.962092648389274,0.306711476030458,0.521065662365687,-0.21435418633523,-0.655381172358816,-0.441026986023586
"515681",0.258958252745977,0.234842517394775,0.245844364906277,-0.0110018475115023,-0.0241157353512028,-0.0131138878397005
"350612",0.240819316620696,0.0802655562210345,0.14990601601111,-0.0696404597900757,-0.160553760399661,-0.0909133006095855
"347800",0.543675476240711,0.383565145677826,0.467159536910694,-0.083594391232868,-0.160110330562885,-0.076515939330017
"479532",0.57808781431415,0.482277604926199,0.525932062420782,-0.0436544574945825,-0.0958102093879507,-0.0521557518933682
"513999",0.0432745769108788,0.0494508404955595,0.0465529643617511,0.00289787613380844,0.00617626358468076,0.00327838745087232
"392206",0.0511079350344832,0.0423468042198011,0.0465705629929199,-0.00422375877311885,-0.00876113081468208,-0.00453737204156323
"355273",0.166706183028216,0.220140734233068,0.194181240619477,0.0259594936135912,0.0534345512048521,0.0274750575912609
"203884",0.199586950638921,0.228473554021148,0.215095114949248,0.0133784390719004,0.0288866033822275,0.0155081643103271
"394962",0.372738549985834,0.173147874608979,0.272745315552844,-0.0995974409438653,-0.199590675376855,-0.0999932344329902
"558175",0.405309810804861,0.37754500085584,0.389266893607188,-0.0117218927513472,-0.0277648099490201,-0.016042917197673
"374489",3.0775263851431,0.583957006624057,3.0775263851431,-2.49356937851904,-2.49356937851904,0
"396340",0.604421134867836,0.41532165045844,0.496462203371651,-0.0811405529132111,-0.189099484409396,-0.107958931496185
"552505",0.131362132922774,0.207193996268894,0.170395052954433,0.0367989433144605,0.0758318633461193,0.0390329200316587
"422913",0.238722581982164,0.323395081168662,0.293686875930682,0.0297082052379796,0.0846724991864981,0.0549642939485185
"406069",1.47446278122117,0.432278736892314,0.855764115859448,-0.423485378967135,-1.04218404432886,-0.618698665361725
"93830",0.942737557859831,0.505662631440659,0.669578353545753,-0.163915722105094,-0.437074926419172,-0.273159204314078
"500532",0.0299450580876261,0.0508288390561842,0.0413968169009647,0.00943202215521948,0.0208837809685581,0.0114517588133386
"100020",0.0922983765247171,0.120878595678096,0.107141488137855,0.0137371075402417,0.0285802191533791,0.0148431116131374
"164748",1.23359825861218,0.518990728174917,0.81113684127036,-0.292146113095443,-0.714607530437263,-0.42246141734182
"343113",0.865429377956508,0.372322885322815,0.54564701862179,-0.173324133298975,-0.493106492633693,-0.319782359334718
"456153",2.64678660186573,1.16887582461509,1.72469771333044,-0.555821888715358,-1.47791077725065,-0.92208888853529
"535085",0.956069025476534,0.378448606261819,0.582009968472103,-0.203561362210283,-0.577620419214715,-0.374059057004431
"468933",0.181845085424963,0.108160420012112,0.142883545039405,-0.0347231250272923,-0.0736846654128503,-0.038961540385558
"110360",4.21035773396627,1.35804324677521,2.28112982028879,-0.923086573513578,-2.85231448719105,-1.92922791367748
"574120",10,3.96140804938289,6.00140157415757,-2.03999352477468,-6.03859195061711,-3.99859842584243
"265179",0.318644935591628,0.244620804295728,0.282029539164162,-0.0374087348684345,-0.0740241312959001,-0.0366153964274655
"163081",0.245914659308167,0.316562922119683,0.284264950710795,0.0322979714088879,0.0706482628115153,0.0383502914026274
"475756",0.140858953570393,0.189266382868402,0.165636814112188,0.0236295687562139,0.0484074292980094,0.0247778605417955
"26420",0.6018920322242,0.511859799456756,0.554184941898791,-0.0423251424420354,-0.0900322327674448,-0.0477070903254093
"484000",2.51016443995412,0.592768575161351,1.14034057156767,-0.547571996406319,-1.91739586479277,-1.36982386838645
"483118",1.37332913483718,0.292818262224459,0.680478372728811,-0.387660110504352,-1.08051087261272,-0.692850762108364
"447876",0.0277049208563996,0.0662286881305066,0.0484820728824592,0.0177466152480474,0.038523767274107,0.0207771520260596
"266931",0.0121980177574238,0.0458878497218219,0.0288853391960633,0.0170025105257586,0.0336898319643981,0.0166873214386396
"251247",0.51127738820636,0.218535810819751,0.332519328955769,-0.113983518136018,-0.292741577386609,-0.178758059250591
"544360",0.130254970432511,0.187060242783962,0.15997453241323,0.0270857103707318,0.0568052723514507,0.0297195619807189
"81391",0.0602908251172258,0.100838581956308,0.0814157718652716,0.0194228100910369,0.0405477568390826,0.0211249467480458
"206491",0.358010218355951,0.359785675091616,0.359018426935296,0.000767248156320621,0.00177545673566554,0.00100820857934492
"339394",0.113096837810749,0.0934999153204233,0.102758630783532,-0.00925871546310861,-0.0195969224903255,-0.0103382070272169
"487503",0.96487830725377,0.789443925236767,0.869963558017764,-0.0805196327809971,-0.175434382017002,-0.0949147492360054
"288714",0.238631270634142,0.13485802923851,0.179623434951914,-0.0447654057134042,-0.103773241395632,-0.0590078356822279
"209842",0.569388527697409,0.325653354503417,0.4279537722638,-0.102300417760383,-0.243735173193992,-0.141434755433609
"290596",6.6963297627406,1.28189962970285,6.6963297627406,-5.41443013303775,-5.41443013303775,0
"371111",1.6919194528268,0.275945791458422,1.6919194528268,-1.41597366136838,-1.41597366136838,0
"433358",0.252375168437141,0.308197594026499,0.280048774563251,0.0281488194632472,0.0558224255893579,0.0276736061261107
"432165",0.561844750423577,0.261259232378698,0.375778304376389,-0.114519071997691,-0.300585518044879,-0.186066446047188
"569411",0.199292186760036,0.162899450741641,0.180467100962873,-0.0175676502212316,-0.0363927360183946,-0.018825085797163
"264441",0.387401710353515,0.452286260511169,0.424159392670676,0.0281268678404926,0.0648845501576537,0.0367576823171611
"129696",1.60026007365571,0.609424612464248,0.954517929136913,-0.345093316672665,-0.990835461191465,-0.6457421445188
"275234",0.0336283092840718,0.04839917590488,0.0412662285958556,0.00713294730902443,0.0147708666208082,0.00763791931178374
"257781",0.0412842003823677,0.0945239330344372,0.0692994630185101,0.0252244700159271,0.0532397326520695,0.0280152626361424
"313020",1.09899457160984,0.391770236322337,0.650666589224024,-0.258896352901687,-0.707224335287503,-0.448327982385815
"389633",1.23131018458492,0.503792660701446,0.798355044196851,-0.294562383495405,-0.727517523883475,-0.432955140388069
"279715",0.521632230922195,0.399142757777933,0.451462326428291,-0.052319568650358,-0.122489473144262,-0.070169904493904
"245741",1.97597587473817,0.533564492826497,1.04731796988901,-0.513753477062517,-1.44241138191167,-0.928657904849153
"249568",1.3241981193358,0.68598919274527,0.904315260101256,-0.218326067355986,-0.638208926590535,-0.419882859234549
"394203",0.0414764059157942,0.0261529541162337,0.0338415934566192,-0.00768863934038542,-0.0153234517995605,-0.00763481245917504
"437359",1e-08,0.144965112245467,0.0811406738927788,0.0638244383526882,0.144965102245467,0.0811406638927788
"327172",0.206303979900047,0.255096261224565,0.232307166954933,0.0227890942696314,0.048792281324518,0.0260031870548866
"579569",3.15263517740365,0.544245305702186,3.15263517740365,-2.60838987170146,-2.60838987170146,0
"182002",0.527432393195093,0.257265508410733,0.356447623730779,-0.099182115320046,-0.27016688478436,-0.170984769464314
"517431",0.604944911606732,0.474274374474617,0.533261495833076,-0.058987121358459,-0.130670537132115,-0.0716834157736563
"88046",1.89634183029602,0.856531999229592,1.28068407255273,-0.424152073323135,-1.03980983106643,-0.615657757743295
"165257",0.242021856458228,0.294459194084997,0.268595677557353,0.0258635165276447,0.0524373376267694,0.0265738210991247
"414608",1.77903269568762,0.591908654351615,1.01890423771028,-0.426995583358664,-1.187124041336,-0.760128457977341
"162626",0.0286459818164414,0.166005638002317,0.0984793480282861,0.0675262899740309,0.137359656185876,0.0698333662118447
"96831",3.61929291878381,0.321304411408088,3.61929291878381,-3.29798850737572,-3.29798850737572,0
"72439",10,0.545246631988349,10,-9.45475336801165,-9.45475336801165,0
"245666",0.543856262445554,0.336576243046936,0.422635486778711,-0.086059243731775,-0.207280019398619,-0.121220775666843
"418208",1.02487709971205,0.362338421978433,0.599849017547229,-0.237510595568795,-0.662538677733621,-0.425028082164826
"257265",0.154784975908057,0.255059354266002,0.207159025344162,0.0479003289218398,0.100274378357945,0.052374049436105
"231318",0.227275311547045,0.313766919973717,0.272219438654674,0.041547481319043,0.0864916084266718,0.0449441271076289
"313294",0.159217272545743,0.250265874794209,0.204301356462516,0.0459645183316928,0.091048602248466,0.0450840839167731
"440686",0.0535429375615788,0.14744752581463,0.100007878363439,0.0474396474511914,0.0939045882530516,0.0464649408018602
"362842",0.999980417073527,0.449937283570445,0.656631121572221,-0.206693838001775,-0.550043133503082,-0.343349295501306
"175395",2.42801723383626,1.72112256386996,1.90556807766494,-0.184445513794975,-0.706894669966301,-0.522449156171326
"108461",1e-08,0.0797183004329422,0.0445267893398661,0.0351915110930761,0.0797182904329422,0.0445267793398661
"520585",0.484855591450555,0.35506616304803,0.420838231090884,-0.0657720680428537,-0.129789428402525,-0.0640173603596709
"545638",4.28268854855526,0.966917302236572,1.93751375129045,-0.970596449053881,-3.31577124631869,-2.34517479726481
"458209",0.255436520764389,0.231665164221613,0.24290421695913,-0.0112390527375174,-0.0237713565427755,-0.0125323038052581
"278141",0.800951232556602,0.323830656795334,0.52927926647925,-0.205448609683916,-0.477120575761268,-0.271671966077352
"227759",0.809515396323197,0.513190280164497,0.621534019355401,-0.108343739190904,-0.2963251161587,-0.187981376967796
"149840",0.0891569104773843,0.101191571847644,0.0957109686431862,0.00548060320445766,0.0120346613702596,0.00655405816580197
"17028",0.355092788506194,0.33050939864525,0.341738528541975,-0.0112291298967249,-0.0245833898609442,-0.0133542599642192
"151062",0.0749752780930842,0.10829402074228,0.0920731017092186,0.0162209190330618,0.0333187426491963,0.0170978236161345
"346866",4.71870641186981,1.02013752937445,2.14008295008243,-1.11994542070798,-3.69856888249536,-2.57862346178738
"418619",1.54061848351854,0.774845489091205,1.06179140852271,-0.286945919431503,-0.765772994427336,-0.478827074995832
"403887",0.931283317970575,0.41591014806518,0.607377694556388,-0.191467546491208,-0.515373169905395,-0.323905623414187
"85447",0.453434215094087,0.269472225836383,0.339205828385627,-0.0697336025492433,-0.183961989257703,-0.11422838670846
"531257",10,1.41329247285206,10,-8.58670752714794,-8.58670752714794,0
"62576",0.869376224048539,0.136438668463141,0.869376224048539,-0.732937555585398,-0.732937555585398,0
"489876",0.539326628803618,0.181071997651531,0.35424052667129,-0.173168529019759,-0.358254631152087,-0.185086102132328
"3197",0.181118968450368,0.12105064187372,0.149476194988295,-0.0284255531145742,-0.0600683265766476,-0.0316427734620733
"237415",4.45985703516748,0.894592983026095,1.90002237384871,-1.00542939082262,-3.56526405214138,-2.55983466131876
"499754",0.0882095538852514,0.12402639899184,0.107830998635167,0.0161954003566727,0.0358168451065883,0.0196214447499156
"118398",0.353945676790506,0.191290572648197,0.267273254979998,-0.0759826823318014,-0.16265510414231,-0.0866724218105083
"429030",4.49345255344019,0.896187488174229,1.92642041223086,-1.03023292405663,-3.59726506526596,-2.56703214120933
"242898",1.10028558241666,0.383890923247748,0.653364686869829,-0.269473763622081,-0.71639465916891,-0.446920895546829
"3174",0.693641535074493,0.318802773132165,0.477720192518245,-0.15891741938608,-0.374838761942327,-0.215921342556247
"84336",5.13239856378795,0.872315236414995,5.13239856378795,-4.26008332737295,-4.26008332737295,0
"91848",0.0743619959643771,0.282495656535194,0.180257550685114,0.10223810585008,0.208133660570817,0.105895554720737
"112840",0.0268634885711905,0.0642104978385156,0.0479549266111553,0.0162555712273603,0.0373470092673251,0.0210914380399648
"382042",0.0121165123930478,0.0497290544198112,0.0316104018323493,0.0181186525874618,0.0376125420267634,0.0194938894393015
"278176",0.0941793790093518,0.147898562340526,0.122731795350727,0.0251667669897984,0.0537191833311739,0.0285524163413755
"370251",1.05142768253555,0.441934249006151,0.675267467405562,-0.233333218399412,-0.609493433529402,-0.37616021512999
"18751",2.03595049055098,0.5277136377098,1.06883895066954,-0.541125312959736,-1.50823685284118,-0.967111539881447
"201422",0.251540281022584,0.212763020867949,0.229991499215648,-0.0172284783476989,-0.0387772601546348,-0.0215487818069359
"293569",1.08419310238814,0.517616779857481,0.742929356912963,-0.225312577055482,-0.566576322530661,-0.341263745475179
"318509",3.10863485127987,0.631681441927703,1.43704277763485,-0.805361335707151,-2.47695340935217,-1.67159207364502
"42305",3.04715345928963,0.954793071820722,1.7113267539754,-0.756533682154681,-2.0923603874689,-1.33582670531422
"459284",0.401784186060897,0.442767519165736,0.424662244327859,0.0181052748378768,0.0409833331048394,0.0228780582669626
"242837",0.112326015555709,0.17723612233491,0.149272294559119,0.027963827775792,0.0649101067792014,0.0369462790034095
"170930",0.224489772143965,0.214741157307698,0.218985269048368,-0.00424411174066994,-0.00974861483626677,-0.00550450309559683
"87788",0.0294330822834221,0.0997002534910623,0.064977176282415,0.0347230772086473,0.0702671712076402,0.0355440939989929
"254838",0.0572343180325551,0.130328679871375,0.0949671740410575,0.0353615058303178,0.0730943618388203,0.0377328560085025
"531821",0.0110858209551462,0.0592842118308133,0.0347987727825772,0.0244854390482361,0.0481983908756671,0.023712951827431
"36300",0.0143151270895624,0.0515558109274775,0.0336853157957735,0.0178704951317041,0.0372406838379152,0.0193701887062111
"95143",0.963016482744049,0.892422306227165,0.918775721398326,-0.0263534151711603,-0.070594176516884,-0.0442407613457237
"315897",0.180268782951812,0.430826309383441,0.323402148202834,0.107424161180607,0.250557526431629,0.143133365251022
"124433",3.75148671249903,1.53225579224064,2.25471233690677,-0.722456544666126,-2.21923092025839,-1.49677437559226
"532622",0.0408243092544234,0.109063298354743,0.0782857831429725,0.030777515211771,0.06823898910032,0.0374614738885491
"73345",0.145913314358969,0.0680669684535045,0.104882227145558,-0.0368152586920534,-0.0778463459054643,-0.0410310872134109
"243773",0.220742025745624,0.313812421562417,0.269851661013937,0.0439607605484796,0.0930703958167927,0.0491096352683131
"511001",0.172636922179729,0.180001322029406,0.176491746967129,0.00350957506227681,0.00736439984967702,0.00385482478740021
"121321",0.102949761872683,0.0617290483075749,0.078455343584066,-0.0167262952764911,-0.0412207135651079,-0.0244944182886168
"37377",0.532343870704563,0.617082952131375,0.585375719571524,0.0317072325598513,0.0847390814268122,0.0530318488669609
"157042",0.20213912444829,0.216509267083539,0.209684222833017,0.00682504425052213,0.014370142635249,0.00754509838472689
"234322",0.0457947799616039,0.0645635293853038,0.0560234505866466,0.00854007879865717,0.0187687494236998,0.0102286706250427
"455225",2.97053719808896,0.552785061252989,2.97053719808896,-2.41775213683597,-2.41775213683597,0
"131703",1.76951057663273,0.734675772436806,1.1274136116763,-0.392737839239498,-1.03483480419593,-0.642096964956428
"413836",0.0814942522029721,0.0243435663448865,0.0506159160202948,-0.0262723496754083,-0.0571506858580856,-0.0308783361826773
"243239",0.223408786460431,0.228060604074135,0.225584061733241,0.00247654234089337,0.00465181761370345,0.00217527527281008
"545942",0.977052968223996,0.436915038205918,0.638567761783933,-0.201652723578015,-0.540137930018078,-0.338485206440063
"140712",7.47569929312597,1.86915653592928,3.43127875641464,-1.56212222048536,-5.60654275719669,-4.04442053671133
"135020",0.442083441060136,0.276865472631185,0.338412200273022,-0.0615467276418372,-0.165217968428951,-0.103671240787114
"565639",2.81252643022588,1.27039985312959,1.87011911672503,-0.599719263595448,-1.54212657709629,-0.942407313500841
"424816",0.0878365906108345,0.0886461455248313,0.0883048223190166,0.000341323205814689,0.000809554913996827,0.000468231708182137
"266343",3.80518167218801,1.67061132959455,2.38460629566634,-0.713994966071792,-2.13457034259346,-1.42057537652166
"384135",4.07711147782392,1.43377680305443,2.28915688620688,-0.855380083152457,-2.6433346747695,-1.78795459161704
"96753",1.44282733165148,0.449902726928208,0.854153940350344,-0.404251213422136,-0.992924604723268,-0.588673391301132
"396897",0.0790131440552154,0.162258577422508,0.121555398130189,0.0407031792923181,0.0832454333672922,0.0425422540749741
"509713",1.4220603957786,0.684755788464469,0.946923237556867,-0.262167449092398,-0.737304607314127,-0.475137158221729
"147878",0.0121088386724617,0.102892748459597,0.0579409898058193,0.0449517586537772,0.0907839097871348,0.0458321511333576
"554103",0.705307541192939,0.648480625099374,0.67085763577592,-0.0223770106765457,-0.0568269160935649,-0.0344499054170192
"56334",0.0386323718728817,0.151473535066712,0.0958097561659398,0.0556637789007725,0.112841163193831,0.0571773842930581
"400162",1e-08,0.138622249762601,0.0806635736723762,0.0579586760902248,0.138622239762601,0.0806635636723762
"451082",0.104356528195263,0.266869012716565,0.184218988707441,0.0826500240091246,0.162512484521303,0.0798624605121783
"419023",0.198790482785749,0.189637019578413,0.1938236320273,-0.00418661244888735,-0.0091534632073362,-0.00496685075844885
"49461",0.348093995666506,0.420928301648384,0.390942535452544,0.0299857661958399,0.0728343059818782,0.0428485397860384
"469994",2.8072791121149,1.0625518274467,1.71404012565605,-0.651488298209345,-1.74472728466819,-1.09323898645885
"316230",0.186121453106178,0.170566897474295,0.178404858097463,-0.00783796062316863,-0.0155545556318834,-0.00771659500871477
"143546",0.646142965793811,0.357282432425222,0.480466036879907,-0.123183604454685,-0.288860533368589,-0.165676928913904
"249656",0.503623452235253,0.525633767405815,0.51397072113866,0.0116630462671541,0.022010315170562,0.0103472689034079
"470235",0.341558363000061,0.289076131105471,0.30796346561325,-0.0188873345077793,-0.0524822318945901,-0.0335948973868108
"12195",0.0559334991318968,0.0247725798099853,0.0398238144328081,-0.0150512346228227,-0.0311609193219115,-0.0161096846990888
"281830",1.77015995876174,0.550263108361258,0.972710625822786,-0.422447517461527,-1.21989685040048,-0.797449332938951
"5651",0.747111625075887,0.474301170913468,0.572811291896385,-0.0985101209829164,-0.272810454162419,-0.174300333179502
"72874",0.961182693907718,0.333183328893366,0.548202956946256,-0.21501962805289,-0.627999365014352,-0.412979736961462
"333347",0.0510178376491863,0.200948755955074,0.127451970900814,0.0734967850542598,0.149930918305888,0.0764341332516281
"280263",0.269614412407793,0.254536868178442,0.261439008630176,-0.00690214045173465,-0.0150775442293513,-0.00817540377761661
"575950",0.041303359852947,0.0210539964565851,0.0310030619525641,-0.00994906549597905,-0.0202493633963619,-0.0103002979003829
"528983",1.19883261128816,0.611370633428267,0.860668232238453,-0.249297598810186,-0.58746197785989,-0.338164379049704
"393988",0.384131842434969,0.440639551178414,0.41706999801199,0.0235695531664238,0.0565077087434454,0.0329381555770216
"152792",0.117625765253888,0.164661844239241,0.141274972836779,0.0233868714024621,0.0470360789853524,0.0236492075828903
"457505",1.60680343895598,0.680469822110558,1.01622554647738,-0.335755724366818,-0.926333616845426,-0.590577892478608
"8212",0.795690405816904,0.355324823645487,0.552209373779019,-0.196884550133532,-0.440365582171417,-0.243481032037885
"348273",0.0557462714432482,0.0940906195720075,0.0750794892072101,0.0190111303647973,0.0383443481287593,0.019333217763962
"189244",0.682816493575378,0.300605820706027,0.458430558097032,-0.157824737391005,-0.382210672869351,-0.224385935478346
"215200",0.0814311859853108,0.115597546963473,0.100385385492105,0.0152121614713686,0.0341663609781624,0.0189541995067938
"472758",0.106574034090815,0.163346887747326,0.135664981492009,0.0276819062553174,0.0567728536565117,0.0290909474011943
"543362",3.58291887795765,0.558853304077948,3.58291887795765,-3.0240655738797,-3.0240655738797,0
"405744",0.608277237792714,0.856743968179115,0.746570493766619,0.110173474412496,0.248466730386401,0.138293255973905
"37020",0.157483672609742,0.167981135254595,0.163225579969901,0.00475555528469379,0.0104974626448524,0.00574190736015856
"239234",0.551084024552123,0.39934730293699,0.464470953295555,-0.0651236503585649,-0.151736721615132,-0.0866130712565674
"346368",0.0219162377932746,0.0697586785250186,0.0466501424233009,0.0231085361017178,0.047842440731744,0.0247339046300262
"44879",0.217195510397036,0.398266686723789,0.326414573727048,0.0718521129967409,0.181071176326753,0.109219063330012
"268471",0.409740293519612,0.248163236513307,0.329730942734898,-0.0815677062215904,-0.161577057006305,-0.0800093507847141
"377163",0.253776861306873,0.28541076212215,0.269079164863014,0.0163315972591358,0.0316339008152769,0.0153023035561412
"117589",2.12109598474976,0.447942534368874,1.03900060291368,-0.591058068544809,-1.67315345038089,-1.08209538183608
"537890",5.00381382618862,0.764333077300829,5.00381382618862,-4.23948074888779,-4.23948074888779,0
"437797",0.0614394570517124,0.0920362246670422,0.0783794080577222,0.01365681660932,0.0305967676153298,0.0169399510060098
"296212",1.39979723949438,0.516189978052012,0.887499477295505,-0.371309499243494,-0.883607261442366,-0.512297762198873
"122436",4.06197272524639,1.43541405146361,2.31359259960579,-0.878178548142182,-2.62655867378277,-1.74838012564059
"469744",1.74115627370261,0.647947194339065,1.05107622149392,-0.403129027154857,-1.09320907936354,-0.690080052208685
"243769",0.831012403488173,0.632085365393551,0.710902549487031,-0.0788171840934803,-0.198927038094621,-0.120109854001141
"68536",0.819506405902129,0.466558944266768,0.59251474942611,-0.125955805159343,-0.352947461635362,-0.226991656476019
"122068",0.544023563932728,0.453213327475873,0.493972954112079,-0.0407596266362059,-0.0908102364568547,-0.0500506098206488
"518059",0.159381722107543,0.20658594761034,0.185066203811004,0.0215197437993354,0.0472042255027961,0.0256844817034607
"279533",1.75784531088067,0.528813458856233,0.953505363533179,-0.424691904676946,-1.22903185202444,-0.80433994734749
"300072",0.0817544380472508,0.16768680233005,0.124955163483387,0.0427316388466635,0.0859323642827995,0.043200725436136
"56856",0.0908861688186052,0.0777068313919453,0.0840603732498626,-0.00635354185791723,-0.0131793374266599,-0.00682579556874265
"543415",0.189421444182764,0.255759684787463,0.224123325037637,0.0316363597498257,0.0663382406046982,0.0347018808548725
"436943",0.166968738189324,0.368430469776797,0.269033333188291,0.0993971365885065,0.201461731587474,0.102064594998967
"55744",0.617208314783471,0.311164910845161,0.437145560237492,-0.125980649392331,-0.30604340393831,-0.180062754545979
"330839",0.0510605252495151,0.0802613633682107,0.0662350714347429,0.0140262919334678,0.0292008381186956,0.0151745461852278
"429646",0.214006583708253,0.193653124746502,0.202882544330463,-0.0092294195839609,-0.0203534589617509,-0.0111240393777901
"242337",0.0239811696216455,0.146535799085403,0.087488711324386,0.0590470877610166,0.122554629463757,0.0635075417027404
"407878",7.26045571809077,1.72131533644247,2.63054275146586,-0.909227415023384,-5.5391403816483,-4.62991296662491
"93558",0.069313639150155,0.10328472670179,0.087367313135573,0.0159174135662173,0.0339710875516354,0.0180536739854181
"50721",0.392272454440782,0.182735523109054,0.287648358317,-0.104912835207946,-0.209536931331728,-0.104624096123782
"119457",0.0300937701035759,0.0682098002788278,0.0487879150715639,0.0194218852072639,0.0381160301752519,0.018694144967988
"284239",0.152848927615603,0.216538831879829,0.185159397039229,0.0313794348406007,0.0636899042642266,0.0323104694236259
"219739",1.31455933126717,0.452836131528952,0.800677051005554,-0.347840919476602,-0.861723199738223,-0.513882280261621
"118166",0.0668965585216792,0.169302534131846,0.118982716512507,0.0503198176193388,0.102405975610166,0.0520861579908275
"486990",0.312604544230236,0.319601578237988,0.31693277046624,0.00266880777174866,0.00699703400775253,0.00432822623600387
"189201",0.199367305291736,0.0905768661272462,0.140440017097701,-0.049863150970455,-0.10879043916449,-0.0589272881940352
"83600",2.275810454113,1.01822695600583,1.47177883583935,-0.453551879833526,-1.25758349810717,-0.804031618273644
"261220",0.0537178244832005,0.115730264038761,0.0863839369816903,0.029346327057071,0.0620124395555608,0.0326661124984898
"486368",0.0257548204253669,0.0590042425185388,0.0419487828522075,0.0170554596663313,0.0332494220931719,0.0161939624268407
"343726",0.927881275726805,0.587917940540331,0.75429186167339,-0.166373921133059,-0.339963335186474,-0.173589414053415
"315337",0.291719094290562,0.286242428577414,0.288280351256018,-0.00203792267860453,-0.00547666571314831,-0.00343874303454378
"123195",0.151141146079566,0.262547556066236,0.213841669172073,0.048705886894163,0.11140640998667,0.0627005230925074
"249513",3.90326418843239,1.50387241359185,2.28681586812973,-0.782943454537874,-2.39939177484054,-1.61644832030266
"427801",6.51881930307277,1.16100807341984,6.51881930307277,-5.35781122965293,-5.35781122965293,0
"147698",0.0936177964247469,0.2567191777763,0.176500297258862,0.0802188805174378,0.163101381351553,0.082882500834115
"259229",0.371642997103829,0.268634187152594,0.315664110680393,-0.0470299235277992,-0.103008809951235,-0.0559788864234355
"513691",0.206426304146283,0.2224849452734,0.214531257162899,0.00795368811050126,0.0160586411271173,0.00810495301661601
"146112",0.0204701288696334,0.0852658852379344,0.0539278973759604,0.0313379878619739,0.0647957563683009,0.033457768506327
"13966",0.727643105791868,0.300315967865347,0.480303047147476,-0.179987079282128,-0.427327137926521,-0.247340058644393
"308585",0.0991072901247538,0.162688270579021,0.13175439757557,0.0309338730034506,0.0635809804542672,0.0326471074508166
"349740",0.257102637378508,0.240616548180145,0.248128027943927,-0.00751147976378144,-0.0164860891983632,-0.00897460943458173
"399295",1.11075511098656,0.520375717554085,0.758206538686201,-0.237830821132116,-0.590379393432474,-0.352548572300358
"259306",8.39637260684689,1.23993215956601,8.39637260684689,-7.15644044728088,-7.15644044728088,0
"165442",1.88400342228648,0.518680971726471,0.994738904662652,-0.476057932936181,-1.36532245056,-0.889264517623824
"91377",1.80417395813555,0.67183322866139,1.09645312471567,-0.424619896054283,-1.13234072947416,-0.707720833419874
"482064",0.0183735061513518,0.0214863452761262,0.0200038027144107,0.00148254256171559,0.00311283912477448,0.00163029656305889
"384707",1.45049310329713,0.348613585772041,0.771831218838174,-0.423217633066132,-1.10187951752509,-0.678661884458959
"468090",1.21611851654078,0.898386090743959,1.04798999708977,-0.149603906345808,-0.317732425796822,-0.168128519451014
"203141",0.152590171929531,0.302721641611684,0.230007869033299,0.0727137725783847,0.150131469682153,0.0774176971037684
"367570",0.0591945815218258,0.0574222725955579,0.0582163315491634,-0.000794058953605452,-0.0017723089262679,-0.000978249972662451
"320904",0.695963468315252,0.187374967455173,0.391125750962891,-0.203750783507718,-0.508588500860079,-0.304837717352361
"460482",7.06223965129118,1.49532735867181,2.94947390432512,-1.45414654565331,-5.56691229261936,-4.11276574696605
"1741",0.0457554001902467,0.0307141107091864,0.0379977795127041,-0.00728366880351776,-0.0150412894810603,-0.00775762067754258
"301257",1.49243689226855,0.337318333555149,0.78124899741104,-0.443930663855891,-1.1551185587134,-0.71118789485751
"487258",0.0535816074411965,0.0925276463247472,0.0730152252591288,0.0195124210656184,0.0389460388835508,0.0194336178179324
"486073",0.272959889917561,0.278172917145238,0.27553559464906,0.00263732249617826,0.00521302722767675,0.00257570473149848
"223264",0.0586021324995905,0.0785846040610911,0.0695078145851726,0.00907678947591843,0.0199824715615006,0.0109056820855822
"331339",3.72561103322741,0.667090252877857,3.72561103322741,-3.05852078034956,-3.05852078034956,0
"558358",0.140607362225604,0.285788082880594,0.212896409345937,0.0728916735346578,0.14518072065499,0.0722890471203326
"463240",0.282591065239257,0.399058404738811,0.352539129058612,0.0465192756802,0.116467339499555,0.0699480638193549
"8290",2.72302187372613,0.96712524123624,1.58777696623837,-0.620651725002132,-1.75589663248989,-1.13524490748776
"65277",1.0473111567812,0.31431822046968,0.566758970726908,-0.252440750257228,-0.732992936311522,-0.480552186054294
"491550",0.173438277413756,0.310344523224524,0.257028655930869,0.053315867293655,0.136906245810768,0.0835903785171132
"560941",0.129796542508779,0.258545959507591,0.194356955946194,0.0641890035613961,0.128749416998811,0.0645604134374153
"170991",1.6386788821972,0.737220490254061,1.07493275760045,-0.337712267346393,-0.901458391943139,-0.563746124596747
"569979",0.370777148388368,0.384499029038545,0.379073308099019,0.00542572093952631,0.0137218806501769,0.00829615971065062
"122064",0.0682256867780816,0.130706010453613,0.099427974533513,0.0312780359200997,0.0624803236755311,0.0312022877554314
"310387",1e-08,0.138968788672447,0.0842243336513958,0.0547444550210516,0.138968778672447,0.0842243236513958
"10474",0.159446694874992,0.247455963775645,0.205229984643147,0.0422259791324981,0.0880092689006527,0.0457832897681546
"340864",0.0534403162186818,0.148616918104758,0.103971387225311,0.0446455308794462,0.0951766018860758,0.0505310710066296
"460113",0.743778882476874,0.44926226687903,0.587016744891892,-0.137754478012862,-0.294516615597844,-0.156762137584982
"82315",0.0596586522127843,0.0770665860148082,0.0691821824544247,0.00788440356038349,0.0174079338020238,0.00952353024164034
"240365",0.0305397405130635,0.0535255625881544,0.0422831088036234,0.011242453784531,0.0229858220750909,0.0117433682905599
"372660",0.450654889881377,0.203862583525721,0.324182884039734,-0.120320300514013,-0.246792306355656,-0.126472005841644
"482203",0.0777105611845108,0.142067792070688,0.114437575713485,0.0276302163572026,0.064357230886177,0.0367270145289745
"425357",0.125480240718096,0.130335896385172,0.128032159431155,0.00230373695401645,0.00485565566707535,0.0025519187130589
"461855",0.0127642107448414,0.0578619595877918,0.0367349014416419,0.0211270581461499,0.0450977488429503,0.0239706906968004
"112801",0.181467604586524,0.121409204314451,0.150736620319688,-0.0293274160052376,-0.0600584002720736,-0.030730984266836
"400546",0.0393236129590128,0.122218714380213,0.0836397511209619,0.0385789632592511,0.0828951014212002,0.0443161381619491
"135863",1.63726828862394,0.696251884629744,1.04934871751527,-0.353096832885527,-0.941016403994197,-0.58791957110867
"37162",0.194145935015943,0.141185105326187,0.167572450770675,-0.0263873454444871,-0.0529608296897556,-0.0265734842452685
"12350",0.639691238733297,0.393450551426168,0.500935631762461,-0.107485080336293,-0.246240687307129,-0.138755606970836
"29556",0.0449097013687633,0.0392390666903105,0.0419037416901211,-0.00266467499981061,-0.00567063467845284,-0.00300595967864224
"22009",0.474992289327513,0.193363396643533,0.324277982201042,-0.130914585557509,-0.28162889268398,-0.150714307126471
"319468",0.126794854091426,0.151165710851566,0.138671817342728,0.0124938935088373,0.0243708567601401,0.0118769632513028
"50906",0.0932322585354109,0.168468067532913,0.130142511504606,0.0383255560283068,0.0752358089975018,0.036910252969195
"486710",0.55089725298197,0.449018008413625,0.496536285530686,-0.047518277117061,-0.101879244568345,-0.0543609674512844
"529334",0.0602390934611314,0.0853519073212974,0.0729489053204036,0.0124030020008938,0.025112813860166,0.0127098118592723
"134614",0.00605449122036812,0.0327217665903101,0.0192591116682318,0.0134626549220784,0.026667275369942,0.0132046204478636
"222360",0.716735949024204,0.481019110546189,0.56325661946389,-0.0822375089177007,-0.235716838478014,-0.153479329560314
"200696",1.14658636106638,0.298388758250877,0.591847646521416,-0.293458888270539,-0.8481976028155,-0.554738714544961
"384615",1.34752108044966,0.776409140186212,0.98888479043854,-0.212475650252328,-0.571111940263445,-0.358636290011117
"367300",3.01174341982884,0.950725416259639,1.69586479318606,-0.745139376926419,-2.0610180035692,-1.31587862664278
"556264",0.0250179529536041,0.0511901727406719,0.038420172411893,0.0127700003287789,0.0261722197870678,0.0134022194582889
"359535",0.970216089823338,0.556276165987814,0.72541353027677,-0.169137364288956,-0.413939923835524,-0.244802559546568
"203636",0.397669936540953,0.49538005146344,0.45228264278934,0.0430974086740998,0.0977101149224872,0.0546127062483874
"350956",0.0344472562854309,0.0575209490684186,0.0461690782586268,0.0113518708097918,0.0230736927829877,0.0117218219731959
"405827",1e-08,0.105084495239829,0.0594488006819968,0.0456356945578325,0.105084485239829,0.0594487906819968
"486562",0.0102858563213164,0.0550247664996895,0.0322154843061005,0.022809282193589,0.0447389101783731,0.021929627984784
"431192",0.377377279139769,0.0742445186311018,0.377377279139769,-0.303132760508667,-0.303132760508667,0
"61241",0.0993779995808841,0.179513048690351,0.144384646161441,0.0351284025289098,0.080135049109467,0.0450066465805573
"24788",2.26142712833584,0.421255556421133,2.26142712833584,-1.84017157191471,-1.84017157191471,0
"546914",1.13220405359435,0.401192536215411,0.678946279617114,-0.277753743401703,-0.731011517378942,-0.453257773977239
"256747",0.171813025543425,0.275886279434398,0.226674047803579,0.0492122316308188,0.104073253890973,0.054861022260154
"299536",0.752195964810125,0.182095602346147,0.405315190254124,-0.223219587907977,-0.570100362463978,-0.346880774556001
"216194",0.785194427980502,0.498838805886111,0.63301144521755,-0.134172639331439,-0.286355622094391,-0.152182982762952
"80926",0.221277947848008,0.0495296184401234,0.128171125818175,-0.0786415073780513,-0.171748329407885,-0.0931068220298333
"533615",1.89850155927026,1.00656015470947,1.30885289352621,-0.30229273881674,-0.891941404560787,-0.589648665744047
"487229",0.205493674205265,0.256660329227181,0.232405302675104,0.0242550265520776,0.0511666550219158,0.0269116284698382
"422526",1.29346774231304,1.07183406757002,1.1610804843643,-0.0892464167942755,-0.221633674743024,-0.132387257948748
"21332",0.178267199842484,0.307339398251754,0.257564503924414,0.0497748943273395,0.12907219840927,0.0792973040819304
"81102",0.268938368703509,0.318531327542809,0.294133726574418,0.0243976009683904,0.0495929588392999,0.0251953578709094
"301547",0.0970487875409455,0.158721534871762,0.12736465366802,0.0313568812037422,0.0616727473308167,0.0303158661270746
"108613",0.141261578614591,0.0999897223243614,0.118660172348001,-0.0186704500236397,-0.0412718562902293,-0.0226014062665896
"545203",0.159326680034951,0.0607712305614639,0.105062214958193,-0.0442909843967293,-0.0985554494734867,-0.0542644650767574
"39762",0.14153938645634,0.322305370778722,0.236864982205073,0.0854403885736492,0.180765984322383,0.0953255957487335
"336774",0.686490204981958,0.418613343166214,0.536530112112271,-0.117916768946057,-0.267876861815744,-0.149960092869687
"300100",0.271191976948984,0.223162626424896,0.245602067114783,-0.022439440689887,-0.0480293505240874,-0.0255899098342004
"253830",0.0575410852788645,0.146028948797188,0.102243205034877,0.0437857437623111,0.0884878635183237,0.0447021197560126
"251248",0.149499619478557,0.134990583763696,0.141438630473601,-0.00644804670990534,-0.0145090357148606,-0.0080609890049553
"416993",0.21963893488835,0.349237910694297,0.28492946744368,0.0643084432506169,0.129598975805948,0.0652905325553309
"470041",0.0972899120040529,0.127796548489796,0.113861357540045,0.0139351909497511,0.0305066364857434,0.0165714455359923
"425635",0.791578421848196,0.576496306584511,0.659357808597243,-0.0828615020127323,-0.215082115263685,-0.132220613250953
"9493",0.784438682870832,0.510573599075855,0.61892822650635,-0.108354627430495,-0.273865083794977,-0.165510456364482
"327044",0.218374875921186,0.207353056602264,0.213036866303391,-0.00568380970112695,-0.011021819318922,-0.00533800961779504
"485030",0.232403234967824,0.08247146013355,0.148923547604236,-0.0664520874706864,-0.149931774834274,-0.0834796873635875
"439688",0.0378936352986663,0.0668749298426419,0.0524377114519553,0.0144372183906867,0.0289812945439756,0.0145440761532889
"576906",0.00892875305657231,0.116864342978027,0.0687974707470519,0.048066872230975,0.107935589921455,0.0598687176904796
"545385",0.758630695265873,0.351656434561984,0.526244698334906,-0.174588263772922,-0.406974260703889,-0.232385996930967
"266677",0.859410864364658,0.390215836899779,0.555073914688328,-0.164858077788549,-0.469195027464879,-0.30433694967633
"16362",0.447754224739128,0.226455161696087,0.315758446921254,-0.0893032852251675,-0.221299063043042,-0.131995777817874
"16360",1.16611759179381,0.6139737383105,0.845926657198448,-0.231952918887948,-0.552143853483308,-0.32019093459536
"297267",0.103927176952353,0.292978788423141,0.203893478766371,0.0890853096567707,0.189051611470788,0.0999663018140173
"465765",0.0595768244481856,0.148424795875963,0.102868237721434,0.0455565581545287,0.0888479714277773,0.0432914132732486
"115573",0.885286506719749,0.633344894464746,0.734396218843188,-0.101051324378442,-0.251941612255003,-0.150890287876561
"19103",0.0752033997480229,0.292766599588713,0.186182519129884,0.106584080458829,0.21756319984069,0.110979119381861
"251104",0.649600378291785,0.33408103500956,0.466477798581192,-0.132396763571632,-0.315519343282224,-0.183122579710593
"33194",0.0700321947174454,0.153426859667672,0.115178519319434,0.0382483403482375,0.0833946649502265,0.0451463246019891
"17357",0.51923351849167,0.509777089236722,0.514058154923515,-0.00428106568679321,-0.00945642925494816,-0.00517536356815496
"17981",0.556568295362702,0.315737380849469,0.437766547793436,-0.122029166943967,-0.240830914513234,-0.118801747569267
"301847",0.295888946340283,0.227962577332485,0.257920716292151,-0.029958138959666,-0.0679263690077975,-0.0379682300481315
"321682",0.78656397345235,0.393600381592958,0.571746187953897,-0.17814580636094,-0.392963591859392,-0.214817785498452
"552227",0.198459466265132,0.299126450215561,0.246311161891028,0.0528152883245334,0.100666983950429,0.0478516956258957
"315133",0.115966421804558,0.267741273639535,0.196877724551162,0.0708635490883734,0.151774851834977,0.0809113027466034
"29887",0.152277532885804,0.199252663753349,0.178162934220333,0.0210897295330161,0.0469751308675455,0.0258854013345294
"296723",3.23317030378542,1.93714399955505,2.38691655468263,-0.449772555127577,-1.29602630423037,-0.846253749102792
"9810",0.042784878982602,0.142978855931235,0.0957386200685773,0.0472402358626577,0.100193976948633,0.0529537410859753
"389483",0.027973189783019,0.0783814864566448,0.054260578248972,0.0241209082076729,0.0504082966736258,0.026287388465953
"55155",0.799340910325996,0.64499887995049,0.711198813112626,-0.0661999331621357,-0.154342030375505,-0.0881420972133697
"310325",0.0316050023552555,0.0879432384982233,0.0601634163737058,0.0277798221245175,0.0563382361429678,0.0285584140184503
"215332",0.323006335678009,0.354421686857903,0.341661323556853,0.0127603633010497,0.0314153511798943,0.0186549878788446
"114255",0.0591962239347177,0.0627029202187259,0.0611231375222194,0.00157978269650649,0.00350669628400815,0.00192691358750167
"382234",0.196422101199891,0.164959323909889,0.179737046153469,-0.0147777222435803,-0.0314627772900019,-0.0166850550464217
"284211",1.57768153980387,0.653846922987793,0.984636013761013,-0.33078909077322,-0.923834616816073,-0.593045526042853
"544893",0.327663078748143,0.621471030106743,0.454867972679398,0.166603057427344,0.293807951358599,0.127204893931255
"90742",0.389059411134428,0.364610343050739,0.375795948739432,-0.0111856056886935,-0.0244490680836888,-0.0132634623949953
"446066",0.0468384991965907,0.20929167759447,0.133201431985153,0.0760902456093174,0.16245317839788,0.0863629327885622
"228149",0.0183824420996505,0.0933572979302749,0.0560970762140919,0.037260221716183,0.0749748558306244,0.0377146341144414
"220782",0.892346147961457,0.488035466229135,0.646668649765309,-0.158633183536175,-0.404310681732322,-0.245677498196147
"213587",2.72170952240818,2.25255678555093,2.42659680781707,-0.174040022266141,-0.469152736857252,-0.295112714591111
"70795",1.96669362269683,0.922651187448641,1.35764204604621,-0.434990858597572,-1.04404243524818,-0.609051576650611
"478865",0.334816778785701,0.401928599810738,0.367486654631121,0.0344419451796172,0.0671118210250372,0.03266987584542
"451213",0.280830334872302,0.185158287828064,0.229993017821994,-0.04483472999393,-0.0956720470442385,-0.0508373170503085
"227413",2.34244039134464,0.531193649682185,1.20405817387357,-0.67286452419139,-1.81124674166246,-1.13838221747107
"489642",10,1.84886156737598,10,-8.15113843262402,-8.15113843262402,0
"528110",0.110232365493665,0.217877007832252,0.165466872198369,0.0524101356338828,0.107644642338587,0.055234506704704
"83582",0.852720295069272,0.556253079933886,0.671012255546713,-0.114759175612827,-0.296467215135386,-0.181708039522559
"120223",0.0734167273982941,0.176047185112286,0.12469835709547,0.0513488280168162,0.102630457713992,0.0512816296971763
"202826",4.56010609237149,0.846409108295632,4.56010609237149,-3.71369698407586,-3.71369698407586,0
"23735",3.27671377056421,0.552760411041459,3.27671377056421,-2.72395335952275,-2.72395335952275,0
"288418",1.15589892805203,0.228132567743304,0.624483136626097,-0.396350568882793,-0.927766360308728,-0.531415791425935
"144432",0.80666809174064,0.310294547155865,0.525713571401342,-0.215419024245477,-0.496373544584775,-0.280954520339298
"318924",0.182361733536863,0.302780712448116,0.244549901953321,0.0582308104947949,0.120418978911253,0.0621881684164581
"324887",0.0506829237828873,0.167910128650962,0.107312998341714,0.0605971303092476,0.117227204868074,0.0566300745588267
"277785",0.988122252018674,0.645302901291464,0.791372093185237,-0.146069191893773,-0.34281935072721,-0.196750158833437
"553156",2.43438969344606,0.714717950778258,1.26249511747767,-0.547777166699408,-1.71967174266781,-1.1718945759684
"504474",2.28879659020342,0.576204321084569,1.22532074479315,-0.64911642370858,-1.71259226911885,-1.06347584541027
"182484",0.0881796406794424,0.183395817539016,0.135758158942761,0.0476376585962556,0.0952161768595738,0.0475785182633183
"422042",0.627053366782382,0.300740832497246,0.438034301055225,-0.137293468557979,-0.326312534285136,-0.189019065727157
"561931",0.0349126385580418,0.13495104032308,0.0852971979642096,0.0496538423588703,0.100038401765038,0.0503845594061678
"121854",0.0544240637493859,0.0457687787810235,0.0497573927266323,-0.00398861394560884,-0.00865528496836234,-0.0046666710227535
"367960",0.0101007801015471,0.194835239635567,0.115558807369595,0.0792764322659728,0.18473445953402,0.105458027268048
"433652",0.0213053651767146,0.0140888171712956,0.0183495929486788,-0.0042607757773832,-0.00721654800541906,-0.00295577222803586
"366484",0.378430444854794,0.339720430167329,0.355107363065677,-0.0153869328983476,-0.0387100146874644,-0.0233230817891168
"151388",0.164884384806814,0.217568889115378,0.191376290920502,0.0261925981948757,0.0526845043085639,0.0264919061136882
"252442",0.351299492583643,0.352032255374335,0.351749165854524,0.000283089519811319,0.000732762790691843,0.000449673270880524
"559231",0.221041601564255,0.215113711610047,0.218046875455971,-0.0029331638459239,-0.00592788995420826,-0.00299472610828436
"228737",2.31797462516658,0.70626402026055,1.17631126566553,-0.470047245404981,-1.61171060490603,-1.14166335950105
"415098",3.52840848360516,0.367825035978604,3.52840848360516,-3.16058344762656,-3.16058344762656,0
"353234",0.0164479949958309,0.0863735791875133,0.0529907692930293,0.033382809894484,0.0699255841916824,0.0365427742971984
"30150",1.06146160461435,0.517695192786985,0.689438985679474,-0.171743792892488,-0.54376641182737,-0.372022618934881
"350095",0.747579016272394,0.515019330597552,0.599986487493096,-0.0849671568955443,-0.232559685674842,-0.147592528779298
"422869",0.112608212099911,0.151029437920198,0.132292271344608,0.0187371665755902,0.0384212258202869,0.0196840592446967
"408606",1.22016676899135,0.609114879434193,0.869395503535143,-0.26028062410095,-0.611051889557155,-0.350771265456205
"319990",0.165819436023855,0.158785317980339,0.16195688984215,-0.00317157186181088,-0.00703411804351667,-0.00386254618170578
"435135",0.797999279727618,0.44922729424965,0.576774600442685,-0.127547306193035,-0.348771985477968,-0.221224679284933
"117298",0.362001735137964,0.264683721298509,0.311951663473471,-0.0472679421749613,-0.0973180138394551,-0.0500500716644938
"199987",0.172069844780251,0.160910373904546,0.165856384362239,-0.00494601045769349,-0.0111594708757054,-0.00621346041801188
"513785",1.54529940310122,0.588927347048487,0.913613454818555,-0.324686107770068,-0.956372056052731,-0.631685948282662
"283188",1.82771440288211,0.661960674618195,1.10252829721723,-0.440567622599036,-1.16575372826392,-0.725186105664881
"567687",2.58977858155216,0.926285349951507,1.51400097627664,-0.58771562632513,-1.66349323160065,-1.07577760527552
"278950",7.96169649808088,1.37152233707271,7.96169649808088,-6.59017416100817,-6.59017416100817,0
"50421",0.0256799066882716,0.188523120993946,0.117730610156506,0.0707925108374394,0.162843214305674,0.0920507034682345
"108599",1.82034619101397,0.617672074768737,1.06030406746206,-0.44263199269332,-1.20267411624524,-0.760042123551918
"110785",0.351176760124795,0.402328322937824,0.375187774983122,0.0271405479547018,0.0511515628130285,0.0240110148583267
"205383",0.597027749009074,0.383073920633473,0.474655059986883,-0.0915811393534104,-0.213953828375601,-0.122372689022191
"453782",0.155976404727262,0.119003324292698,0.137279489504682,-0.0182761652119841,-0.0369730804345643,-0.0186969152225801
"7073",0.0391861782253197,0.124472579656876,0.0821054804658143,0.042367099191062,0.0852864014315566,0.0429193022404946
"486256",0.0392020875852795,0.0211421995353595,0.0301601846399692,-0.00901798510460973,-0.0180598880499201,-0.00904190294531034
"567182",0.235612280508982,0.28001382226079,0.258663650281308,0.0213501719794817,0.0444015417518079,0.0230513697723262
"487947",0.0298458954752764,0.0987688323634079,0.0647413734251323,0.0340274589382756,0.0689229368881316,0.034895477949856
"239133",0.0764812830147516,0.126525679920761,0.101511984933509,0.0250136949872525,0.0500443969060099,0.0250307019187574
"394670",2.67557502761815,0.657479540453895,1.28505039006659,-0.627570849612692,-2.01809548716426,-1.39052463755157
"155643",0.0756306772204491,0.236347357560382,0.158691642067127,0.0776557154932549,0.160716680339933,0.0830609648466777
"243082",0.00608395460197874,0.0321498087235334,0.0195465830322851,0.0126032256912483,0.0260658541215547,0.0134626284303064
"121073",0.0292556715835332,0.117548044023402,0.0733853441651741,0.0441626998582283,0.0882923724398691,0.0441296725816408
"145719",0.987844129078312,0.718932806000443,0.836339434216439,-0.117406628215996,-0.268911323077869,-0.151504694861874
"385540",2.09022832022574,0.508682602906861,1.07465068319597,-0.565968080289112,-1.58154571731888,-1.01557763702977
"489545",0.158017911215957,0.376463629233483,0.261749886998918,0.114713742234565,0.218445718017526,0.10373197578296
"24585",0.998811017018748,0.758280308643143,0.840923948630586,-0.0826436399874424,-0.240530708375605,-0.157887068388163
"52149",0.588738372544646,0.393276096619985,0.477711666194448,-0.0844355695744633,-0.195462275924662,-0.111026706350199
"314993",2.94926451907185,0.373942521312597,2.94926451907185,-2.57532199775925,-2.57532199775925,0
"484366",0.188403113240131,0.232816708404473,0.212520977450024,0.0202957309544489,0.0444135951643427,0.0241178642098938
"419467",1e-08,0.0447500165694253,0.0242026048763137,0.0205474116931115,0.0447500065694253,0.0242025948763137
"300193",0.0309710238355896,0.122927279408966,0.0779800028610683,0.0449472765478972,0.0919562555733759,0.0470089790254787
"455587",0.40118223899388,0.21225930225029,0.300137897218899,-0.0878785949686083,-0.18892293674359,-0.101044341774981
"118105",0.114794012386732,0.129468325670303,0.123397425146033,0.00607090052427001,0.0146743132835711,0.00860341275930109
"289680",0.187638273166503,0.248208625351621,0.219917943938674,0.0282906814129467,0.060570352185118,0.0322796707721714
"572226",0.936011505005066,0.620884065163001,0.749624035501203,-0.128739970338202,-0.315127439842065,-0.186387469503863
"415238",0.118316935138994,0.133824933299332,0.125910014358114,0.0079149189412186,0.0155079981603379,0.00759307921911929
"9514",0.417704941606904,0.333885049222058,0.36742732925684,-0.0335422800347821,-0.0838198923848463,-0.0502776123500642
"301665",0.0293691462673231,0.105687520213297,0.07594081602716,0.0297467041861372,0.0763183739459741,0.0465716697598369
"255502",0.0758067527757148,0.173646275707349,0.131904273623567,0.041742002083782,0.0978395229316342,0.0560975208478522
"341389",2.48992575005848,1.38214643089681,1.80539389859101,-0.423247467694196,-1.10777931916167,-0.684531851467474
"266954",1e-08,0.0558752068203476,0.0304831092852029,0.0253920975351447,0.0558751968203476,0.0304830992852029
"440782",0.597455896634287,0.296636982379877,0.419263471670145,-0.122626489290268,-0.30081891425441,-0.178192424964143
"292481",0.185803635314302,0.245433489654829,0.215154823459266,0.0302786661955629,0.0596298543405271,0.0293511881449642
"126509",0.595249658234248,0.167236688998018,0.32504856279631,-0.157811873798292,-0.42801296923623,-0.270201095437938
"154567",7.18243695215215,0.802098178389365,7.18243695215215,-6.38033877376278,-6.38033877376278,0
"551955",0.118398370914457,0.190127739842703,0.156128470717474,0.0339992691252292,0.0717293689282463,0.0377300998030171
"280193",0.0205607338855632,0.150958251851555,0.0893522040919312,0.0616060477596238,0.130397517965992,0.0687914702063679
"285410",0.155084304626322,0.232742822136367,0.193246992199021,0.039495829937346,0.0776585175100454,0.0381626875726994
"315620",2.20236855014974,0.624897829004149,1.22988518897639,-0.604987359972241,-1.57747072114559,-0.972483361173346
"456524",0.075936223363519,0.281247379637393,0.185361931309696,0.095885448327697,0.205311156273874,0.109425707946177
"456549",0.00950064439693759,0.0597269218488629,0.0356879358871222,0.0240389859617407,0.0502262774519253,0.0261872914901847
"15944",1.30270101461599,0.592554151497865,0.841212653255491,-0.248658501757626,-0.710146863118122,-0.461488361360495
"8648",1.27514287790888,0.409719447182717,0.746414787195607,-0.336695340012889,-0.865423430726161,-0.528728090713272
"167094",0.0746210564775747,0.315873217912313,0.195399445253338,0.120473772658976,0.241252161434739,0.120778388775763
"46522",0.882828811279999,0.652196102656161,0.748768676904498,-0.0965725742483374,-0.230632708623838,-0.134060134375501
"347892",0.87191976188537,0.326639729833301,0.507728110948412,-0.181088381115111,-0.545280032052069,-0.364191650936958
"371103",0.00986482910355672,0.0957450993447688,0.0539149130199127,0.0418301863248561,0.0858802702412121,0.044050083916356
"242043",0.0684944687082229,0.181244023607425,0.127584576804986,0.0536594468024386,0.112749554899202,0.0590901080967636
"355309",0.129575058643878,0.213973758424665,0.17281914677731,0.0411546116473549,0.0843986997807868,0.0432440881334319
"82754",1.09019750032456,0.536354497477467,0.757024983881757,-0.22067048640429,-0.55384300284709,-0.3331725164428
"258835",0.182903210606688,0.191891414762529,0.187883021739354,0.00400839302317504,0.00898820415584145,0.00497981113266641
"246993",0.0909795488844728,0.220837074799327,0.155687759165195,0.0651493156341321,0.129857525914855,0.0647082102807224
"263449",1.33135958340803,1.14026422990807,1.2195232816969,-0.079259051788833,-0.191095353499966,-0.111836301711133
"83436",0.162244724537142,0.0906377303754122,0.123343372004314,-0.0327056416289016,-0.0716069941617294,-0.0389013525328278
"26529",0.208816781582354,0.139648335769095,0.171797489246453,-0.0321491534773573,-0.0691684458132591,-0.0370192923359018
"509420",0.18698751478303,0.1693612965399,0.177801023727564,-0.00843972718766453,-0.0176262182431308,-0.00918649105546626
"511660",0.0215075370265676,0.0732147030523134,0.0487524926527,0.0244622103996134,0.0517071660257458,0.0272449556261324
"148794",0.118181255683584,0.224910518678906,0.173762263317187,0.0511482553617196,0.106729262995323,0.0555810076336029
"537036",0.016248017120309,0.0942215438841892,0.0566295167856475,0.0375920270985417,0.0779735267638802,0.0403814996653385
"325803",0.466212539481014,0.286814867983663,0.358228998634056,-0.0714141306503924,-0.179397671497351,-0.107983540846959
"137343",1.45188532068762,0.876748537535153,1.09830982306282,-0.221561285527662,-0.57513678315247,-0.353575497624808
"481624",0.075167359511177,0.0852473086346774,0.0802626738404459,0.0049846347942315,0.0100799491235004,0.00509531432926889
"423009",0.925063576332468,0.60139063726253,0.735056862967531,-0.133666225705002,-0.323672939069938,-0.190006713364937
"269653",10,4.31165563278009,9.02912683899416,-4.71747120621408,-5.68834436721991,-0.970873161005839
"461545",0.139355668937952,0.18706608953084,0.166913488547681,0.0201526009831585,0.0477104205928881,0.0275578196097296
"118637",0.373450560460762,0.245219134433213,0.294906509938563,-0.0496873755053496,-0.128231426027548,-0.0785440505221989
"439209",0.670802618086858,0.2813845669078,0.4382963856589,-0.1569118187511,-0.389418051179058,-0.232506232427957
"226410",0.262467731936989,0.285779412752786,0.274218583145608,0.0115608296071774,0.0233116808157963,0.0117508512086189
"352282",0.154902253297433,0.249731150713572,0.206599856563534,0.0431312941500381,0.094828897416139,0.0516976032661008
"410816",7.59444570580461,1.80546680712911,3.40516268246854,-1.59969587533944,-5.7889788986755,-4.18928302333607
"39072",2.30936268373667,0.475283403547849,1.14457122165543,-0.66928781810758,-1.83407928018882,-1.16479146208124
"64932",10,3.7749125107437,6.15366240892289,-2.37874989817919,-6.2250874892563,-3.84633759107711
"248761",0.711709459486889,0.428642894600884,0.531482418598761,-0.102839523997876,-0.283066564886004,-0.180227040888128
"251555",0.030263375080279,0.0716342540389145,0.0520751662321026,0.0195590878068119,0.0413708789586355,0.0218117911518236
"366347",0.439458491270307,0.492044643907883,0.467994863403709,0.0240497805041736,0.0525861526375758,0.0285363721334023
"116271",0.493899782264662,0.659665473311508,0.592928325997528,0.0667371473139801,0.165765691046846,0.0990285437328656
"346567",0.0136158986290376,0.0889800609869492,0.0519990861112893,0.0369809748756599,0.0753641623579116,0.0383831874822517
"151990",0.913521756227164,0.470080205926967,0.63654605452978,-0.166465848602813,-0.443441550300197,-0.276975701697384
"131614",0.368287226309336,0.345093808961982,0.354059813822585,-0.00896600486060262,-0.0231934173473533,-0.0142274124867506
"362084",0.28520250358192,0.168414561088708,0.22034562629157,-0.0519310652028617,-0.116787942493212,-0.0648568772903503
"574502",0.0835411400626366,0.0696840849351142,0.0765501469864267,-0.0068660620513125,-0.0138570551275224,-0.00699099307620994
"207153",0.162441562372326,0.204825744113684,0.184607292851743,0.0202184512619415,0.0423841817413583,0.0221657304794168
"322665",0.0686067081716768,0.0999948381101487,0.0852174590039076,0.0147773791062411,0.0313881299384719,0.0166107508322308
"310114",0.301578436361866,0.205602773745835,0.235967439344727,-0.0303646655988919,-0.0959756626160313,-0.0656109970171394
"368840",0.340131797168124,0.307669059270273,0.319402363087262,-0.0117333038169884,-0.0324627378978506,-0.0207294340808622
"372241",0.101426592853509,0.0847421689366786,0.092539746618848,-0.00779757768216949,-0.0166844239168309,-0.00888684623466142
"97898",0.279688662426907,0.466695753967253,0.387482691721971,0.0792130622452824,0.187007091540346,0.107794029295064
"267083",0.267563453212614,0.221880516651532,0.242940930200047,-0.0210604135485147,-0.0456829365610812,-0.0246225230125665
"484604",2.14965391456161,0.529850783125131,1.12692998976025,-0.59707920663512,-1.61980313143648,-1.02272392480136
"433856",0.992057735289272,0.541899410879761,0.718878762337984,-0.176979351458222,-0.45015832440951,-0.273178972951288
"485954",0.0618809298358795,0.208122386871918,0.131022396674966,0.0770999901969522,0.146241457036039,0.0691414668390865
"566542",1.076098560423,0.482656529942644,0.7145580682548,-0.231901538312156,-0.593442030480355,-0.3615404921682
"438794",0.900497336635159,0.434144092295303,0.603168807192994,-0.169024714897691,-0.466353244339856,-0.297328529442165
"19427",0.234722191341859,0.14458759377934,0.187588220314327,-0.0430006265349875,-0.0901345975625197,-0.0471339710275322
"172903",3.18632337278909,0.504202821458256,3.18632337278909,-2.68212055133083,-2.68212055133083,0
"83209",0.175043728009964,0.228681808511235,0.203282917118214,0.025398891393021,0.0536380805012718,0.0282391891082508
"197205",0.171948388411688,0.247078656964708,0.211343593435126,0.0357350635295819,0.0751302685530207,0.0393952050234388
"57808",0.634143197966564,0.671393494474377,0.652790472460015,0.0186030220143627,0.0372502965078132,0.0186472744934505
"203012",0.0416168314454189,0.0737983010753455,0.0582984726018029,0.0154998284735426,0.0321814696299266,0.016681641156384
"187926",0.108399630136104,0.249965257649862,0.179213033458142,0.0707522241917206,0.141565627513759,0.070813403322038
"389932",0.130591822436892,0.294893743383729,0.2113909560806,0.0835027873031299,0.164301920946838,0.0807991336437077
"237246",0.156498745704996,0.24493592467614,0.202031508633606,0.0429044160425346,0.088437178971144,0.0455327629286094
"415217",1.04735465875165,0.569907941073405,0.71407917907657,-0.144171238003165,-0.477446717678249,-0.333275479675085
"350979",0.82479911218888,0.491508485838721,0.615875097682477,-0.124366611843756,-0.333290626350159,-0.208924014506402
"414584",1.63593413725079,1.07125673794855,1.30580024754724,-0.234543509598688,-0.564677399302241,-0.330133889703553
"394205",0.294709454552312,0.272882047475889,0.280980997967233,-0.00809895049134407,-0.0218274070764226,-0.0137284565850785
"247426",2.75551889806738,0.96643748482037,1.59494142969989,-0.628503944879521,-1.78908141324701,-1.16057746836749
"54958",1.39994465421484,0.422358779514031,0.818996661222262,-0.396637881708231,-0.977585874700814,-0.580947992992583
"279624",0.223802058403636,0.226307859466181,0.225180523270864,0.00112733619531738,0.00250580106254483,0.00137846486722745
"150998",1e-08,0.0714339090913488,0.0400265765396161,0.0314073325517327,0.0714338990913488,0.0400265665396161
"8833",0.969337740894499,0.28453860262528,0.583768703818159,-0.299230101192879,-0.684799138269219,-0.38556903707634
"122492",0.79716038273916,0.66872143855498,0.722389678601705,-0.0536682400467248,-0.12843894418418,-0.0747707041374555
"151079",0.680974181691201,0.353559476537792,0.495425945788266,-0.141866469250473,-0.327414705153409,-0.185548235902935
"11499",1.34508502061978,0.512104854532184,0.813862010616181,-0.301757156083997,-0.8329801660876,-0.531223010003603
"305947",0.0416404022332885,0.139677597104835,0.0960674215018692,0.0436101756029661,0.0980371948715468,0.0544270192685807
"270602",1.8250083836252,0.263135011584775,1.8250083836252,-1.56187337204043,-1.56187337204043,0
"522735",0.306459979480364,0.165330057239395,0.230746568689956,-0.0654165114505611,-0.141129922240968,-0.0757134107904074
"352229",0.53459177744842,0.409989943592019,0.46677138579664,-0.0567814422046209,-0.124601833856401,-0.0678203916517798
"426616",1.24884865399905,0.674593420394273,0.92444637424397,-0.249852953849697,-0.574255233604778,-0.324402279755081
"72144",0.351834688088763,0.362773303021603,0.357661692075769,0.00511161094583384,0.0109386149328398,0.00582700398700592
"572819",0.596845855101564,0.480388385266235,0.533595636281861,-0.0532072510156259,-0.116457469835329,-0.0632502188197031
"101396",0.165850799062853,0.323586474728403,0.241665995887624,0.0819204788407796,0.157735675665551,0.075815196824771
"417509",0.114650685874008,0.187772397023525,0.151983041522118,0.0357893555014062,0.0731217111495165,0.0373323556481103
"406863",1e-08,0.0574515811458492,0.0290706334053276,0.0283809477405217,0.0574515711458492,0.0290706234053276
"124586",0.0935570722906042,0.190332373481166,0.140275706296548,0.0500566671846178,0.0967753011905616,0.0467186340059438
"513293",0.241786057419909,0.286182820359262,0.265171005902649,0.0210118144566125,0.0443967629393525,0.0233849484827399
"444414",0.0583654967838428,0.138304094069505,0.0998582402451084,0.0384458538243968,0.0799385972856623,0.0414927434612656
"432659",0.237785101215724,0.26696435127886,0.253142652145868,0.0138216991329919,0.0291792500631362,0.0153575509301443
"234641",0.121005958389619,0.090397622709821,0.102860124764565,-0.0124625020547435,-0.0306083356797982,-0.0181458336250547
"134483",1.72637873556962,0.733305334189561,1.10806919301235,-0.374763858822792,-0.993073401380062,-0.61830954255727
"440664",0.326832772149284,0.275804573238337,0.295255793695796,-0.0194512204574595,-0.0510281989109468,-0.0315769784534873
"402854",0.208014270568925,0.218722029408806,0.213845195743859,0.00487683366494698,0.0107077588398814,0.00583092517493441
"352228",1.51647857499578,0.355133915056182,0.808371197593782,-0.4532372825376,-1.1613446599396,-0.708107377402002
"430114",0.207603609489468,0.363274442512282,0.285337251296104,0.0779371912161778,0.155670833022814,0.0777336418066358
"419632",0.597502878063531,0.199490670347113,0.353823244646511,-0.154332574299398,-0.398012207716418,-0.24367963341702
"356708",0.145754511559504,0.240635781039827,0.194343294166102,0.046292486873725,0.0948812694803231,0.0485887826065981
"511712",0.0405614085851805,0.21999529350053,0.130704901306849,0.089290392193681,0.179433884915349,0.0901434927216682
"171310",0.0478438404825436,0.0850093017948788,0.0688842661985395,0.0161250355963393,0.0371654613123352,0.0210404257159959
"274854",0.0453821638551498,0.131591440077972,0.0916259484724889,0.0399654916054832,0.0862092762228223,0.0462437846173391
"201041",0.230548966599014,0.255893334901808,0.246213405136724,0.00967992976508425,0.0253443683027948,0.0156644385377105
"577918",0.037105223636759,0.0580642261545869,0.0478259662799466,0.0102382598746403,0.0209590025178279,0.0107207426431876
"89919",0.389936197353829,0.51560403504649,0.445797372741396,0.0698066623050943,0.125667837692661,0.0558611753875671
"461070",0.179869680917363,0.226917936254089,0.204432557645163,0.0224853786089262,0.0470482553367263,0.0245628767278001
"56538",2.92402641345928,0.704453849825887,1.44164928703475,-0.737195437208868,-2.21957256363339,-1.48237712642452
"1272",5.19756214971886,1.16747077485958,2.468467124937,-1.30099635007742,-4.03009137485928,-2.72909502478186
"378377",0.0266070419974465,0.0992748858390223,0.0668110552938752,0.0324638305451471,0.0726678438415759,0.0402040132964288
"29707",0.077643576830782,0.0554047251924204,0.0661501600523507,-0.0107454348599303,-0.0222388516383616,-0.0114934167784313
"150919",0.135773081751213,0.138449705858877,0.138076760934187,0.000372944924690172,0.00267662410766492,0.00230367918297475
"187711",0.0981912539443831,0.165027374508031,0.132184063283879,0.0328433112241523,0.066836120563648,0.0339928093394957
"386639",0.197212400359667,0.195995321716876,0.196541334819231,-0.000546013102354997,-0.00121707864279111,-0.000671065540436111
"319618",1.03172601289866,0.544692712851675,0.742673026667005,-0.19798031381533,-0.487033300046989,-0.289052986231659
"223699",0.354347474678338,0.418957845837618,0.39301089934113,0.025946946496488,0.0646103711592793,0.0386634246627913
"173088",0.185043431942629,0.272571227412297,0.230869010100969,0.0417022173113279,0.087527795469668,0.04582557815834
"126287",0.089533522560809,0.154668405409592,0.121327931397883,0.033340474011709,0.0651348828487834,0.0317944088370743
"323944",1.88985077361062,0.435216804473681,0.91327011262226,-0.478053308148579,-1.45463396913694,-0.97658066098836
"277351",1.56140043522161,0.796231176411553,1.0888761928931,-0.292645016481544,-0.765169258810061,-0.472524242328517
"522535",1.75363434850776,0.592378960694775,1.02463702273317,-0.4322580620384,-1.16125538781299,-0.728997325774587
"301964",0.150669121800066,0.288857879234094,0.22047978324805,0.0683780959860438,0.138188757434027,0.0698106614479835
"425213",0.11738014777014,0.0501473490060564,0.0790899472862427,-0.0289425982801863,-0.067232798764084,-0.0382902004838977
"300008",1.76774161628451,1.04579857168247,1.35322136637557,-0.307422794693101,-0.721943044602041,-0.41452024990894
"23786",0.161049077763999,0.318465481156351,0.244211515372118,0.0742539657842328,0.157416403392351,0.0831624376081187
"480991",0.0706858961815411,0.0909871088582327,0.081510591620312,0.00947651723792069,0.0203012126766915,0.0108246954387709
"120329",0.361905013835602,0.427528576704956,0.393579724751347,0.0339488519536087,0.0656235628693534,0.0316747109157448
"310173",0.0424445911240552,0.082689233459165,0.064248790884729,0.018440442574436,0.0402446423351098,0.0218041997606738
"377316",6.25627306192872,1.35067984926594,2.54558326055202,-1.19490341128608,-4.90559321266278,-3.7106898013767
"68466",0.0999144880684723,0.242054027790174,0.174368053955829,0.0676859738343441,0.142139539721701,0.074453565887357
"320197",0.352888312755534,0.146512321654468,0.242744218877881,-0.0962318972234124,-0.206375991101065,-0.110144093877653
"350158",1.31492647177051,0.509031764687767,0.763670840787297,-0.25463907609953,-0.805894707082741,-0.551255630983211
"520659",0.00722313549723478,0.134246395049534,0.0742552774530011,0.059991117596533,0.127023259552299,0.0670321419557664
"199086",0.289758365881584,0.391797323589391,0.339599226869951,0.0521980967194401,0.102038957707806,0.0498408609883663
"502257",0.766935362639849,0.481339713030235,0.583497172710357,-0.102157459680122,-0.285595649609614,-0.183438189929492
"149715",0.0133356848683714,0.118751683651989,0.0727068527971845,0.0460448308548047,0.105415998783618,0.0593711679288131
"146863",0.0315216007166529,0.0980307666205428,0.0677670062913963,0.0302637603291464,0.0665091659038898,0.0362454055747434
"187021",0.192666397047875,0.26485784107455,0.228333238965321,0.0365246021092282,0.072191444026675,0.0356668419174468
"460872",0.508872843977659,0.394292008261173,0.445231783502001,-0.0509397752408275,-0.114580835716485,-0.0636410604756578
"332044",0.0618474351373723,0.0562577552242995,0.0588795224572368,-0.00262176723293731,-0.00558967991307284,-0.00296791268013553
"304509",0.064862336974219,0.307196129925054,0.176719221893383,0.130476908031671,0.242333792950835,0.111856884919164
"360411",0.169580951616927,0.184417592341946,0.177362902359015,0.00705468998293024,0.0148366407250185,0.00778195074208829
"362173",4.38055866162994,0.980674787121466,1.96704146789775,-0.986366680776279,-3.39988387450848,-2.4135171937322
"568381",1.9436020675064,0.780575564872038,1.24040243341802,-0.459826868545986,-1.16302650263437,-0.703199634088379
"11544",0.12000889718654,0.100862596327083,0.109317464292048,-0.00845486796496515,-0.0191463008594567,-0.0106914328944916
"430097",0.300509763611724,0.492241534150624,0.390813906301065,0.101427627849559,0.191731770538901,0.0903041426893415
"382757",0.125011014156215,0.221344979673342,0.178096965927356,0.0432480137459856,0.0963339655171274,0.0530859517711418
"448609",0.214141642364851,0.318273646883037,0.265996486400267,0.0522771604827697,0.104132004518186,0.0518548440354159
"68857",1e-08,0.114419824268692,0.0597126435414004,0.054707180727292,0.114419814268692,0.0597126335414004
"489005",0.0622520996593836,0.188074034456711,0.123911428764298,0.0641626056924122,0.125821934797327,0.0616593291049148
"286169",0.281740083340235,0.3395350713845,0.309734547087555,0.0298005242969448,0.0577949880442648,0.02799446374732
"72964",0.118875712089247,0.310481674839354,0.2171513461354,0.0933303287039546,0.191605962750108,0.0982756340461533
"82012",3.39430435191448,0.540709578570016,3.39430435191448,-2.85359477334446,-2.85359477334446,0
"3428",0.549457153006638,0.341351992997418,0.429366237488757,-0.0880142444913385,-0.20810516000922,-0.120090915517882
"547911",0.57462875882683,0.505799920652225,0.5323656564654,-0.0265657358131755,-0.0688288381746048,-0.0422631023614294
"457424",0.150666683337708,0.19294892070791,0.172167967308877,0.0207809533990331,0.0422822373702018,0.0215012839711687
"119082",2.17376466437491,0.494259480145537,1.09596558338764,-0.601706103242105,-1.67950518422937,-1.07779908098726
"415078",3.15063801181976,0.730149198606209,1.55803244282134,-0.827883244215133,-2.42048881321355,-1.59260556899842
"57634",0.103912936017324,0.0855846047910181,0.0944348697820485,-0.00885026499103039,-0.0183283312263057,-0.00947806623527533
"375289",0.0488477242495059,0.169807131541867,0.112232936070467,0.0575741954714,0.120959407292361,0.0633852118209614
"386145",0.120318500277466,0.165312218045726,0.145702895639603,0.0196093224061221,0.0449937177682596,0.0253843953621375
"403651",0.306452972100049,0.238037724747864,0.270311536177695,-0.0322738114298301,-0.0684152473521846,-0.0361414359223545
"475252",0.0325850560224758,0.196901457533161,0.121660062235016,0.0752413952981451,0.164316401510686,0.0890750062125405
"275624",0.086729355977922,0.136382634137825,0.112070777412883,0.0243118567249426,0.0496532781599034,0.0253414214349608
"428764",7.34317240038192,1.43398288276367,7.34317240038192,-5.90918951761824,-5.90918951761824,0
"399688",0.71118555978355,0.515765018532997,0.592179882962873,-0.0764148644298759,-0.195420541250553,-0.119005676820677
"124417",0.10794953148288,0.204263794979648,0.159785949981063,0.0444778449985854,0.0963142634967678,0.0518364184981824
"44880",0.0815616547263502,0.138788726501292,0.111989507610917,0.0267992188903752,0.0572270717749417,0.0304278528845665
"129337",1.03436510526687,0.669473553661803,0.826047837477657,-0.156574283815854,-0.364891551605068,-0.208317267789215
"383941",0.0469234069847067,0.116640013851914,0.0829748864073081,0.0336651274446062,0.0697166068672075,0.0360514794226014
"180987",0.0444011710976732,0.0854320658221767,0.0650246654317199,0.0204074003904568,0.0410308947245036,0.0206234943340467
"477894",1.81626197620797,0.671590964646937,1.10278672158582,-0.431195756938887,-1.14467101156104,-0.713475254622148
"169853",0.145392797759243,0.180247985155237,0.165146503555386,0.015101481599851,0.0348551873959942,0.0197537057961431
"360787",3.7145565020615,1.40653711688389,2.12441632531516,-0.717879208431263,-2.30801938517761,-1.59014017674634
"31003",0.238203667181829,0.121168949325408,0.178129092997112,-0.0569601436717038,-0.117034717856421,-0.0600745741847169
"532871",0.265645356343849,0.239913863714145,0.252093132905228,-0.0121792691910829,-0.0257314926297036,-0.0135522234386207
"331803",0.394920627510151,0.278202275904113,0.335360768995928,-0.0571584930918149,-0.116718351606038,-0.0595598585142229
"365319",1.72796239773889,0.66117638112928,1.0529987685188,-0.391822387389524,-1.06678601660961,-0.674963629220083
"230013",0.313626537329939,0.208981847249626,0.257327748688207,-0.0483459014385808,-0.104644690080313,-0.0562987886417318
"533585",0.223828049547907,0.204537673470971,0.213715306269246,-0.00917763279827513,-0.0192903760769358,-0.0101127432786607
"37431",0.218997826048469,0.31642083626628,0.277500449104604,0.0389203871616754,0.0974230102178103,0.0585026230561349
"237034",0.123049185338172,0.198066966135315,0.162325395716932,0.0357415704183834,0.0750177807971432,0.0392762103787598
"229037",0.595506074814891,0.578831183377377,0.585466696447044,-0.00663551306966659,-0.0166748914375134,-0.0100393783678469
"386547",0.876664546795269,0.502902079334007,0.641400820329177,-0.13849874099517,-0.373762467461262,-0.235263726466092
"551684",1.52287684932688,0.567294575273377,0.882412862816158,-0.315118287542781,-0.955582274053503,-0.640463986510722
"435081",0.149145893443182,0.277729337215644,0.213828530143429,0.0639008070722147,0.128583443772462,0.0646826367002472
"44605",0.520059952160466,0.454537183560439,0.483072701442129,-0.0285355178816901,-0.0655227686000269,-0.0369872507183368
"19758",0.305838301288349,0.333444420461421,0.320032911554294,0.0134115089071279,0.0276061191730724,0.0141946102659444
"256209",0.956998922615677,0.481799861855701,0.664985849875344,-0.183185988019644,-0.475199060759976,-0.292013072740332
"370324",0.037516996797031,0.10740711541502,0.0746832963129903,0.03272381910203,0.0698901186179893,0.0371662995159593
"237338",3.94756099743835,1.24617016016314,2.07590132144526,-0.829731161282126,-2.70139083727522,-1.87165967599309
"351795",0.790068843440447,0.374113608680499,0.521704916697454,-0.147591308016955,-0.415955234759949,-0.268363926742994
"433659",0.0580071581996398,0.0905309415738447,0.0775077732833593,0.0130231682904854,0.0325237833742049,0.0195006150837195
"534231",2.00269609809362,0.529691187142101,1.05524763442449,-0.525556447282389,-1.47300491095152,-0.947448463669129
"246455",0.542722740465072,0.460425415002345,0.504728101417727,-0.0443026864153819,-0.0822973254627276,-0.0379946390473457
"44833",0.0688077709324827,0.247312951173543,0.158382402517015,0.0889305486565279,0.17850518024106,0.0895746315845323
"373284",2.45723098745187,0.767374650235131,1.30781324119227,-0.540438590957138,-1.68985633721674,-1.1494177462596
"134454",0.319305380536894,0.28576295388322,0.299298982747534,-0.013536028864314,-0.0335424266536738,-0.0200063977893598
"269337",0.00817401911334405,0.0477753130163866,0.0280654459780826,0.019709867038304,0.0396012939030425,0.0198914268647385
"341258",0.0117819872771726,0.0825875756028573,0.0514166086396837,0.0311709669631735,0.0708055883256847,0.0396346213625112
"164069",0.333965611834965,0.138585052839409,0.228520791866656,-0.0899357390272473,-0.195380558995556,-0.105444819968309
"34563",0.192347123587653,0.248220618897516,0.221851336612508,0.0263692822850077,0.0558734953098634,0.0295042130248557
"466165",0.465634101431717,0.332419862461296,0.384476450572858,-0.0520565881115617,-0.133214238970421,-0.0811576508588597
"260791",0.230262219431976,0.320271467034125,0.277087893420675,0.0431835736134492,0.0900092476021483,0.0468256739886992
"130484",9.32725731057944,0.999001154529678,9.32725731057944,-8.32825615604976,-8.32825615604976,0
"555842",3.31922774369322,0.860841579797314,1.73927622627727,-0.878434646479959,-2.45838616389591,-1.57995151741595
"506283",0.267523332935943,0.420453498510628,0.338764279935769,0.0816892185748596,0.152930165574685,0.0712409469998256
"455993",0.0508276216754935,0.169225856699913,0.11121898786819,0.0580068688317232,0.11839823502442,0.0603913661926966
"40390",0.0964797211283529,0.10927045057733,0.103800793707547,0.00546965686978343,0.0127907294489775,0.00732107257919402
"17643",0.159729480751652,0.134219912528919,0.146249628893949,-0.0120297163650304,-0.0255095682227336,-0.0134798518577031
"118710",0.0368670495404793,0.0941414290311939,0.0667449431239775,0.0273964859072164,0.0572743794907146,0.0298778935834982
"124668",0.191566859664599,0.243028868084529,0.221581065548382,0.0214478025361464,0.05146200841993,0.0300142058837835
"53896",0.174551051240086,0.0738741701601422,0.121744779759048,-0.0478706095989054,-0.100676881079944,-0.0528062714810382
"309203",0.243222620896868,0.119197262574917,0.17808986597482,-0.0588926033999038,-0.124025358321952,-0.0651327549220478
"212319",1.16773673899432,0.664170296331926,0.840654456355892,-0.176484160023966,-0.503566442662395,-0.327082282638429
"457109",10,2.13125193733203,4.32938125346653,-2.1981293161345,-7.86874806266797,-5.67061874653347
"301564",0.401037937447358,0.207575419062715,0.300488538103864,-0.0929131190411492,-0.193462518384644,-0.100549399343495
"481378",1.1216606799194e-08,0.0575991027712431,0.0327613107222723,0.0248377920489708,0.0575990915546363,0.0327612995056655
"282500",1.03235712580717,0.254663390829593,0.579477050840594,-0.324813660011001,-0.777693734977582,-0.452880074966581
"308932",0.191251030580062,0.25479373450209,0.223693579039219,0.0311001554628708,0.0635427039220281,0.0324425484591573
"300529",0.0920752428276006,0.13862308784634,0.116372591323785,0.0222504965225547,0.0465478450187395,0.0242973484961848
"559204",0.2150491922545,0.33716763251377,0.287216980770213,0.0499506517435571,0.122118440259271,0.0721677885157137
"218312",0.832647065482087,0.714153577762275,0.765721703392896,-0.0515681256306212,-0.118493487719812,-0.0669253620891906
"163104",0.734134964196827,0.347011666542976,0.511231410417469,-0.164219743874493,-0.387123297653851,-0.222903553779358
"330517",0.0436076413679697,0.117178825070297,0.0835686359765423,0.0336101890937545,0.0735711837023271,0.0399609946085726
"396866",0.175872618694837,0.289002207989877,0.248656400953293,0.0403458070365843,0.11312958929504,0.0727837822584553
"561337",0.131237164168286,0.193900154072461,0.165444544219922,0.0284556098525388,0.0626629899041749,0.0342073800516361
"421541",0.72215802097712,0.500537527479949,0.577922764700279,-0.0773852372203301,-0.221620493497171,-0.144235256276841
"35938",0.140657268453101,0.376587150009736,0.250947318443159,0.125639831566577,0.235929881556635,0.110290049990058
"411744",0.0444365924785371,0.134104606805406,0.0903497097946321,0.0437548970107735,0.0896680143268685,0.045913117316095
"54399",2.42964517907219,1.31653748433265,1.73207637655619,-0.415538892223542,-1.11310769473955,-0.697568802516003
"569870",0.156818610247291,0.11822751521278,0.136526796322479,-0.0182992811096988,-0.0385910950345115,-0.0202918139248127
"202465",0.709229652219082,0.392277292753716,0.492198023082284,-0.0999207303285682,-0.316952359465366,-0.217031629136798
"303821",0.367502557869487,0.319221856038675,0.337560351697944,-0.0183384956592687,-0.0482807018308123,-0.0299422061715436
"407895",1.49171180863131,0.595635033752841,0.905326455322707,-0.309691421569866,-0.896076774878471,-0.586385353308606
"360300",0.514172520008989,0.323344556871555,0.40309438481783,-0.079749827946275,-0.190827963137434,-0.111078135191159
"11699",0.0486283866340636,0.0730075562281947,0.0613518416750894,0.0116557145531054,0.0243791695941311,0.0127234550410257
"147128",0.503686076662529,0.423737631463376,0.459305254651633,-0.0355676231882563,-0.079948445199153,-0.0443808220108967
"406552",0.190541399272231,0.239361708776565,0.217051395439709,0.0223103133368561,0.0488203095043339,0.0265099961674778
"400721",1.86006287500799,0.651137231053122,1.09934458032088,-0.448207349267756,-1.20892564395487,-0.760718294687115
"191991",2.17919604154435,0.375652038820495,2.17919604154435,-1.80354400272385,-1.80354400272385,0
"217021",0.0562812194031377,0.162305740053237,0.109404141664331,0.0529015983889056,0.106024520650099,0.0531229222611938
"184754",0.191423301684786,0.268351782467019,0.228874246270016,0.0394775361970035,0.0769284807822327,0.0374509445852292
"35495",0.47133966124012,0.304596875492799,0.371012533025221,-0.0664156575324213,-0.166742785747321,-0.100327128214899
"488872",0.912101428500934,0.352039506737709,0.53838721073213,-0.186347703994421,-0.560061921763225,-0.373714217768804
"569807",0.257900909189396,0.233357674469079,0.241855027646077,-0.00849735317699779,-0.0245432347203171,-0.0160458815433193
"375444",0.182272181434184,0.124323607829452,0.153296786419394,-0.0289731785899419,-0.0579485736047326,-0.0289753950147907
"322080",0.329419269936601,0.22876215340949,0.27608202247275,-0.0473198690632594,-0.100657116527111,-0.0533372474638517
"154464",1.95504124813173,0.461673604828387,0.993357373862145,-0.531683769033758,-1.49336764330335,-0.961683874269588
"524125",0.190341701380647,0.193407374759381,0.192102739777651,0.00130463498172956,0.00306567337873354,0.00176103839700398
"17954",0.0198898801962693,0.066071182462654,0.0449138663473778,0.0211573161152762,0.0461813022663847,0.0250239861511085
"467956",1e-08,0.285927839737228,0.173150830650001,0.112777009087227,0.285927829737228,0.173150820650001
"239793",1.91457441200737,0.63012946302875,1.10229568636793,-0.472166223339181,-1.28444494897862,-0.812278725639441
"538989",0.887862392076896,0.42655984136046,0.591420926137201,-0.16486108477674,-0.461302550716436,-0.296441465939695
"558618",1.26304168183365,0.536555560189007,0.839182869357965,-0.302627309168958,-0.726486121644647,-0.423858812475689
"436533",0.0191953159773153,0.0696111725344503,0.0464036171825739,0.0232075553518764,0.0504158565571349,0.0272083012052585
"238782",0.0458955467511556,0.0645333332237753,0.0567273649382675,0.00780596828550782,0.0186377864726197,0.0108318181871119
"26948",1.20002336748943,0.460711272766747,0.753769435944788,-0.293058163178041,-0.739312094722682,-0.446253931544641
"136493",0.110858544298299,0.208677499520299,0.162447473200857,0.0462300263194416,0.0978189552219996,0.051588928902558
"307514",0.502182173196876,0.244810127547521,0.344765146522969,-0.0999550189754487,-0.257372045649355,-0.157417026673906
"37518",3.8443628195739,1.75629286852102,2.49160601649868,-0.73531314797766,-2.08806995105288,-1.35275680307522
"65030",3.31765745646829,0.732202459234933,1.61448332018883,-0.882280860953898,-2.58545499723336,-1.70317413627946
"52446",0.0778636169368154,0.162910842896002,0.121219021322662,0.0416918215733401,0.0850472259591864,0.0433554043858463
"87213",1.10182328649301,0.496575210437353,0.743729970079955,-0.247154759642602,-0.605248076055656,-0.358093316413055
"153942",10,2.5832710117968,6.3240892720739,-3.7408182602771,-7.41672898820319,-3.6759107279261
"25448",4.00800136867024,2.0515258922972,2.76334048636625,-0.711814594069055,-1.95647547637304,-1.24466088230399
"463486",0.364135937442111,0.273858674716,0.306621183775347,-0.0327625090593469,-0.0902772627261109,-0.057514753666764
"440377",7.43758497759058,2.05942711431659,3.59516788964846,-1.53574077533187,-5.37815786327399,-3.84241708794212
"485702",0.0389795613517919,0.0926397890233528,0.0685907863528675,0.0240490026704853,0.0536602276715609,0.0296112250010755
"330809",1.18979040793243,0.375070763336367,0.674074901189347,-0.29900413785298,-0.814719644596061,-0.515715506743081
"526346",2.48930810859942,0.891188320947038,1.43763094428424,-0.546442623337197,-1.59811978765239,-1.05167716431519
"88402",0.0773880608541151,0.0690358486428818,0.0729775565676347,-0.00394170792475289,-0.00835221221123329,-0.0044105042864804
"457872",10,3.16979255007511,5.40495055119248,-2.23515800111737,-6.83020744992489,-4.59504944880752
"134784",0.0296205783402939,0.095395605815526,0.0612983567177927,0.0340972490977333,0.0657750274752321,0.0316777783774988
"222641",0.686613435762644,0.437657469999337,0.521698514615701,-0.0840410446163638,-0.248955965763307,-0.164914921146943
"497324",0.0682914528962075,0.130938333388321,0.101343563175954,0.0295947702123664,0.062646880492113,0.0330521102797466
"401938",3.0454060058495,0.65421952153062,1.41658253559896,-0.762363014068344,-2.39118648431888,-1.62882347025054
"165997",0.0587918126555105,0.155169365389159,0.107108949367779,0.0480604160213799,0.0963775527336485,0.0483171367122687
"488124",0.0220427571199229,0.0488357637393223,0.03615285806192,0.0126829056774023,0.0267930066193994,0.0141101009419971
"88019",0.58255245874295,0.346930223383955,0.448506930660465,-0.10157670727651,-0.235622235358996,-0.134045528082486
"161856",0.953617864228236,0.181672086790684,0.953617864228236,-0.771945777437553,-0.771945777437553,0
"309897",1.25446871925398,0.386753550087401,0.710521672857012,-0.323768122769611,-0.867715169166584,-0.543947046396972
"255367",1.94833641813927,0.487920265380379,0.995648185249216,-0.507727919868837,-1.46041615275889,-0.952688232890053
"563226",0.903984016661774,0.86178589721281,0.880165097608771,-0.0183792003959609,-0.0421981194489639,-0.023818919053003
"477044",0.592834099690836,0.556329146036132,0.572601427230222,-0.0162722811940904,-0.0365049536547043,-0.0202326724606139
"382706",0.0338987833020088,0.139420767233585,0.0870538352367349,0.0523669319968499,0.105521983931576,0.053155051934726
"394602",0.0651295195502558,0.0958052466073139,0.0824547441043717,0.0133505025029422,0.0306757270570581,0.0173252245541159
"23855",0.0222790195409783,0.0525472137751808,0.0377183222465184,0.0148288915286624,0.0302681942342025,0.0154393027055401
"88121",0.813024149909234,0.578010556332427,0.675268672261728,-0.0972581159293009,-0.235013593576807,-0.137755477647506
"414102",2.82110321248102,0.21168306425917,2.82110321248102,-2.60942014822185,-2.60942014822185,0
"100301",0.767034482737778,0.279894863212041,0.486462318928146,-0.206567455716105,-0.487139619525737,-0.280572163809632
"212006",1.06461271080377,0.624760185950409,0.808452873417452,-0.183692687467043,-0.439852524853357,-0.256159837386314
"1369",0.287688650537408,0.267288702686146,0.274590407719466,-0.00730170503331956,-0.0203999478512616,-0.013098242817942
"483486",0.0409169938473935,0.0902150182460557,0.0689519180309576,0.0212631002150981,0.0492980243986621,0.0280349241835641
"37014",0.0631542247366444,0.186525205587528,0.124047872999542,0.0624773325879862,0.123370980850884,0.0608936482628978
"553864",0.0298032830995273,0.175594377117949,0.104086020878927,0.0715083562390215,0.145791094018422,0.0742827377794002
"559136",0.0632935714429657,0.0965865534061283,0.0800187651126523,0.0165677882934761,0.0332929819631626,0.0167251936696865
"277397",0.00911912640191387,0.0677360404985105,0.0393064560982334,0.0284295844002771,0.0586169140965966,0.0301873296963195
"129916",0.0708723163780058,0.13393124490579,0.101323318327389,0.0326079265784019,0.0630589285277846,0.0304510019493827
"349672",0.0111811842433005,0.0752357806251907,0.0460655414097591,0.0291702392154315,0.0640545963818902,0.0348843571664587
"463892",1.73101940077983,0.431656689408985,0.851948582974133,-0.420291893565147,-1.29936271137084,-0.879070817805694
"511924",0.549946002984059,0.468521574876178,0.512036413357157,-0.0435148384809792,-0.081424428107881,-0.0379095896269018
"214958",1.4710561132808,0.578302649077304,0.965429872791562,-0.387127223714258,-0.892753464203497,-0.505626240489239
"224974",3.02334199699369,0.477663651194164,3.02334199699369,-2.54567834579953,-2.54567834579953,0
"578221",0.391262604093714,0.385806327254629,0.387996252382344,-0.00218992512771465,-0.00545627683908467,-0.00326635171137002
"305308",0.323123496127441,0.380530679743629,0.357552091001821,0.0229785887418089,0.0574071836161882,0.0344285948743793
"507644",0.0068758718440635,0.136344527115174,0.079268096475755,0.0570764306394191,0.129468655271111,0.0723922246316915
"273422",2.39895966153408,0.366283058348136,2.39895966153408,-2.03267660318594,-2.03267660318594,0
"153527",0.320657228440907,0.403694676060534,0.367010892516756,0.0366837835437779,0.0830374476196271,0.0463536640758492
"416766",0.186291102106162,0.186808947909487,0.186527773106723,0.000281174802763934,0.000517845803325478,0.000236671000561545
"370669",8.07646853787869,0.940506705232625,8.07646853787869,-7.13596183264607,-7.13596183264607,0
"184025",0.336699849013304,0.346627444131192,0.342765720409837,0.00386172372135507,0.00992759511788777,0.0060658713965327
"439696",0.158346832546121,0.192120221232315,0.176090520304972,0.0160297009273432,0.033773388686194,0.0177436877588508
"527695",0.225501452448106,0.346502297369732,0.285574992069598,0.0609273053001343,0.121000844921626,0.0600735396214915
"139919",0.446665143435326,0.179608221863064,0.309147630509261,-0.129539408646197,-0.267056921572262,-0.137517512926065
"402987",0.615259983353459,0.212576160843479,0.371398613489113,-0.158822452645635,-0.40268382250998,-0.243861369864346
"462818",1.37921200016124,1.24372727111677,1.3001572614743,-0.056429990357528,-0.135484729044475,-0.0790547386869473
"532899",0.32672507424221,0.249538258326581,0.286012100631231,-0.0364738423046498,-0.0771868159156291,-0.0407129736109793
"29815",0.628516351157733,0.346747610263216,0.438528399137737,-0.0917807888745211,-0.281768740894516,-0.189987952019995
"410323",0.407487434700684,0.229096039384229,0.31471250234808,-0.0856164629638504,-0.178391395316454,-0.092774932352604
"486033",0.574552533831835,0.43879134868845,0.497597858214627,-0.0588065095261772,-0.135761185143385,-0.0769546756172073
"447857",5.08296476196808,0.735668128824456,5.08296476196808,-4.34729663314362,-4.34729663314362,0
"468062",0.162906075175229,0.161997480108888,0.162420408983707,-0.000422928874818179,-0.00090859506634039,-0.00048566619152221
"343456",1.02340621150535,0.312136592371695,0.548864124879337,-0.236727532507643,-0.711269619133659,-0.474542086626016
"347286",0.0897091300946262,0.191307383247241,0.14416467132135,0.0471427119258905,0.101598253152614,0.0544555412267239
"52047",0.436993012060668,0.294658824603844,0.350511088917889,-0.0558522643140453,-0.142334187456824,-0.0864819231427784
"71738",0.0920796452911979,0.25044915372048,0.169815290067724,0.0806338636527554,0.158369508429282,0.0777356447765265
"234563",0.00937945584143165,0.0224528069644198,0.0155340632858555,0.00691874367856424,0.0130733511229881,0.00615460744442387
"476373",1.20951502531663,1.02560069965158,1.09703107140345,-0.0714303717518692,-0.183914325665045,-0.112483953913176
"49586",0.625005097242208,0.455084092873137,0.530770709434321,-0.0756866165611842,-0.169921004369071,-0.0942343878078873
"377834",0.255404917242843,0.196879064513442,0.223974160998219,-0.027095096484777,-0.0585258527294009,-0.0314307562446239
"213107",3.03259384475965,0.820706223693773,1.58037132241561,-0.759665098721838,-2.21188762106588,-1.45222252234404
"363696",0.811442386819195,0.294774140889488,0.512349672491217,-0.217575531601729,-0.516668245929707,-0.299092714327978
"273362",1.78895215012335,0.708778689885893,1.11788058301883,-0.409101893132934,-1.08017346023746,-0.671071567104522
"243330",2.26656914980581,0.506343038408305,1.15514962558046,-0.648806587172153,-1.7602261113975,-1.11141952422535
"203678",0.0276877581006524,0.0421828783062669,0.0353831956721598,0.00679968263410717,0.0144951202056145,0.00769543757150736
"329596",0.182069547192716,0.182805577291294,0.182354108920008,0.000451468371286151,0.00073603009857795,0.000284561727291799
"414425",0.0478318121940273,0.18489543201154,0.118661775312418,0.0662336566991216,0.137063619817512,0.0708299631183909
"141408",0.321967481366889,0.309321300726675,0.314248727115715,-0.0049274263890402,-0.0126461806402138,-0.00771875425117358
"566570",0.0985518656889553,0.101439508759487,0.100083204570405,0.00135630418908234,0.00288764307053163,0.0015313388814493
"57295",0.0499026948808906,0.105302945526813,0.0796073512598406,0.0256955942669723,0.0554002506459223,0.02970465637895
"184816",0.0550971405603325,0.0701709254682399,0.0629047594825621,0.00726616598567782,0.0150737849079074,0.00780761892222959
"192013",0.633042386252862,0.13672082836235,0.353807332964292,-0.217086504601941,-0.496321557890511,-0.27923505328857
"352478",0.236054715091244,0.243459159222108,0.240044505839573,0.0034146533825348,0.00740444413086425,0.00398979074832945
"356857",2.51873202599725,0.964780453353907,1.50299602818162,-0.538215574827711,-1.55395157264334,-1.01573599781563
"383740",0.0887838481951562,0.171132003510823,0.13046638697137,0.0406656165394525,0.0823481553156666,0.0416825387762141
"87236",0.0644734604993073,0.0535246795973153,0.0583890254288002,-0.00486434583148498,-0.010948780901992,-0.00608443507050702
"359652",0.0905530452678319,0.115337437031147,0.104316184072853,0.0110212529582937,0.0247843917633147,0.0137631388050211
"313712",0.313711284695087,0.309029452570084,0.310821939824961,-0.00179248725487713,-0.00468183212500251,-0.00288934487012538
"415341",7.04532592945916,1.89730880820276,3.33440249848497,-1.43709369028221,-5.14801712125639,-3.71092343097418
"7100",0.0460892734203907,0.121543490705274,0.0839894677097934,0.0375540229954809,0.0754542172848837,0.0379001942894028
"73127",0.242178628706337,0.367410608410096,0.304961669010237,0.0624489393998592,0.125231979703759,0.0627830403038995
"195052",0.147884623147028,0.180991384035595,0.165204862023058,0.0157865220125368,0.0331067608885666,0.0173202388760298
"186647",0.208925336018043,0.290188338742314,0.253563306561139,0.0366250321811745,0.0812630027242712,0.0446379705430968
"413021",1.48566816822543,0.441244588366236,0.867627839063657,-0.426383250697421,-1.04442357985919,-0.618040329161771
"552406",0.0470182158302032,0.0764410521417309,0.062238332442594,0.0142027196991369,0.0294228363115277,0.0152201166123908
"539107",0.0816599491598261,0.168089759746265,0.126873295857754,0.0412164638885107,0.0864298105864385,0.0452133466979278
"333609",0.240410666183828,0.205121152313342,0.222544713670363,-0.0174235613570209,-0.0352895138704853,-0.0178659525134643
"307086",0.237586834902506,0.327265034923281,0.292909313984609,0.0343557209386721,0.0896782000207749,0.0553224790821028
"538427",0.109050432655877,0.280728830045663,0.20899833171843,0.0717304983272332,0.171678397389786,0.0999478990625529
"408814",0.152544812690121,0.28779360442119,0.221042502744306,0.0667511016768842,0.135248791731069,0.0684976900541847
"308957",0.377221623312039,0.630318930255748,0.509493107110172,0.120825823145576,0.253097306943709,0.132271483798134
"496458",1e-08,0.0432445324440511,0.0244800973898889,0.0187644350541622,0.0432445224440511,0.0244800873898889
"77216",0.0186926731799002,0.0648794915916256,0.0423483654712689,0.0225311261203567,0.0461868184117254,0.0236556922913687
"523989",1.90158379902839,0.745770139715545,1.19276530155437,-0.446995161838828,-1.15581365931285,-0.708818497474019
"267910",0.211902311616718,0.217859314819966,0.215200713843811,0.00265860097615517,0.00595700320324849,0.00329840222709332
"93835",2.57398968318587,0.962219301859025,1.51399540059816,-0.551776098739131,-1.61177038132685,-1.05999428258772
"401056",0.199052537952811,0.231021125418159,0.216057905528261,0.0149632198898977,0.0319685874653481,0.0170053675754503
"153647",0.114016063726265,0.187778198935491,0.154790985805084,0.0329872131304063,0.0737621352092253,0.0407749220788191
"136130",0.2229573250886,0.31320710779169,0.270528650194096,0.0426784575975938,0.0902497827030902,0.0475713251054964
"69574",0.195940792024936,0.198535659551305,0.197431668774759,0.00110399077654635,0.00259486752636862,0.00149087674982226
"544020",0.834712246937163,0.624090991151561,0.707293173460003,-0.0832021823084421,-0.210621255785602,-0.12741907347716
"153914",1.03312196033276,0.797405719645901,0.906166402059443,-0.108760682413543,-0.235716240686863,-0.12695555827332
"120269",0.947800322454746,0.237517700094303,0.533329724955374,-0.295812024861071,-0.710282622360443,-0.414470597499372
"404339",1.02630347259365,0.290737765940944,0.609852238439532,-0.319114472498588,-0.735565706652709,-0.416451234154121
"90975",2.376770002505,0.88422594018822,1.37664583615806,-0.492419895969844,-1.49254406231678,-1.00012416634693
"199743",0.0670232282728846,0.121651706217857,0.0959193936246145,0.0257323125932427,0.0546284779449727,0.0288961653517299
"185282",1.98181207841796,1.15037956490853,1.43965298419091,-0.289273419282377,-0.831432513509428,-0.542159094227051
"557805",0.0346519703730568,0.0668566241919625,0.0513270584729004,0.0155295657190621,0.0322046538189057,0.0166750880998436
"321836",10,4.14215639347415,6.08985338194238,-1.94769698846823,-5.85784360652585,-3.91014661805762
"172099",0.0668500318841889,0.0405292974192397,0.0529888605667704,-0.0124595631475307,-0.0263207344649492,-0.0138611713174185
"12394",0.843594699050928,0.512753766387378,0.635647486742553,-0.122893720355175,-0.33084093266355,-0.207947212308375
"57232",0.0557092259883955,0.0642337458471356,0.0600847006430134,0.00414904520412221,0.00852451985874016,0.00437547465461795
"24153",0.25938328494108,0.257323133193315,0.258270162784885,-0.000947029591569615,-0.0020601517477643,-0.00111312215619469
"95929",0.074578622521313,0.15430464255752,0.114886678599303,0.0394179639582167,0.079726020036207,0.0403080560779903
"233804",0.489273249150085,0.282524691938063,0.365919513304141,-0.0833948213660777,-0.206748557212022,-0.123353735845945
"572645",0.140104308288209,0.172219368607925,0.156745302167625,0.0154740664403001,0.0321150603197159,0.0166409938794158
"377134",0.91204642730596,0.484208607619667,0.686525393204515,-0.202316785584849,-0.427837819686294,-0.225521034101445
"56158",0.0384492523977169,0.0395887982951836,0.0390619774231564,0.000526820872027267,0.00113954589746672,0.000612725025439458
"105255",3.00263642186917,0.651117984401037,1.4059390062161,-0.754821021815059,-2.35151843746814,-1.59669741565308
"451497",2.39173681006108,0.62867871062059,1.31972175364853,-0.691043043027944,-1.76305809944049,-1.07201505641254
"455393",0.461832421596565,0.546771121793271,0.507067358468769,0.0397037633245015,0.084938700196706,0.0452349368722044
"543004",0.10265353385289,0.106218637868275,0.104551249762518,0.00166738810575649,0.00356510401538529,0.0018977159096288
"247049",0.179945554058289,0.300373556091728,0.257761801804659,0.042611754287069,0.120428002033439,0.07781624774637
"376278",0.370207891260148,0.342265392028262,0.353143393825406,-0.0108780017971443,-0.0279424992318861,-0.0170644974347418
"329011",2.77934451813549,0.846833073816453,1.50444836270461,-0.657615288888155,-1.93251144431904,-1.27489615543088
"279114",0.136179906372503,0.175430338159442,0.15644481718672,0.0189855209727216,0.0392504317869394,0.0202649108142178
"503397",0.678128268327352,0.920980096741802,0.815137623229429,0.105842473512373,0.24285182841445,0.137009354902077
"275266",1.0412022248998,0.521771598081038,0.73150145539166,-0.209729857310622,-0.519430626818765,-0.309700769508143
"75525",0.137582408404812,0.198781108134483,0.169617038763915,0.0291640693705674,0.0611986997296706,0.0320346303591032
"126864",0.0767254806554563,0.175493405235544,0.131690602005865,0.0438028032296792,0.098767924580088,0.0549651213504088
"461651",0.0239989446838382,0.111897747189403,0.0727538369102039,0.0391439102791995,0.0878988025055653,0.0487548922263657
"113990",0.111211716617356,0.109942891030024,0.110597185696318,-0.000654294666293825,-0.00126882558733168,-0.000614530921037859
"223766",0.87781218278778,0.352237017384175,0.589967385908864,-0.237730368524689,-0.525575165403605,-0.287844796878916
"338690",0.804916350305013,1.07571567806977,0.944942787082709,0.13077289098706,0.270799327764756,0.140026436777696
"69085",0.168965007569709,0.155314500531718,0.161229304487563,-0.0059148039558457,-0.013650507037991,-0.00773570308214527
"10917",0.153001171944936,0.279759541561395,0.219605112526008,0.0601544290353876,0.126758369616459,0.0666039405810715
"523349",0.141264924045088,0.175655065651247,0.161001462533885,0.014653603117362,0.0343901416061595,0.0197365384887975
"40895",0.107854673438754,0.291568523250707,0.205616169502513,0.0859523537481943,0.183713849811953,0.0977614960637584
"170309",0.849560647702178,0.679130281940516,0.750143069273052,-0.0710127873325355,-0.170430365761662,-0.0994175784291262
"32007",0.991342153939227,0.66602318250908,0.802373154544244,-0.136349972035164,-0.325318971430147,-0.188968999394983
"146451",0.0026450723918905,0.149514087729909,0.0831133958644464,0.0664006918654629,0.146869015338019,0.0804683234725559
"313937",0.0185872080879618,0.0909175444679924,0.0579933992606619,0.0329241452073305,0.0723303363800306,0.0394061911727001
"276688",1.50571004586514,0.658861964351698,0.967429973934991,-0.308568009583293,-0.846848081513442,-0.538280071930149
"223973",0.821375137167398,0.476630663270115,0.602057054150979,-0.125426390880865,-0.344744473897283,-0.219318083016418
"4755",0.892864500492147,0.266491018961453,0.453311466617928,-0.186820447656475,-0.626373481530694,-0.439553033874219
"554314",0.459860173127951,0.260195874920242,0.33845862006967,-0.078262745149428,-0.199664298207709,-0.121401553058281
"173217",0.143243352379165,0.384922786065591,0.268576988368165,0.116345797697426,0.241679433686427,0.125333635989
"126539",0.041207135792824,0.0479327715208589,0.0446624723031301,0.00327029921772882,0.00672563572803489,0.00345533651030607
"446979",0.73616190025333,0.477862538503251,0.569770287464259,-0.0919077489610085,-0.258299361750079,-0.166391612789071
"562174",1.44220901544286,0.750340847569872,1.01318084895367,-0.262840001383794,-0.691868167872989,-0.429028166489195
"208529",1.0733377002757,0.397785621825752,0.647953081026039,-0.250167459200288,-0.675552078449945,-0.425384619249658
"519314",1.10225235395728,1.06434369429787,1.07831063604431,-0.0139669417464352,-0.037908659659408,-0.0239417179129728
"340321",1.83125542694721,0.581757545390205,1.02908032603817,-0.447322780647964,-1.24949788155701,-0.802175100909045
"138545",0.972787772762287,0.541952809758505,0.70987485524221,-0.167922045483705,-0.430834963003782,-0.262912917520077
"88969",0.663682917290555,0.321996335302206,0.459547200923037,-0.137550865620832,-0.341686581988349,-0.204135716367517
"233176",1.54893779058546,0.809516084177203,1.09012718856701,-0.280611104389805,-0.739421706408261,-0.458810602018457
"532447",0.583448016905542,0.503892249304209,0.53276448735157,-0.0288722380473609,-0.0795557676013332,-0.0506835295539723
"287895",0.0105781009556923,0.170417365229772,0.0995496035630556,0.0708677616667165,0.15983926427408,0.0889715026073633
"90371",0.274642425364355,0.448775193839045,0.375067124193848,0.0737080696451976,0.174132768474691,0.100424698829493
"101361",0.910221561580389,0.494266762921817,0.651316284978596,-0.157049522056779,-0.415954798658572,-0.258905276601793
"248538",0.109656213670928,0.201064144183048,0.157274974439872,0.0437891697431762,0.0914079305121203,0.047618760768944
"384469",0.196945023410991,0.249156598162983,0.224200571594684,0.0249560265682985,0.0522115747519917,0.0272555481836932
"360261",0.168360456202008,0.310014619060126,0.244926351524344,0.0650882675357818,0.141654162858118,0.0765658953223359
"322154",0.0281214184244999,0.0953715204412278,0.0626216565375587,0.0327498639036691,0.0672501020167279,0.0345002381130588
"31755",0.012667718790911,0.0434095271801783,0.0291317522860162,0.0142777748941621,0.0307418083892673,0.0164640334951052
"218858",0.12942575428273,0.24426468687182,0.187798982359246,0.0564657045125738,0.11483893258909,0.0583732280765164
"425043",1.54895638535589,0.778631561294398,1.06976345918059,-0.291131897886195,-0.770324824061491,-0.479192926175296
"80647",0.177252595064957,0.148183469769549,0.161816278149568,-0.0136328083800188,-0.0290691252954078,-0.015436316915389
"305487",8.49422385785539,1.38504070361613,8.49422385785539,-7.10918315423927,-7.10918315423927,0
"87980",0.287023724438549,0.309148092311702,0.298143622844782,0.0110044694669199,0.0221243678731534,0.0111198984062335
"129221",1.9955070316785,0.636932025824162,1.1485389566243,-0.511606930800136,-1.35857500585434,-0.846968075054201
"279682",0.640303565246615,0.385747854613657,0.466116147383393,-0.0803682927697353,-0.254555710632957,-0.174187417863222
"511094",2.1813753132313,0.954853036062471,1.35248719180523,-0.397634155742764,-1.22652227716883,-0.828888121426067
"81717",1.12739503279354,0.800849636097736,0.921264215473256,-0.12041457937552,-0.326545396695801,-0.206130817320281
"104097",1e-08,0.123726521941253,0.0629139736996287,0.0608125482416247,0.123726511941253,0.0629139636996287
"355224",2.67929574146129,0.890264305627863,1.5026164640174,-0.612352158389533,-1.78903143583343,-1.1766792774439
"509418",0.145364414858955,0.127520118481595,0.134536338028975,-0.00701621954738027,-0.01784429637736,-0.0108280768299797
"443362",0.189688514431303,0.22207445428986,0.206311728309955,0.0157627259799051,0.0323859398585569,0.0166232138786518
"423911",0.123300667165437,0.201039423251432,0.16297051694468,0.0380689063067515,0.0777387560859951,0.0396698497792436
"21401",0.193115216158456,0.247118004510512,0.219896184192994,0.0272218203175179,0.0540027883520556,0.0267809680345377
"491643",0.111861970959484,0.26988852027736,0.191925293212149,0.0779632270652108,0.158026549317876,0.0800633222526653
"112194",0.384167796551761,0.280385331580585,0.318174744756771,-0.0377894131761859,-0.103782464971176,-0.0659930517949902
"215310",1.10822946880367,1.18385409734555,1.15193223876652,0.03192185857903,0.0756246285418791,0.0437027699628492
"159902",0.158554563890717,0.150350435252603,0.154106465277602,-0.00375603002499991,-0.00820412863811443,-0.00444809861311452
"256372",0.566915687688719,0.176080131150211,0.355587840696115,-0.179507709545905,-0.390835556538508,-0.211327846992603
"327832",0.241528465296526,0.336847307397914,0.303238106970593,0.0336092004273204,0.0953188421013875,0.0617096416740671
"185734",0.0531368276892906,0.113745048535232,0.0854826721421799,0.0282623763930521,0.0606082208459414,0.0323458444528893
"173767",3.47909930814616,0.817193002933003,1.76337801932393,-0.946185016390929,-2.66190630521316,-1.71572128882223
"399670",1.56108229585812,0.644162037864203,0.963963174730386,-0.319801136866184,-0.916920257993922,-0.597119121127738
"525370",0.10773537695969,0.180565239317505,0.145064126950031,0.0355011123674743,0.0728298623578146,0.0373287499903404
"164506",1.39190893485718,0.299023000101425,0.699733280051411,-0.400710279949986,-1.09288593475575,-0.692175654805768
"272938",0.0826353093159376,0.210842100804569,0.154005032090048,0.0568370687145208,0.128206791488632,0.0713697227741109
"466263",0.128569417486925,0.346605834876772,0.237750670327388,0.108855164549385,0.218036417389848,0.109181252840463
"561310",0.125062164196711,0.281997292051705,0.204909598162655,0.0770876938890497,0.156935127854994,0.0798474339659444
"273247",1.24707303140965,0.676110251613088,0.927054258418003,-0.250944006804915,-0.570962779796558,-0.320018772991643
"93763",0.0834827865150787,0.0694135799506792,0.0760519959416219,-0.00663841599094273,-0.0140692065643995,-0.0074307905734568
"13477",0.581797342698149,0.265707642039942,0.388228000378946,-0.122520358339004,-0.316089700658207,-0.193569342319203
"137169",1.22320163828792,0.606455055105792,0.87143340551611,-0.264978350410319,-0.616746583182129,-0.35176823277181
"94899",1.98134338582255,0.613639264961635,1.11641516128125,-0.502775896319614,-1.36770412086091,-0.864928224541299
"26045",0.40992525900878,0.351087463984362,0.37416365603901,-0.0230761920546482,-0.0588377950244188,-0.0357616029697706
"26053",0.0644623554693014,0.133351897057824,0.100448286754511,0.0329036103033133,0.0688895415885228,0.0359859312852095
"1693",0.00722313549723478,0.136951441809395,0.0777706429131317,0.0591807988962637,0.129728306312161,0.0705475074158969
"249011",0.491514816859522,0.297119212100897,0.394387663173897,-0.0972684510730007,-0.194395604758625,-0.0971271536856247
"212525",1.36031203661168,0.54836509306783,0.890108555708829,-0.341743462640998,-0.811946943543855,-0.470203480902856
"310057",0.053499322027734,0.128575216807462,0.0936978926452074,0.0348773241622546,0.075075894779728,0.0401985706174734
"214573",0.0289726351855223,0.124914290725743,0.0795772885445696,0.0453370021811737,0.095941655540221,0.0506046533590473
"282460",0.857657685064843,0.444189709305879,0.592021182899401,-0.147831473593523,-0.413467975758964,-0.265636502165442
"128147",0.997502899755479,0.393201477532733,0.61093984184204,-0.217738364309307,-0.604301422222747,-0.38656305791344
"574955",0.143243326032395,0.173521384637683,0.159239466513195,0.0142819181244888,0.0302780586052885,0.0159961404807996
"194654",0.404896007950926,0.132389974222331,0.263928159064956,-0.131538184842624,-0.272506033728595,-0.140967848885971
"163093",1.70120830391795,0.607728841926129,0.998174181027729,-0.3904453391016,-1.09347946199182,-0.703034122890222
"273924",1.74610968099964,0.602295976736412,1.00635732781455,-0.40406135107814,-1.14381370426323,-0.739752353185091
"130916",0.934244114817007,0.55980467685316,0.70908343720644,-0.14927876035328,-0.374439437963846,-0.225160677610567
"9281",0.0462425173530024,0.054333714839655,0.0502000541209973,0.00413366071865769,0.00809119748665266,0.00395753676799498
"85982",0.11845844911676,0.216638073077044,0.167486113833244,0.0491519592437997,0.0981796239602833,0.0490276647164836
"28775",0.0324533341066725,0.0347851996443538,0.0336090449026136,0.00117615474174013,0.00233186553768126,0.00115571079594114
"187143",5.40046820114768,2.64931307093796,3.48629096898617,-0.836977898048206,-2.75115513020972,-1.91417723216151
"107967",0.494668186849117,0.765258860476728,0.631203578630931,0.134055281845797,0.270590673627611,0.136535391781814
"559930",5.50397883489988,0.656277857931521,5.50397883489988,-4.84770097696835,-4.84770097696835,0
"119714",0.261032636796378,0.407738435610743,0.330656164696698,0.0770822709140459,0.146705798814365,0.0696235279003192
"206944",0.277139769528163,0.463331972751784,0.381902343687359,0.0814296290644251,0.18619220322362,0.104762574159195
"335074",0.291006251898529,0.498686759072942,0.408655826191862,0.0900309328810795,0.207680507174413,0.117649574293333
"300594",1.2947958276587,1.26962226399395,1.28014785493211,-0.0105255909381674,-0.0251735636647534,-0.014647972726586
"133034",1.37551488286451,0.847287961916938,1.04466750527075,-0.19737954335381,-0.528226920947574,-0.330847377593763
"62912",0.315197617701224,0.333552517923778,0.324880544102914,0.0086719738208641,0.018354900222554,0.00968292640168988
"357519",0.675837871571233,0.389296091368957,0.515208634894345,-0.125912543525388,-0.286541780202277,-0.160629236676889
"261591",1e-08,0.0556406080991916,0.0278313032172911,0.0278093048819005,0.0556405980991916,0.0278312932172911
"11368",0.401112640526119,0.427817742021357,0.416113762468706,0.0117039795526515,0.0267051014952386,0.0150011219425871
"476306",3.67928073914864,0.406510677859008,3.67928073914864,-3.27277006128963,-3.27277006128963,0
"378555",0.501236933113526,0.429585142016654,0.460168075990597,-0.0305829339739428,-0.0716517910968717,-0.0410688571229288
"71431",1.74219981279837,1.68774077836554,1.70838243146238,-0.0206416530968496,-0.054459034432832,-0.0338173813359823
"475996",1.57019568337434,0.784839774715039,1.08314493876402,-0.298305164048982,-0.785355908659301,-0.487050744610319
"572137",0.251431304580793,0.2477862872911,0.249785892064329,-0.00199960477322894,-0.00364501728969269,-0.00164541251646375
"138140",0.235886003520076,0.138066316793351,0.181655446949366,-0.0435891301560154,-0.0978196867267249,-0.0542305565707095
"468599",2.08354878701877,0.726360721128518,1.26722624825212,-0.540865527123601,-1.35718806589025,-0.816322538766647
"254725",1.50321227674805,0.316343364050223,0.767239856739616,-0.450896492689393,-1.18686891269783,-0.735972420008437
"472630",1.96202609069489,0.367238269335712,1.96202609069489,-1.59478782135918,-1.59478782135918,0
"394709",0.349606000281343,0.151668643184052,0.212417356048906,-0.0607487128648548,-0.197937357097292,-0.137188644232437
"526965",0.0922339156252504,0.142931657645367,0.120509976640825,0.0224216810045415,0.0506977420201163,0.0282760610155748
"17408",0.0288877982965502,0.0304000912462407,0.0296869093076886,0.000713181938552073,0.00151229294969045,0.000799111011138377
"55741",0.142922173521774,0.129953396913405,0.135895611908248,-0.00594221499484351,-0.0129687766083691,-0.00702656161352563
"282937",0.0223686470866025,0.0767526680441257,0.0506894639011657,0.0260632041429601,0.0543840209575232,0.0283208168145631
"17916",0.456015260829028,0.395925869853936,0.421749236217258,-0.0258233663633222,-0.0600893909750922,-0.03426602461177
"485231",0.213601525789207,0.212001715494266,0.212697005077893,-0.00069528958362719,-0.00159981029494097,-0.000904520711313778
"567375",0.861803149852993,0.509183654796151,0.643810730742591,-0.13462707594644,-0.352619495056842,-0.217992419110402
"240448",1e-08,0.0729739655867163,0.0406570319054855,0.0323169336812308,0.0729739555867163,0.0406570219054855
"139459",6.45086305496125,0.906564826513772,6.45086305496125,-5.54429822844748,-5.54429822844748,0
"528295",0.264862645075046,0.283189349407046,0.276003749909655,0.00718559949739178,0.0183267043320007,0.011141104834609
"117143",0.0774452101323937,0.109569654822187,0.0950436808990935,0.0145259739230931,0.0321244446897929,0.0175984707666998
"268072",0.00581822414016704,0.0327168143476708,0.0193301861075046,0.0133866282401662,0.0268985902075038,0.0135119619673376
"578086",0.0112108670656357,0.0573505878688335,0.0368032148560247,0.0205473730128088,0.0461397208031978,0.025592347790389
"521911",0.278398125513227,0.175181732132467,0.222247484844683,-0.0470657527122164,-0.10321639338076,-0.0561506406685436
"247701",0.0780843735677118,0.0982666854253152,0.0890482062424606,0.00921847918285464,0.0201823118576034,0.0109638326747488
"110081",0.235611157670071,0.210784695555078,0.222195567753037,-0.0114108721979599,-0.0248264621149935,-0.0134155899170336
"349780",0.553906251019291,0.342087924757525,0.449397915379545,-0.107309990622019,-0.211818326261765,-0.104508335639746
"334419",0.171286935017181,0.292174583590126,0.234287650152225,0.0578869334379015,0.120887648572946,0.0630007151350441
"440078",0.780776943211399,0.619082836825421,0.683006340328646,-0.0639235035032247,-0.161694106385978,-0.097770602882753
"231773",0.658620381841174,0.460489253465458,0.55052434341785,-0.0900350899523919,-0.198131128375716,-0.108096038423324
"541706",0.317949982762027,0.123671767588841,0.21703241130802,-0.0933606437191787,-0.194278215173187,-0.100917571454008
"466304",3.51829794544481,2.00338702784456,2.5359299389673,-0.532542911122741,-1.51491091760025,-0.982368006477507
"349594",0.449042714630449,0.404900770729505,0.427848249755702,-0.0229474790261965,-0.0441419439009438,-0.0211944648747473
"152851",0.650384591333948,0.611491616206711,0.627829721309774,-0.0163381051030626,-0.0388929751272374,-0.0225548700241749
"97307",0.106039781288083,0.0812285584072128,0.0930463999099454,-0.0118178415027326,-0.0248112228808697,-0.0129933813781371
"320121",1.29463921024199,0.729476850787912,0.982276990154965,-0.252800139367053,-0.565162359454083,-0.312362220087029
"66708",0.135289761815143,0.123187131705203,0.129558138356038,-0.00637100665083522,-0.0121026301099404,-0.00573162345910519
"516675",0.0882040878729251,0.354820351509207,0.22247598248401,0.132344369025197,0.266616263636282,0.134271894611085
"242816",0.119152776503126,0.268279307346409,0.20136155804318,0.0669177493032295,0.149126530843283,0.0822087815400536
"415004",0.950538173596469,0.510521786815063,0.682270689490429,-0.171748902675366,-0.440016386781406,-0.26826748410604
"440261",0.509763133297502,0.343463701750842,0.413592084049823,-0.0701283822989807,-0.16629943154666,-0.0961710492476793
"262189",2.98933962122124,0.979646080526727,1.70311475443598,-0.723468673909249,-2.00969354069451,-1.28622486678527
"56215",1.52250712914346,1.12008525352987,1.28686967373993,-0.166784420210057,-0.40242187561359,-0.235637455403533
"482688",0.4325072265692,0.368691415911659,0.395972226929326,-0.0272808110176666,-0.063815810657541,-0.0365349996398744
"8410",0.0908564581011433,0.176141107244112,0.13404196271511,0.0420991445290018,0.0852846491429686,0.0431855046139668
"510466",2.57847032885095,0.756818079814929,1.33095437398639,-0.574136294171459,-1.82165224903602,-1.24751595486456
"557723",0.409255206233437,0.204425005517707,0.299493706914786,-0.0950687013970791,-0.20483020071573,-0.109761499318651
"69686",0.59613188308107,0.473851967767118,0.529854605357577,-0.0560026375904598,-0.122279915313953,-0.066277277723493
"22616",1e-08,0.0634500149454284,0.0327559267632708,0.0306940881821576,0.0634500049454284,0.0327559167632708
"126173",0.226418168712962,0.159759170750324,0.193356541218061,-0.0335973704677378,-0.0666589979626384,-0.0330616274949005
"407949",0.204908984598126,0.284399316558455,0.248248448010995,0.0361508685474597,0.0794903319603292,0.0433394634128695
"311168",0.529758597439505,0.464099288811183,0.493145598666457,-0.0290463098552748,-0.0656593086283227,-0.0366129987730479
"531404",0.433649766337299,0.286964639859577,0.358636968321377,-0.0716723284617996,-0.146685126477722,-0.0750127980159229
"21698",0.35474968692188,0.429227625954122,0.39771227354102,0.0315153524131013,0.0744779390322418,0.0429625866191405
"214792",0.0326007109592657,0.0839477820989264,0.0574981520183923,0.0264496300805341,0.0513470711396608,0.0248974410591267
"282618",0.491787990926559,0.649406575887368,0.573308079566715,0.0760984963206535,0.15761858496081,0.0815200886401565
"103589",0.193307582633739,0.381213957705854,0.287486475108805,0.0937274825970486,0.187906375072115,0.0941788924750661
"278331",0.865443108218589,0.475927148809108,0.629830074234835,-0.153902925425727,-0.389515959409482,-0.235613033983755
"4685",0.0573891861124265,0.0817636884948194,0.0709001465453946,0.0108635419494248,0.0243745023823928,0.013510960432968
"559641",0.601305510461145,0.283190396902468,0.411870773968856,-0.128680377066388,-0.318115113558677,-0.189434736492289
"306826",2.07998884818538,0.576154325206711,1.13055953498434,-0.554405209777629,-1.50383452297867,-0.949429313201041
"416208",0.086327355887909,0.235787976040896,0.160275043159011,0.0755129328818851,0.149460620152987,0.0739476872711022
"401987",0.13402547626892,0.180083184095777,0.158630585701961,0.0214525983938162,0.0460577078268566,0.0246051094330404
"134408",0.25634180712826,0.178148194803041,0.216955308930983,-0.0388071141279417,-0.0781936123252194,-0.0393864981972777
"366250",2.81529844710804,0.87749165933937,1.54779374371769,-0.670302084378322,-1.93780678776867,-1.26750470339035
"135239",0.0443128173361656,0.150188011340269,0.100139215274773,0.0500487960654954,0.105875194004103,0.0558263979386075
"396044",0.0943984152842574,0.115335130028432,0.105230081753013,0.0101050482754191,0.0209367147441747,0.0108316664687557
"532180",0.132906006442613,0.146300206791086,0.139827034893267,0.00647317189781849,0.0133942003484726,0.00692102845065409
"508253",1.72617242681924,0.655973605950012,1.0467954994253,-0.390821893475287,-1.07019882086923,-0.679376927393944
"470265",0.917318052648324,0.377067409992108,0.570179111709068,-0.19311170171696,-0.540250642656216,-0.347138940939256
"193766",0.861378287740114,1.02071960667743,0.944337018953363,0.0763825877240664,0.159341318937315,0.0829587312132488
"333919",1.02712115161105,0.482047971065783,0.694414949016608,-0.212366977950825,-0.545073180545267,-0.332706202594442
"22442",0.0771430156955012,0.113693506729957,0.0973536797439875,0.0163398269859691,0.0365504910344555,0.0202106640484863
"318617",0.803676672383724,0.425268867949452,0.557638858999298,-0.132369991049846,-0.378407804434273,-0.246037813384426
"358297",0.575791620332152,0.443206078168403,0.502103403400951,-0.0588973252325475,-0.132585542163749,-0.0736882169312012
"171850",0.726737343646076,0.418137035739172,0.554796167623399,-0.136659131884227,-0.308600307906904,-0.171941176022677
"202098",1.7778549321656,0.643770142085972,1.06253640103387,-0.418766258947901,-1.13408479007963,-0.715318531131731
"29579",0.121520357657332,0.0832449198780787,0.101025131392489,-0.0177802115144106,-0.0382754377792538,-0.0204952262648432
"160418",2.91382393920847,1.37655691590217,1.98433365021135,-0.607776734309174,-1.53726702330629,-0.92949028899712
"544013",0.315264946147298,0.320510543609585,0.317822645809955,0.00268789779963047,0.0052455974622877,0.00255769966265723
"426829",0.101814601213622,0.165824741716533,0.134034928649307,0.0317898130672263,0.0640101405029108,0.0322203274356845
"76406",2.47632251810071,0.873118035329009,1.40078989130096,-0.527671855971948,-1.6032044827717,-1.07553262679975
"368815",0.0043353894832863,0.0262876558681715,0.0144577693964968,0.0118298864716747,0.0219522663848852,0.0101223799132105
"161299",0.655311875302159,0.469055109883512,0.553544616634735,-0.0844895067512236,-0.186256765418648,-0.101767258667424
"25217",1.21876254766565,0.434879505065285,0.744406325483136,-0.30952682041785,-0.783883042600369,-0.474356222182519
"307942",1e-08,0.0771011018187002,0.0438491006764423,0.0332520011422579,0.0771010918187002,0.0438490906764423
"319395",0.483310902060673,0.546706905573208,0.5174302631143,0.0292766424589082,0.0633960035125347,0.0341193610536266
"536190",0.342700350953539,0.477254751932557,0.417612784961696,0.0596419669708602,0.134554400979018,0.0749124340081577
"76280",0.587278882243022,0.396859763979137,0.47813558277612,-0.0812758187969829,-0.190419118263885,-0.109143299466902
"222755",0.315443956273476,0.325259700866333,0.321697808272678,0.00356189259365547,0.00981574459285711,0.00625385199920164
"15120",0.169747899664013,0.115434656812853,0.139826407118054,-0.0243917503052005,-0.0543132428511598,-0.0299214925459593
"543425",1.56939109139327,1.83560925994434,1.72438202427026,0.111227235674077,0.266218168551071,0.154990932876994
"399541",0.0253310699804273,0.151958820954476,0.0909517517015956,0.0610070692528805,0.126627750974049,0.0656206817211683
"118947",1.37585399343286,0.544804096111096,0.816092834736994,-0.271288738625899,-0.831049897321759,-0.559761158695861
"436338",1e-08,0.101302318788903,0.0562901170896091,0.0450122016992939,0.101302308788903,0.0562901070896091
"319513",1.27998800831663,0.34581953260354,0.697379891194494,-0.351560358590955,-0.934168475713093,-0.582608117122138
"94480",0.101750820596745,0.0969618576492136,0.0991255296771223,-0.00216367202790867,-0.00478896294753157,-0.00262529091962291
"477128",2.06569452365315,0.661478094888566,1.20093142869399,-0.539453333805423,-1.40421642876458,-0.864763094959159
"170880",0.0649851441341968,0.0634085470765042,0.0641392469895427,-0.000730699913038452,-0.00157659705769254,-0.000845897144654092
"467644",0.520777832229143,0.542813530879427,0.532648298498799,0.0101652323806282,0.0220356986502842,0.011870466269656
"41095",1e-08,0.0939923774045266,0.0508308632746899,0.0431615141298368,0.0939923674045266,0.0508308532746899
"23592",0.724885201763091,0.579752459278607,0.634506092408026,-0.0547536331294198,-0.145132742484484,-0.0903791093550643
"120993",0.641370798280623,0.221468321720909,0.388894264783861,-0.167425943062951,-0.419902476559714,-0.252476533496763
"341653",0.235252101438998,0.3097490385794,0.272238121884495,0.0375109166949049,0.0744969371404019,0.036986020445497
"445163",3.25362237372849,0.515570374617976,3.25362237372849,-2.73805199911052,-2.73805199911052,0
"174591",0.315839154240634,0.419179631796545,0.366866910658683,0.052312721137862,0.103340477555911,0.0510277564180486
"318117",0.0834085198338189,0.336229645547447,0.211757970312488,0.124471675234959,0.252821125713628,0.128349450478669
"218095",0.370252615317567,0.437706145674757,0.408050649671257,0.0296554960035004,0.0674535303571908,0.0377980343536904
"386629",0.802632603396832,0.331502815163823,0.535392047407506,-0.203889232243683,-0.471129788233009,-0.267240555989326
"106470",0.125693377141314,0.0699759374715732,0.0956155226332295,-0.0256395851616563,-0.0557174396697406,-0.0300778545080843
"79892",1.56246961780754,0.58365646478356,0.91600389657579,-0.33234743179223,-0.978813153023981,-0.646465721231751
"330519",0.117051552248588,0.222225717952634,0.172693484730346,0.0495322332222879,0.105174165704046,0.0556419324817585
"468150",0.355417259504495,0.134301975271788,0.241261694779925,-0.106959719508137,-0.221115284232707,-0.11415556472457
"427888",0.0267397147706369,0.0739962764262258,0.0516704337785028,0.022325842647723,0.0472565616555888,0.0249307190078659
"431340",2.05816806329912,0.458497695911483,1.02677735938524,-0.568279663473753,-1.59967036738764,-1.03139070391388
"430585",1.93854278167801,1.46406860967601,1.64032722748277,-0.176258617806754,-0.474474172001996,-0.298215554195242
"329928",0.0383726096970725,0.135463241752501,0.0908519217407109,0.04461132001179,0.0970906320554284,0.0524793120436384
"487070",0.288711830492561,0.464397161191543,0.387069718777341,0.0773274424142015,0.175685330698981,0.0983578882847799
"125186",0.09701347321092,0.0897866469136437,0.0932916271119951,-0.00350498019835138,-0.00722682629727622,-0.00372184609892484
"39124",0.00722313549723478,0.0995576058200773,0.0565806351969106,0.0429769706231667,0.0923344703228425,0.0493574996996758
"146699",0.269601063514011,0.142972053585762,0.202826104010613,-0.0598540504248509,-0.126629009928249,-0.0667749595033985
"549460",0.0582189273213124,0.0264364493178405,0.0418514300246922,-0.0154149807068516,-0.0317824780034719,-0.0163674972966203
"86313",1e-08,0.068282358609199,0.0384781823196105,0.0298041762895885,0.068282348609199,0.0384781723196105
"564133",1.98153637433241,0.68807034206801,1.18197068951341,-0.493900347445401,-1.2934660322644,-0.799565684819001
"320000",0.417290684543843,0.243687914516255,0.326061532599093,-0.0823736180828381,-0.173602770027589,-0.0912291519447505
"424534",0.227845485405021,0.246822440790694,0.237886365597344,0.00893607519335043,0.0189769553856732,0.0100408801923227
"181716",0.0406979031615348,0.154665455350655,0.0967558131735274,0.0579096421771273,0.11396755218912,0.0560579100119926
"564795",0.347166616821434,0.578234451326486,0.468162187830452,0.110072263496034,0.231067834505052,0.120995571009018
"223058",0.518926683325682,0.611135617200706,0.567539492233828,0.043596124966878,0.0922089338750233,0.0486128089081452
"399659",0.322306897231906,0.33345704607357,0.328227190413145,0.00522985566042561,0.0111501488416649,0.00592029318123927
"379684",0.264000210964432,0.370296176254798,0.328972698787411,0.0413234774673868,0.106295965290365,0.0649724878229785
"10154",0.203539662918344,0.215300567175871,0.209984436971158,0.0053161302047128,0.0117609042575273,0.00644477405281454
"308644",5.66086467221766,0.90331304146503,5.66086467221766,-4.75755163075263,-4.75755163075263,0
"461824",2.03712056550764,0.563334866930793,1.10643797287603,-0.543103105945242,-1.47378569857685,-0.930682592631608
"496675",0.890284686963523,0.530237222282089,0.669075427489596,-0.138838205207507,-0.360047464681434,-0.221209259473927
"351146",1e-08,0.12660543256581,0.0694699675251541,0.0571354650406562,0.12660542256581,0.0694699575251541
"302285",0.0164171215840102,0.124400803765855,0.071193299344629,0.0532075044212263,0.107983682181845,0.0547761777606188
"554174",0.00845504856965964,0.021589003856332,0.0147949364454253,0.00679406741090665,0.0131339552866723,0.00633988787576568
"19425",0.036011037212952,0.0592460524671949,0.0481439231062725,0.0111021293609224,0.0232350152542429,0.0121328858933204
"489739",0.896580312808491,0.619433448518354,0.73347582030735,-0.114042371788996,-0.277146864290137,-0.16310449250114
"202081",0.0678086705549056,0.195655551984575,0.140175372336665,0.05548017964791,0.12784688142967,0.0723667017817598
"24769",0.0824576901962371,0.185225235269599,0.134320900868664,0.0509043344009353,0.102767545073362,0.051863210672427
"254753",1.43983639404182,0.276701609665312,1.43983639404182,-1.16313478437651,-1.16313478437651,0
"224896",0.574598182200227,0.715552973532253,0.65964368748293,0.0559092860493228,0.140954791332026,0.0850455052827028
"460477",10,1.35474464030468,10,-8.64525535969532,-8.64525535969532,0
"239709",0.339232754883002,0.481292308122645,0.420814285687178,0.0604780224354661,0.142059553239642,0.0815815308041762
"309853",0.0499239732752625,0.0655124560388906,0.0577219506926,0.00779050534629058,0.0155884827636281,0.00779797741733752
"395053",1.40062102100801,0.850684206970038,1.06249338574716,-0.211809178777124,-0.549936814037971,-0.338127635260847
"542718",2.68371213674765,1.1388644976978,1.70932377731706,-0.570459279619255,-1.54484763904984,-0.97438835943059
"356526",0.0607592216016726,0.0464653322714544,0.053071936189364,-0.00660660391790962,-0.0142938893302182,-0.00768728541230862
"158013",0.118861324981441,0.283015451131654,0.20198428644122,0.0810311646904344,0.164154126150213,0.083122961459779
"44904",0.446593672863586,0.314067712233074,0.367371327602135,-0.0533036153690606,-0.132525960630513,-0.0792223452614519
"135843",0.320942327021179,0.479455679822426,0.408041712874997,0.0714139669474291,0.158513352801248,0.0870993858538185
"108031",0.201701654028803,0.195286038765161,0.197246656312646,-0.00196061754748539,-0.00641561526364229,-0.0044549977161569
"254679",0.238778793984108,0.171391584798056,0.190970917241801,-0.0195793324437454,-0.0673872091860526,-0.0478078767423072
"84671",0.0899645881802031,0.107006077141772,0.0990878618223638,0.00791821531940842,0.0170414889615691,0.00912327364216067
"419679",0.434789867868795,0.477948301641726,0.459010382521671,0.0189379191200552,0.0431584337729312,0.0242205146528759
"264325",0.130679677690095,0.289970178124644,0.209819954461727,0.0801502236629172,0.159290500434549,0.0791402767716319
"205567",10,4.75904863712182,7.68357808431656,-2.92452944719474,-5.24095136287818,-2.31642191568344
"448675",4.29460485943369,0.930924992263129,1.9182343198531,-0.987309327589967,-3.36367986717056,-2.37637053958059
"442435",0.253503171949304,0.32743895419569,0.291364050122957,0.0360749040727332,0.0739357822463865,0.0378608781736532
"115277",0.224251786243507,0.204202748800855,0.213267708237533,-0.00906495943667818,-0.0200490374426514,-0.0109840780059733
"387775",0.143452339564721,0.22248352332177,0.18593232798298,0.0365511953387897,0.079031183757049,0.0424799884182593
"494699",9.2326525728758,0.898599221081147,9.2326525728758,-8.33405335179465,-8.33405335179465,0
"86945",0.112612763235936,0.186996716685754,0.14966583880305,0.0373308778827046,0.0743839534498183,0.0370530755671137
"453643",0.633374149263446,0.132898375823414,0.365389825101219,-0.232491449277805,-0.500475773440032,-0.267984324162227
"56236",0.0121088386724617,0.120863487358849,0.0726239853716923,0.0482395019871567,0.108754648686387,0.0605151466992306
"450261",0.774089120599022,0.623443073077781,0.68091796143519,-0.0574748883574089,-0.150646047521241,-0.0931711591638325
"137997",0.153571888582072,0.460526699943805,0.340174655176726,0.12035204476708,0.306954811361733,0.186602766594654
"394585",0.241772546073124,0.322766229058843,0.282808799451604,0.0399574296072395,0.080993682985719,0.0410362533784796
"485644",0.286533431413206,0.71541373304087,0.47039197555551,0.245021757485359,0.428880301627663,0.183858544142304
"324126",1.6184454791152,0.404595928897858,0.89891565567988,-0.494319726782023,-1.21384955021735,-0.719529823435324
"242175",0.120808549826554,0.2052557345322,0.166239919345379,0.0390158151868205,0.084447184705646,0.0454313695188254
"195270",2.9082899525106,0.915116143000165,1.62596680057316,-0.710850657572996,-1.99317380951043,-1.28232315193744
"235604",0.593440119512164,0.301538013987621,0.42321029372518,-0.121672279737559,-0.291902105524543,-0.170229825786984
"58842",0.482140136021899,0.238547266374684,0.352025363049134,-0.11347809667445,-0.243592869647215,-0.130114772972765
"112674",2.2923401547349,1.09234267413423,1.50739037957411,-0.415047705439883,-1.19999748060067,-0.784949775160789
"73233",0.175371138156943,0.22419322074948,0.202721702146726,0.0214715186027542,0.0488220825925365,0.0273505639897823
"13113",0.53044481195857,0.318868650052751,0.409192722639186,-0.0903240725864349,-0.211576161905819,-0.121252089319384
"431144",0.846636168208596,0.807143792485254,0.827693633277574,-0.0205498407923203,-0.0394923757233427,-0.0189425349310225
"105746",0.914479179103858,0.401540343748426,0.584602718663675,-0.183062374915249,-0.512938835355432,-0.329876460440183
"278037",0.0634024127707238,0.105298588905982,0.0856412705569083,0.0196573183490736,0.0418961761352581,0.0222388577861845
"389598",0.196347348708832,0.317806492050073,0.255437749443591,0.0623687426064818,0.121459143341241,0.0590904007347589
"207312",1.18186486321965,0.844588693585419,0.968758506396679,-0.124169812811261,-0.337276169634232,-0.213106356822971
"88330",0.67986650712699,0.675890198226554,0.677492393227842,-0.00160219500128767,-0.00397630890043588,-0.00237411389914821
"553407",0.200002299534564,0.370393971927553,0.285545101347747,0.0848488705798062,0.170391672392988,0.0855428018131822
"481648",0.0279459507672007,0.071048884382557,0.0506972434703819,0.0203516409121751,0.0431029336153562,0.0227512927031811
"113247",2.41886289990844,0.746049579447169,1.26958168888321,-0.523532109436038,-1.67281332046127,-1.14928121102524
"564976",0.0562871031287407,0.172285678187405,0.11199145393755,0.060294224249855,0.115998575058665,0.0557043508088097
"530654",0.14174801260517,0.282695340711864,0.218300640636652,0.0643947000752121,0.140947328106694,0.0765526280314817
"328789",0.762049664648225,0.517329699627778,0.607011611256699,-0.0896819116289208,-0.244719965020447,-0.155038053391526
"246864",0.0174550243535453,0.0916704436676846,0.0552085084599124,0.0364619352077721,0.0742154193141393,0.0377534841063671
"17379",0.0803664472117219,0.208742902462544,0.154680887909788,0.0540620145527555,0.128376455250822,0.0743144406980663
"168241",0.00197835505957302,0.0685583706645419,0.0381617445743837,0.0303966260901582,0.0665800156049689,0.0361833895148107
"103501",0.150563868422829,0.261864175247684,0.209919214564953,0.0519449606827313,0.111300306824854,0.059355346142123
"69791",0.0189753173219045,0.0975920392966777,0.0635309411421087,0.034061098154569,0.0786167219747732,0.0445556238202042
"357621",0.0285137209516252,0.0855395740871088,0.0599755716752225,0.0255640024118863,0.0570258531354836,0.0314618507235973
"177561",0.0731135363425962,0.112256181362116,0.0940641132252636,0.0181920681368525,0.03914264501952,0.0209505768826675
"88101",0.548494341807919,0.392977896374409,0.459878354911735,-0.0669004585373256,-0.15551644543351,-0.0886159868961841
"419887",0.211679571470188,0.295181673961305,0.253094616260969,0.0420870577003365,0.0835021024911173,0.0414150447907808
"299549",0.354624872706434,0.571588677040975,0.471576771202731,0.100011905838244,0.216963804334541,0.116951898496297
"45511",2.70721317256244,1.04985052462237,1.65405259228865,-0.604202067666281,-1.65736264794006,-1.05316058027378
"278148",0.683066890797395,0.70420339828873,0.695075960155388,0.00912743813334171,0.0211365074913344,0.0120090693579927
"529097",3.16010787943586,0.894611869471265,1.69929127138292,-0.804679401911654,-2.2654960099646,-1.46081660805294
"118725",10,3.33648836859006,6.94727864397884,-3.61079027538877,-6.66351163140994,-3.05272135602116
"476085",10,4.73972104033012,9.57054267914232,-4.8308216388122,-5.26027895966988,-0.429457320857683
"136763",0.331214750536728,0.3076890564041,0.319607024476169,-0.0119179680720697,-0.0235256941326287,-0.011607726060559
"365367",0.214777772870312,0.155697995887497,0.185253383428845,-0.0295553875413483,-0.0590797769828154,-0.029524389441467
"350317",0.0489818041573011,0.0823953100275278,0.0663700061657514,0.0160253038617764,0.0334135058702268,0.0173882020084504
"235013",0.0102307171243595,0.0682844741325862,0.041098473459246,0.0271860006733402,0.0580537570082267,0.0308677563348864
"19876",0.0129005101039934,0.0446534517453681,0.0299905686743542,0.0146628830710139,0.0317529416413747,0.0170900585703608
"357857",0.0797690373817851,0.20283786221598,0.142027021182183,0.0608108410337969,0.123068824834195,0.062257983800398
"350253",0.151711969851695,0.347087873517364,0.250798487096868,0.0962893864204964,0.195375903665669,0.0990865172451725
"550927",10,3.11072760273824,4.98969019655652,-1.87896259381827,-6.88927239726176,-5.01030980344348
"349658",0.0923563901225098,0.126928588228779,0.110865173416731,0.016063414812048,0.0345721981062696,0.0185087832942216
"25638",0.0654554287278219,0.0515855456078729,0.0581105138206064,-0.00652496821273352,-0.013869883119949,-0.00734491490721551
"575610",0.881513769703421,0.70780401607576,0.780247567420342,-0.0724435513445817,-0.173709753627661,-0.101266202283079
"72968",0.423346906922875,0.24625792854122,0.310087387628484,-0.0638294590872631,-0.177088978381655,-0.113259519294392
"52447",0.0195721977137295,0.0296393377302938,0.0246602802216161,0.0049790575086776,0.0100671400165643,0.0050880825078867
"506427",1.22286764005681,1.39702965227349,1.32247226232706,0.0745573899464353,0.174162012216689,0.0996046222702538
"523903",1.45563655755198,0.990541069586296,1.17374288367463,-0.18320181408833,-0.465095487965684,-0.281893673877354
"528261",0.0290163599695585,0.127477498951681,0.0798485214383718,0.0476289775133092,0.0984611389821225,0.0508321614688133
"366038",0.807660308098887,0.521809675570747,0.626379982886337,-0.10457030731559,-0.28585063252814,-0.18128032521255
"459829",0.0905002981323721,0.197878908880159,0.147013151926117,0.0508657569540418,0.107378610747787,0.0565128537937448
"529821",0.599340084194347,0.121716225043122,0.281299712882135,-0.159583487839013,-0.477623859151225,-0.318040371312212
"238359",0.844897049690764,0.542723410189889,0.658634470117637,-0.115911059927749,-0.302173639500875,-0.186262579573127
"329657",0.0854736467943726,0.157581283715946,0.121363133990306,0.0362181497256403,0.0721076369215736,0.0358894871959334
"122052",1.73797593982283,0.963901400369369,1.28985325146904,-0.325951851099674,-0.774074539453465,-0.448122688353792
"184908",3.2617436260381,1.0071900448487,1.84205694160623,-0.834866896757532,-2.2545535811894,-1.41968668443187
"95173",0.315978435842646,0.11189852938103,0.196273728951659,-0.0843751995706292,-0.204079906461616,-0.119704706890987
"43621",0.997882837854498,0.333833450863638,0.561653403442019,-0.227819952578381,-0.66404938699086,-0.436229434412479
"442047",0.425673134897052,0.358269335906756,0.386193645587749,-0.0279243096809932,-0.0674037989902965,-0.0394794893093033
"445237",0.821688113193366,0.248317632729945,0.482270894830034,-0.233953262100089,-0.57337048046342,-0.339417218363331
"354514",1e-08,0.0370225642349159,0.0181015940695464,0.0189209701653694,0.0370225542349158,0.0181015840695464
"112099",0.422687040606926,0.485827726655032,0.45713835526341,0.0286893713916218,0.0631406860481052,0.0344513146564835
"544150",0.0787540842861826,0.128045465862319,0.105785303853277,0.0222601620090422,0.0492913815761362,0.027031219567094
"83398",0.231539245137122,0.398053600596171,0.336382734581809,0.0616708660143621,0.166514355459049,0.104843489444687
"125733",0.511913870080917,0.104407533185498,0.229878800776792,-0.125471267591294,-0.407506336895419,-0.282035069304125
"277979",0.312920725953021,0.542631641610468,0.444942547809345,0.0976890938011224,0.229710915657447,0.132021821856324
"26518",1.18952627053365,0.714586536838242,0.873343392937072,-0.15875685609883,-0.474939733695405,-0.316182877596576
"316954",0.224297137104498,0.209993140437029,0.216536265142825,-0.00654312470579602,-0.014303996667469,-0.00776087196167302
"487748",4.75905033563511,1.15308209849742,2.29598939117682,-1.1429072926794,-3.60596823713769,-2.46306094445829
"423501",0.16740794783155,0.22801709547432,0.198342267047731,0.0296748284265894,0.0606091476427698,0.0309343192161804
"284711",0.145563279745522,0.330083867831028,0.245747717177239,0.0843361506537884,0.184520588085506,0.100184437431717
"78228",0.490916541485518,0.296717076701688,0.370486516916466,-0.0737694402147778,-0.19419946478383,-0.120430024569052
"356129",0.121273836186956,0.107910643640484,0.114394730280957,-0.0064840866404728,-0.0133631925464727,-0.00687910590599985
"50319",1.4380031023868,0.511256238865183,0.900709343178742,-0.389453104313559,-0.926746863521618,-0.53729375920806
"196564",0.200639744825443,0.259391445318992,0.231601771365914,0.0277896739530779,0.0587517004935495,0.0309620265404716
"272670",1.32459967100936,0.460971532311597,0.805634620142796,-0.344663087831199,-0.863628138697761,-0.518965050866561
"224",0.0585447273626459,0.0705446531781734,0.0648473789137785,0.00569727426439495,0.0119999258155275,0.00630265155113256
"56072",0.180024153745916,0.381022415324374,0.277627952419256,0.103394462905118,0.200998261578458,0.0976037986733401
"455246",0.109127040724209,0.126138856753812,0.118717348276856,0.00742150847695573,0.0170118160296027,0.00959030755264692
"493515",0.0377651156224274,0.115683010317648,0.0794961928460752,0.0361868174715731,0.0779178946952209,0.0417310772236478
"407996",0.526879359333289,0.566326203564362,0.552041088638754,0.0142851149256082,0.0394468442310731,0.0251617293054649
"372482",1.45762656534226,0.518956581192289,0.83357489696565,-0.314618315773362,-0.93866998414997,-0.624051668376609
"474984",0.179742261280127,0.239498505675474,0.212587366774069,0.0269111389014043,0.0597562443953466,0.0328451054939423
"60327",1.82736221135567,0.868972231194435,1.26075619670089,-0.39178396550646,-0.958389980161235,-0.566606014654774
"482871",0.00811461583562001,0.0216371567679624,0.0145393778875527,0.00709777888040971,0.0135225409323424,0.00642476205193272
"120567",3.22012704326343,0.621052174706862,3.22012704326343,-2.59907486855657,-2.59907486855657,0
"69730",0.0339819678445605,0.0452949634051189,0.0402750498552504,0.00501991354986843,0.0113129955605584,0.00629308201068993
"424783",0.0338989374082793,0.0405417397455734,0.0374152228527418,0.0031265168928316,0.00664280233729411,0.00351628544446252
"4097",0.312995692565934,0.375273708557411,0.349327350150467,0.0259463584069438,0.0622780159914773,0.0363316575845335
"96523",2.29459719564324,1.16934948564833,1.56673204369664,-0.397382558048315,-1.12524770999491,-0.727865151946598
"109149",3.26196610136263,0.790446844036053,1.65685199907149,-0.866405155035441,-2.47151925732658,-1.60511410229113
"332720",0.302197417522009,0.466935071824967,0.391594356058659,0.0753407157663079,0.164737654302958,0.0893969385366497
"448291",4.30800549087181,1.54088264105327,2.47951345691722,-0.938630815863954,-2.76712284981855,-1.82849203395459
"193349",0.714378141047887,0.392797887136047,0.535585919782197,-0.142788032646149,-0.32158025391184,-0.178792221265691
"3452",1.02813857435294,0.628010242078947,0.793013619116467,-0.16500337703752,-0.400128332273992,-0.235124955236472
"330810",0.0986594185175359,0.104827659900941,0.101818832825507,0.00300882707543389,0.00616824138340542,0.00315941430797154
"122813",0.0504444413418395,0.144960232627603,0.102119559755994,0.0428406728716087,0.0945157912857635,0.0516751184141549
"131286",1.34126340409578,0.772207460227951,0.974971668031052,-0.202764207803101,-0.56905594386783,-0.366291736064729
"261596",1.27156612134199,0.73152246908458,0.970931011598297,-0.239408542513718,-0.540043652257411,-0.300635109743693
"135190",0.0965823510156328,0.117560027099426,0.10740065774903,0.0101593693503966,0.0209776760837934,0.0108183067333968
"147405",0.722383647017528,0.230793170087241,0.4699448068302,-0.239151636742959,-0.491590476930287,-0.252438840187328
"489765",7.37351060613307,1.21065131031039,7.37351060613307,-6.16285929582268,-6.16285929582268,0
"404383",1.26891672674926,0.662171322889251,0.875888517053525,-0.213717194164274,-0.606745403860014,-0.393028209695739
"125232",0.156877171176434,0.346305408365093,0.254980037075544,0.0913253712895493,0.189428237188659,0.0981028658991098
"370345",0.0543090200633089,0.0926499567877773,0.0760681443744508,0.0165818124133265,0.0383409367244684,0.0217591243111419
"111186",0.356556209893556,0.327343141279622,0.339039077336918,-0.0116959360572956,-0.0292130686139342,-0.0175171325566386
"257211",3.85255542301711,1.10989079069532,1.9118475433965,-0.801956752701184,-2.74266463232179,-1.9407078796206
"151165",0.10638781781566,0.10775129155317,0.107173584277782,0.000577707275387973,0.00136347373751008,0.000785766462122112
"81197",0.389715208613268,0.247630312541654,0.298785319795888,-0.0511550072542343,-0.142084896071614,-0.0909298888173795
"204631",0.0620265649297981,0.104921913116909,0.0839803719704313,0.020941541146478,0.0428953481871112,0.0219538070406332
"23571",0.0442910669717985,0.109344349157482,0.0795961409343096,0.0297482082231721,0.0650532821856832,0.0353050739625111
"554661",0.0791529244286806,0.117449832744449,0.097946336702108,0.019503496042341,0.0382969083157684,0.0187934122734274
"51131",7.47453796327267,1.40380066303631,7.47453796327267,-6.07073730023636,-6.07073730023636,0
"6119",0.168914624702214,0.4423529952022,0.301446891117324,0.140906104084875,0.273438370499986,0.13253226641511
"300933",1.12102573232469,0.600433255957095,0.819188354477571,-0.218755098520476,-0.520592476367598,-0.301837377847123
"577504",1.13345119359636,0.252197176599959,0.63244664347772,-0.380249466877761,-0.881254016996397,-0.501004550118636
"364222",0.180373746937183,0.305601268909474,0.246779230946064,0.0588220379634102,0.125227521972291,0.0664054840088807
"357159",0.0484129712793897,0.065291919594139,0.057027682606528,0.00826423698761092,0.0168789483147493,0.00861471132713836
"509298",0.839798720756745,0.317707214119689,0.54466272776273,-0.226955513643042,-0.522091506637056,-0.295135992994015
"26471",0.0137765750062574,0.0410763992105476,0.02859996201789,0.0124764371926576,0.0272998242042902,0.0148233870116326
"259685",0.01035061617378,0.0773418712044535,0.0466513775314547,0.0306904936729988,0.0669912550306734,0.0363007613576746
"204880",0.938254488136729,0.5148487130188,0.680599917465917,-0.165751204447117,-0.423405775117929,-0.257654570670812
"45437",0.568414505043586,0.458786963299011,0.496542385160756,-0.0377554218617448,-0.109627541744574,-0.0718721198828294
"449384",1.96259354958241,0.59429597988458,1.09369033924079,-0.499394359356212,-1.36829756969783,-0.868903210341623
"289757",2.05529662783565,0.786917715873461,1.29432797436172,-0.507410258488254,-1.26837891196219,-0.760968653473933
"59879",0.104590801977723,0.156775625244266,0.12951980076916,0.0272558244751063,0.0521848232665431,0.0249289987914368
"9321",0.527950518350362,0.243407096793618,0.351583644222347,-0.10817654742873,-0.284543421556744,-0.176366874128014
"505334",0.87456777469164,0.57668641431227,0.696885176669957,-0.120198762357688,-0.297881360379371,-0.177682598021683
"80113",0.254068104074448,0.246634602626513,0.250425534095091,-0.00379093146857853,-0.00743350144793539,-0.00364256997935686
"92320",4.41485093867095,0.987124968248153,1.99079495934865,-1.00366999110049,-3.4277259704228,-2.42405597932231
"387773",2.22761742271348,0.587805268980354,1.20921616791466,-0.621410898934309,-1.63981215373313,-1.01840125479882
"150270",0.391332748445041,0.294904628544732,0.333201946942244,-0.0382973183975123,-0.0964281199003097,-0.0581308015027974
"561763",0.23031723214505,0.289362991876038,0.261497173208322,0.0278658186677163,0.0590457597309885,0.0311799410632722
"416754",0.233822115472183,0.257548160657547,0.249649311656898,0.00789884900064911,0.0237260451853642,0.0158271961847151
"442177",4.93139326661944,0.857138155283192,4.93139326661944,-4.07425511133625,-4.07425511133625,0
"16837",0.0566725711131819,0.150571803069849,0.101672518127468,0.0488992849423809,0.093899231956667,0.0449999470142861
"170650",0.365720015744215,0.127604792948639,0.194178452267043,-0.0665736593184045,-0.238115222795576,-0.171541563477171
"292455",0.222897866367597,0.163513477599649,0.188382610048336,-0.0248691324486867,-0.059384388767948,-0.0345152563192614
"95289",5.18799711587024,0.953694261262829,5.18799711587024,-4.23430285460741,-4.23430285460741,0
"175526",1e-08,0.245635013382034,0.139218808816775,0.10641620456526,0.245635003382034,0.139218798816775
"279540",0.377502602282259,0.267488743209364,0.306624967210843,-0.039136224001479,-0.110013859072895,-0.0708776350714159
"322602",0.949432410219336,0.432483812194604,0.62792404129853,-0.195440229103926,-0.516948598024732,-0.321508368920806
"205817",1.01748542069221,0.526998682251909,0.72092884349486,-0.19393016124295,-0.490486738440297,-0.296556577197347
"376262",0.124084640623725,0.160275202920031,0.142459138149483,0.0178160647705481,0.0361905622963056,0.0183744975257575
"349934",0.321723187566671,0.396721329163461,0.365211845409688,0.031509483753773,0.0749981415967907,0.0434886578430176
"244910",1.02436600925147,0.597074356966819,0.772597305760422,-0.175522948793603,-0.42729165228465,-0.251768703491047
"179812",0.0425216012858176,0.0436698611310894,0.0431333334695592,0.000536527661530187,0.00114825984527183,0.000611732183741644
"398438",0.901410523098716,0.37134824441709,0.606759929409238,-0.235411684992148,-0.530062278681626,-0.294650593689478
"266025",0.95929372602794,0.116956566640824,0.95929372602794,-0.842337159387116,-0.842337159387116,0
"259858",0.0238552622487735,0.0888147112912128,0.0560778917963897,0.0327368194948231,0.0649594490424393,0.0322226295476162
"237322",1.24458867779771,0.421170611181023,0.750084264750013,-0.32891365356899,-0.823418066616687,-0.494504413047698
"575266",0.114504923159439,0.178672448924281,0.149725181171994,0.0289472677522869,0.0641675257648417,0.0352202580125548
"68774",1.74175084834452,0.748083507583737,1.12412593434964,-0.376042426765899,-0.993667340760786,-0.617624913994888
"239115",0.0310125045995035,0.11245833105774,0.0751618826194284,0.0372964484383112,0.0814458264582361,0.0441493780199249
"466202",0.0812079513629777,0.0521208710443068,0.0662213579586155,-0.0141004869143086,-0.0290870803186708,-0.0149865934043622
"277877",0.0811999475803883,0.188146219535455,0.135941787492338,0.0522044320431168,0.106946271955067,0.0547418399119502
"289719",1.61810258336648,0.564717641741365,1.02479165201844,-0.460074010277075,-1.05338494162512,-0.593310931348041
"65961",0.252697595619888,0.191743897800432,0.220169806676933,-0.028425908876501,-0.0609536978194553,-0.0325277889429543
"60969",0.102006328848146,0.237765059109086,0.170726760247084,0.0670382988620016,0.13575873026094,0.0687204313989385
"36183",0.152764455888237,0.148613911056801,0.150546714734136,-0.00193280367733467,-0.00415054483143598,-0.00221774115410131
"341064",1.23298951146594,1.03211852578479,1.10935522832188,-0.0772367025370964,-0.200870985681151,-0.123634283144055
"529844",0.0980149412090046,0.143874680628555,0.122068256630491,0.0218064239980638,0.0458597394195503,0.0240533154214865
"483237",0.235178556485649,0.197961929674258,0.215416283772279,-0.0174543540980206,-0.0372166268113909,-0.0197622727133703
"241317",0.247678995763449,0.348353133638262,0.299141625293524,0.0492115083447379,0.100674137874812,0.0514626295300744
"21691",0.0217872784042379,0.0477608217767419,0.0357201667323468,0.012040655044395,0.025973543372504,0.013932888328109
"112102",0.830955225739487,0.460335539220223,0.595705455549833,-0.13536991632961,-0.370619686519264,-0.235249770189654
"436669",2.11749007740931,1.31684813581466,1.61692169789771,-0.300073562083047,-0.80064194159465,-0.500568379511603
"2159",0.175639820841464,0.196744445723806,0.18701680826038,0.00972763746342653,0.0211046248823427,0.0113769874189162
"175628",7.14790611131886,1.7174431307349,3.19221361766174,-1.47477048692684,-5.43046298058396,-3.95569249365712
"567691",3.42394871479888,1.00866970782449,1.91324914967931,-0.904579441854824,-2.41527900697439,-1.51069956511956
"277927",0.253244277036636,0.282958982321507,0.272434312812764,0.0105246695087433,0.0297147052848714,0.0191900357761281
"569254",0.454416660233579,0.598964769934252,0.53105279190348,0.0679119780307713,0.144548109700673,0.0766361316699015
"359101",0.0878898104434873,0.0583766426668427,0.0709178484043856,-0.012541205737543,-0.0295131677766447,-0.0169719620391017
"317411",0.213057048473715,0.220044101038628,0.216756587952825,0.00328751308580311,0.00698705256491244,0.00369953947910934
"176476",0.321081992818274,0.262545433792747,0.284180514421666,-0.0216350806289186,-0.0585365590255274,-0.0369014783966088
"61962",2.78164852389096,1.86271088611182,2.17959150817982,-0.316880622067998,-0.918937637779145,-0.602057015711147
"154791",0.293447873954372,0.467671230563944,0.394989691915383,0.0726815386485604,0.174223356609572,0.101541817961011
"552955",0.828926772720594,0.456874082337924,0.590522646670276,-0.133648564332352,-0.37205269038267,-0.238404126050317
"85987",0.0339302171984739,0.11010177414385,0.0744598727906859,0.0356419013531641,0.0761715569453761,0.040529655592212
"7761",0.379301158800327,0.314170376120679,0.340903331191056,-0.0267329550703766,-0.0651307826796482,-0.0383978276092716
"461101",0.692974525990558,0.350251418743651,0.495540919515661,-0.14528950077201,-0.342723107246907,-0.197433606474897
"150983",0.878450531954199,0.201898541920004,0.47799475913929,-0.276096217219286,-0.676551990034195,-0.400455772814909
"449842",0.11108090976425,0.181491649307987,0.150572301835749,0.0309193474722373,0.0704107395437364,0.0394913920714991
"157477",0.215229995699357,0.168236433437504,0.189703879568493,-0.0214674461309889,-0.0469935622618532,-0.0255261161308643
"125847",0.150711210985056,0.212044534324318,0.184158683571389,0.027885850752929,0.0613333233392618,0.0334474725863328
"76315",0.639478004757404,0.488217292889043,0.558004188196799,-0.0697868953077553,-0.151260711868361,-0.0814738165606059
"84463",1.20606292850583,0.24605180519934,0.569890087893822,-0.323838282694482,-0.960011123306492,-0.63617284061201
"544090",0.376710985100965,0.485666232043618,0.438109261464381,0.0475569705792371,0.108955246942654,0.0613982763634167
"132190",0.248876586990725,0.209649737687641,0.227326474007749,-0.0176767363201075,-0.0392268493030838,-0.0215501129829763
"431121",0.196055448352532,0.31707595675518,0.270729654170705,0.0463463025844745,0.121020508402648,0.0746742058181731
"208249",0.549817844214846,0.843178572641405,0.7202041255385,0.122974447102905,0.293360728426559,0.170386281323654
"29555",0.0867636059737839,0.0833712656942244,0.0849017173746813,-0.0015304516804569,-0.00339234027955954,-0.00186188859910263
"72612",1.21536014665738,0.307575285963247,0.638482802187413,-0.330907516224166,-0.907784860694128,-0.576877344469962
"108214",0.0583613359888551,0.113728814056592,0.0906268181475286,0.0231019959090632,0.0553674780677366,0.0322654821586735
"259987",0.00810190707297835,0.0468943553654003,0.027723525363541,0.0191708300018594,0.038792448292422,0.0196216182905626
"539240",0.155653223796855,0.0972775094476641,0.122243032547839,-0.0249655231001745,-0.0583757143491905,-0.033410191249016
"71457",0.957558133782293,0.536348738704677,0.703976235885349,-0.167627497180672,-0.421209395077616,-0.253581897896943
"559270",0.0577357331755238,0.0948065938324972,0.0768356236920583,0.0179709701404389,0.0370708606569734,0.0190998905165345
"132696",0.177215469697945,0.424312262650334,0.295237559804014,0.12907470284632,0.247096792952388,0.118022090106069
"32771",0.144383483601484,0.211345868425034,0.178032442281775,0.0333134261432597,0.0669623848235503,0.0336489586802906
"319892",0.0321310714411885,0.1229197144111,0.0788618624306899,0.04405785198041,0.0907886429699113,0.0467307909895014
"247253",0.0524283687792004,0.158474116203808,0.107949613928515,0.0505245022752939,0.106045747424608,0.0555212451493141
"357276",4.42760962237742,0.967015601176091,1.98750703305694,-1.02049143188084,-3.46059402120133,-2.44010258932048
"519451",0.979700304300722,0.516821202105053,0.695525872939542,-0.178704670834489,-0.462879102195669,-0.28417443136118
"384600",0.104893739407577,0.118338850298807,0.111929850063078,0.00640900023572936,0.0134451108912303,0.00703611065550089
"392568",0.409648231868934,0.395414537411937,0.401800568119675,-0.0063860307077383,-0.0142336944569972,-0.00784766374925888
"526702",4.61646677636047,1.44273260066604,2.50808177261947,-1.06534917195343,-3.17373417569444,-2.108385003741
"299656",0.103973377422388,0.167548208855762,0.135976501619875,0.0315717072358863,0.0635748314333739,0.0320031241974876
"482610",0.713998547580479,0.775022607446187,0.748645973026925,0.0263766344192619,0.0610240598657086,0.0346474254464467
"236932",0.349338927888633,0.289301622642276,0.310339786578949,-0.0210381639366731,-0.0600373052463561,-0.0389991413096831
"210616",0.196578558992436,0.317768348141475,0.272995380666089,0.0447729674753859,0.121189789149039,0.0764168216736532
"544676",0.107369122837987,0.24735740748926,0.177081543016209,0.0702758644730509,0.139988284651273,0.0697124201782219
"117813",0.269960077529169,0.557056757331329,0.433784612966057,0.123272144365272,0.287096679802161,0.163824535436889
"96201",2.10869259036988,0.449751462186303,1.03221593761761,-0.582464475431306,-1.65894112818358,-1.07647665275227
"333026",0.272726974778437,0.451372369609533,0.371202146125269,0.0801702234842634,0.178645394831096,0.0984751713468323
"400403",0.0339920075483089,0.0643886146285722,0.0494049305958325,0.0149836840327397,0.0303966070802632,0.0154129230475235
"71662",0.174650958707061,0.0754540944012445,0.120286593056601,-0.044832498655357,-0.0991968643058168,-0.0543643656504599
"372948",0.172773035908157,0.206582893597866,0.192833048186309,0.0137498454115575,0.0338098576897096,0.020060012278152
"469065",0.040692438625224,0.0356348954542753,0.0380599422208106,-0.00242504676653529,-0.00505754317094866,-0.00263249640441336
"309186",0.192598429242559,0.205033810479794,0.198917250695169,0.00611655978462433,0.0124353812372349,0.00631882145261053
"61506",1.74408245925339,0.906070685452584,1.24070991982227,-0.334639234369688,-0.838011773800806,-0.503372539431118
"272404",0.448132585222797,0.293589386467476,0.356464824310773,-0.0628754378432977,-0.154543198755321,-0.0916677609120232
"561358",0.0291022758353969,0.0462971902954431,0.0376439899709713,0.0086532003244718,0.0171949144600462,0.00854171413557443
"525326",0.0328184132087882,0.140763614921747,0.0867570678959094,0.0540065470258378,0.107945201712959,0.0539386546871212
"292578",0.0608973509373095,0.0575305476799077,0.0590312657962697,-0.00150071811636206,-0.00336680325740188,-0.00186608514103982
"149717",7.0952801220947,1.75997960930956,3.21986772811507,-1.45988811880551,-5.33530051278513,-3.87541239397962
"176730",3.22760511178529,0.941209793413969,1.76849345896982,-0.827283665555852,-2.28639531837132,-1.45911165281547
"46179",1.59615720050596,0.648835927941067,0.98934199105773,-0.340506063116664,-0.94732127256489,-0.606815209448227
"496933",0.865892479411053,0.395609916290931,0.558120177957385,-0.162510261666455,-0.470282563120122,-0.307772301453667
"376210",1e-08,0.189068415876216,0.10146378542207,0.0876046304541457,0.189068405876216,0.10146377542207
"504432",2.93446882856029,0.688133515115903,1.42566280923875,-0.737529294122847,-2.24633531344438,-1.50880601932154
"65432",0.575705870153481,0.56680833474808,0.571211720555545,-0.00440338580746569,-0.00889753540540084,-0.00449414959793515
"537315",6.26823005599669,0.430711612295947,6.26823005599669,-5.83751844370075,-5.83751844370075,0
"516869",0.3909913818474,0.430043583475768,0.413650704029845,0.0163928794459222,0.0390522016283676,0.0226593221824454
"118848",1.11995559731459,0.445273961601244,0.704929886064477,-0.259655924463233,-0.674681635713348,-0.415025711250114
"416152",0.118497229155724,0.216229492335413,0.171647532649103,0.0445819596863107,0.0977322631796896,0.0531503034933788
"315689",1e-08,0.132897869372456,0.073459747791327,0.0594381215811288,0.132897859372456,0.073459737791327
"344212",1.17938935144473,0.667186639180862,0.893175067386636,-0.225988428205774,-0.512202712263872,-0.286214284058098
"165737",0.165113953177605,0.387743858535665,0.302599082223868,0.0851447763117972,0.22262990535806,0.137485129046263
"299121",3.49642935512679,0.661137385944116,3.49642935512679,-2.83529196918267,-2.83529196918267,0
"487136",0.682184524222547,0.333514617872894,0.484038144093144,-0.15052352622025,-0.348669906349653,-0.198146380129402
"176541",1.56949374041505,0.503610552429478,0.85104734184616,-0.347436789416682,-1.06588318798557,-0.718446398568892
"41089",0.436299741085443,0.534820589910323,0.491112932277645,0.0437076576326781,0.0985208488248802,0.0548131911922021
"480528",0.539957176540053,0.564464852196871,0.553126056716449,0.0113387954804222,0.0245076756568189,0.0131688801763967
"91900",0.292043722973522,0.222795479617527,0.246342231009596,-0.0235467513920694,-0.0692482433559948,-0.0457014919639255
"468910",2.99158359436106,1.5459944902875,2.01899943787189,-0.473004947584397,-1.44558910407356,-0.972584156489161
"245500",0.281786274020931,0.404437426149375,0.34086162074377,0.0635758054056048,0.122651152128443,0.0590753467228385
"380079",0.0640026551102591,0.30802980206245,0.190169410188988,0.117860391873461,0.24402714695219,0.126166755078729
"349512",1.90744048323431,0.404729329736295,0.896198622055164,-0.491469292318869,-1.50271115349801,-1.01124186117914
"71015",0.0208484226448758,0.0554036119127474,0.0400249548470424,0.015378657065705,0.0345551892678716,0.0191765322021666
"353524",7.19778505137791,1.61481168871958,3.09497506097279,-1.48016337225321,-5.58297336265833,-4.10280999040512
"350153",10,2.0811998306336,4.36555032763466,-2.28435049700106,-7.9188001693664,-5.63444967236534
"321187",0.489897651536721,0.499103490780464,0.495186986423133,0.00391650435733154,0.00920583924374302,0.00528933488641148
"523687",0.0461732174107554,0.211747409447564,0.137933624645156,0.0738137848024083,0.165574192036809,0.0917604072344007
"356392",7.06905395999275,1.59169419920494,3.0229894854715,-1.43129528626656,-5.47735976078781,-4.04606447452125
"349419",0.126034197130392,0.28136606641265,0.205443227728396,0.0759228386842539,0.155331869282257,0.0794090305980035
"313739",1.77480229695964,0.666250828571086,1.07705402062438,-0.410803192053292,-1.10855146838855,-0.697748276335259
"130956",0.278010840951648,0.296585359136678,0.287446324503096,0.00913903463358179,0.0185745181850306,0.0094354835514488
"214633",0.136009152279193,0.0773339923873926,0.103556542172757,-0.0262225497853645,-0.0586751598917999,-0.0324526101064354
"515516",1.63851444713398,0.674668904450341,1.02602246087239,-0.351353556422047,-0.963845542683643,-0.612491986261596
"259230",1.48920370551211,0.503469972385936,0.822918889497839,-0.319448917111904,-0.985733733126178,-0.666284816014275
"578204",0.93989390275365,0.540650161177851,0.69803952162229,-0.15738936044444,-0.399243741575799,-0.24185438113136
"87168",0.223956350455326,0.435921759674503,0.348148162096233,0.0877735975782695,0.211965409219177,0.124191811640908
"81359",0.786169399429308,0.430448005157294,0.55887527506528,-0.128427269907986,-0.355721394272014,-0.227294124364028
"425048",4.15556926512968,1.2842947048826,2.18547657531405,-0.901181870431454,-2.87127456024708,-1.97009268981563
"214175",0.03202184035775,0.0811187072877332,0.057150487585123,0.0239682197026102,0.0490968669299832,0.025128647227373
"567946",1.16784901777576,0.444085625371747,0.729088081365451,-0.285002455993703,-0.723763392404011,-0.438760936410308
"38880",2.27819839756175,0.397002098299234,2.27819839756175,-1.88119629926252,-1.88119629926252,0
"53539",0.244466792913059,0.456756956721772,0.367515840971789,0.0892411157499829,0.212290163808714,0.123049048058731
"387688",0.87367245542354,0.539297355730498,0.668319458246758,-0.12902210251626,-0.334375099693041,-0.205352997176781
"174654",0.186680086473869,0.241961091005091,0.214589134734679,0.0273719562704114,0.0552810045312217,0.0279090482608103
"182687",0.724653972889227,0.451659146173436,0.57778758986934,-0.126128443695904,-0.272994826715791,-0.146866383019887
"348063",0.0191667499228357,0.0710605689778377,0.0477517444701041,0.0233088245077336,0.051893819055002,0.0285849945472684
"107804",0.0149660510892735,0.115232868677966,0.0674563731570213,0.0477764955209445,0.100266817588692,0.0524903220677477
"118446",5.50008034565328,1.11415708732262,2.08007145451546,-0.965914367192833,-4.38592325833065,-3.42000889113782
"570084",0.479205710075769,0.377218745017801,0.420108476158817,-0.042889731141016,-0.101986965057968,-0.0590972339169519
"212455",0.74550420227437,0.551874652503846,0.622579216035739,-0.0707045635318924,-0.193629549770524,-0.122924986238632
"347068",0.173194182606697,0.249694957722255,0.210094885100418,0.0396000726218372,0.0765007751155579,0.0369007024937207
"248947",0.144325858086274,0.150040790165646,0.147423163072865,0.00261762709278113,0.00571493207937271,0.00309730498659158
"391677",0.243905123330214,0.295857513696786,0.275372049431728,0.0204854642650576,0.0519523903665721,0.0314669261015145
"498731",0.109824226669024,0.177142811014159,0.141948893028127,0.0351939179860316,0.0673185843451346,0.032124666359103
"70586",3.04998674347711,0.930270880797787,1.69897545520276,-0.768704574404975,-2.11971586267932,-1.35101128827435
"507373",0.237457629085404,0.554825535637042,0.401753005136312,0.15307253050073,0.317367906551638,0.164295376050908
"273115",0.190692707220469,0.254356256501279,0.223093839975319,0.0312624165259592,0.0636635492808101,0.0324011327548508
"411571",0.515776463590528,0.300981218136225,0.40889780578387,-0.107916587647644,-0.214795245454303,-0.106878657806658
"109270",3.54384405074241,0.750255371808369,1.73822709158388,-0.987971719775506,-2.79358867893404,-1.80561695915853
"271291",1.20544816789733,0.343684854387004,0.660733695958951,-0.317048841571947,-0.86176331351033,-0.544714471938382
"417343",0.0741249341938806,0.173467701176867,0.131741266055353,0.0417264351215139,0.0993427669829861,0.0576163318614722
"313791",1.01495945616422,0.505923918093239,0.70678535036254,-0.200861432269302,-0.509035538070983,-0.308174105801681
"29509",0.446835328200127,0.61187687195396,0.554160087228825,0.057716784725135,0.165041543753833,0.107324759028698
"538997",1.3910638148476,0.864958090474717,1.06362438835131,-0.198666297876594,-0.526105724372885,-0.327439426496291
"188671",0.128130750398757,0.17958369371868,0.155227118548283,0.0243565751703971,0.0514529433199223,0.0270963681495253
"26310",0.147581449467037,0.198363129495344,0.177074787733185,0.0212883417621586,0.0507816800283067,0.0294933382661481
"138987",1.3681628336528,0.821275577104385,1.02503221559702,-0.203756638492637,-0.546887256548416,-0.343130618055778
"403058",2.0555926334687,1.40516666219279,1.64544957691329,-0.240282914720498,-0.650425971275905,-0.410143056555407
"440888",0.29632234387148,0.324806491267744,0.310533234329241,0.0142732569385025,0.0284841473962633,0.0142108904577607
"151748",2.15145484912321,1.0861014725398,1.45275604030777,-0.366654567767974,-1.06535337658341,-0.698698808815436
"124286",0.093271110914842,0.157100062824848,0.126437677890432,0.0306623849344153,0.0638289519100058,0.0331665669755905
"520382",0.205110820639431,0.301411249992044,0.257723410192707,0.0436878397993371,0.0963004293526123,0.0526125895532752
"428279",0.159233347180903,0.0620285118822912,0.106329502151679,-0.0443009902693873,-0.0972048352986113,-0.052903845029224
"148051",0.0330126059546265,0.10466421496156,0.0733480886420771,0.0313161263194826,0.0716516090069332,0.0403354826874506
"160301",0.131399956092466,0.20366401763986,0.167543579095142,0.0361204385447184,0.072264061547394,0.0361436230026755
"204132",0.149525465209054,0.195485457357641,0.172857110264624,0.0226283470930172,0.045959992148587,0.0233316450555699
"157148",1.67010854591944,0.509054965938129,0.897772472968942,-0.388717507030813,-1.16105357998131,-0.772336072950498
"258795",1.90442799900679,0.558295110810208,1.04189353855517,-0.483598427744962,-1.34613288819659,-0.862534460451625
"86930",0.184322730120175,0.23082329907508,0.207493704071544,0.0233295950035369,0.0465005689549051,0.0231709739513682
"435199",4.37786118080614,1.30241876658749,2.28199107828203,-0.979572311694535,-3.07544241421864,-2.09587010252411
"78129",0.207709600818765,0.274999237285348,0.244745069182367,0.0302541681029811,0.0672896364665831,0.037035468363602
"574027",0.0576470160812419,0.200747726056064,0.129255063170019,0.0714926628860452,0.143100709974823,0.0716080470887774
"218139",0.0721009237317408,0.0835009574517927,0.0779291920349563,0.00557176541683636,0.0114000337200519,0.00582826830321552
"23472",0.0401938250293344,0.0817326027501931,0.0622394026263328,0.0194932001238602,0.0415387777208587,0.0220455775969984
"466747",0.294239453380809,0.21670805345185,0.252448344327746,-0.0357402908758956,-0.077531399928959,-0.0417911090530635
"559577",0.00684890193441479,0.0684133463552064,0.0403044016361183,0.0281089447190881,0.0615644444207916,0.0334554997017035
"349671",0.211964616570139,0.247883010252009,0.230781575056471,0.017101435195538,0.0359183936818699,0.0188169584863319
"415502",0.225727830771463,0.200651994038166,0.212547331549868,-0.0118953375117021,-0.0250758367332969,-0.0131804992215948
"468864",6.71934087255834,2.34942729078494,3.62329737397741,-1.27387008319246,-4.3699135817734,-3.09604349858093
"547922",4.25839368649417,1.77074529308289,2.63321187545411,-0.862466582371215,-2.48764839341127,-1.62518181104006
"9568",4.73673499397498,1.43863708191386,2.53706391393297,-1.09842683201911,-3.29809791206112,-2.19967108004201
"503797",5.46180423472156,0.613934508909907,5.46180423472156,-4.84786972581165,-4.84786972581165,0
"467094",0.764400813663557,0.425992011874051,0.57728320336398,-0.151291191489928,-0.338408801789506,-0.187117610299577
"50974",0.0159054875164151,0.0862603745346737,0.0528573588377963,0.0334030156968774,0.0703548870182586,0.0369518713213812
"441610",0.911550393420327,0.442078054217978,0.613406929967239,-0.171328875749261,-0.469472339202349,-0.298143463453088
"390149",1.76657024959707,0.748570649956134,1.13486049156473,-0.386289841608597,-1.01799959964094,-0.631709758032343
"55599",4.68345468896658,0.966121816084955,2.07240749070644,-1.10628567462149,-3.71733287288163,-2.61104719826014
"39128",1e-08,0.0997978864999412,0.0530426914748474,0.0467551950250937,0.0997978764999412,0.0530426814748474
"549944",0.1063096909766,0.219281915105194,0.171249967447572,0.0480319476576227,0.112972224128594,0.0649402764709712
"412419",0.587182300776228,0.460020796757882,0.517312898554217,-0.0572921017963346,-0.127161504018346,-0.0698694022220109
"189646",10,1.96256695334605,10,-8.03743304665395,-8.03743304665395,0
"123688",7.220291229493,1.6994090493475,2.59691222363378,-0.897503174286279,-5.5208821801455,-4.62337900585922
"462312",1e-08,0.0980175558380911,0.0522827228632842,0.0457348329748068,0.0980175458380911,0.0522827128632842
"217000",0.475618736241249,0.393247424260298,0.428312782022307,-0.0350653577620099,-0.0823713119809517,-0.0473059542189418
"39390",1.33191158675676,0.516034464336481,0.853153835881529,-0.337119371545048,-0.81587712242028,-0.478757750875232
"510681",1.87405548282165,0.620198707715027,1.07831523796043,-0.458116530245402,-1.25385677510663,-0.795740244861225
"80899",0.0207850750161892,0.0984567130245008,0.0609653356107358,0.0374913774137651,0.0776716380083116,0.0401802605945466
"39712",1.39847541024192,1.08476353389273,1.2128371574746,-0.12807362358187,-0.313711876349195,-0.185638252767324
"567121",0.644551521023441,0.731040255786081,0.696289994149681,0.0347502616364003,0.0864887347626397,0.0517384731262395
"456792",3.32652928819835,1.15588877692535,1.80488302990533,-0.648994252979978,-2.170640511273,-1.52164625829303
"188853",0.685635188783217,0.37497529889912,0.477887302334544,-0.102912003435424,-0.310659889884097,-0.207747886448673
"459668",1.59479281363303,0.899531292169708,1.17793774303404,-0.278406450864335,-0.695261521463319,-0.416855070598984
"148993",2.67973830429138,1.08168003515034,1.65371702159508,-0.572036986444732,-1.59805826914103,-1.0260212826963
"325354",2.54605879587386,1.00865246841445,1.55209205719549,-0.543439588781041,-1.5374063274594,-0.993966738678364
"532655",0.83533324994618,0.775097057296855,0.800611179211492,-0.0255141219146364,-0.0602361926493244,-0.034722070734688
"529892",0.37569206297957,0.348525243119575,0.360092607543613,-0.0115673644240376,-0.0271668198599946,-0.015599455435957
"90684",4.93003904326473,2.10501375228107,2.83597206519844,-0.730958312917373,-2.82502529098367,-2.09406697806629
"399607",0.17716976149707,0.468568428786048,0.307876824645244,0.160691604140804,0.291398667288978,0.130707063148174
"37301",0.208523328267128,0.466974372085671,0.362580054054976,0.104394318030696,0.258451043818543,0.154056725787847
"301326",0.0886304781953601,0.164402049404279,0.131038409247959,0.0333636401563201,0.0757715712089185,0.0424079310525984
"94552",0.0424805051340289,0.0992904734335027,0.0726140516443585,0.0266764217891442,0.0568099682994737,0.0301335465103296
"160026",1.81602326338339,0.952495983888081,1.30569626574661,-0.353200281858526,-0.863527279495313,-0.510326997636788
"100193",1.10594645156732,0.470995618367445,0.717189883952599,-0.246194265585154,-0.634950833199874,-0.38875656761472
"555801",0.123045541764771,0.289024188024588,0.201377876181957,0.0876463118426305,0.165978646259817,0.0783323344171868
"499273",0.0260598666262503,0.0348831912003703,0.0304018697098811,0.00448132149048919,0.00882332457411997,0.00434200308363078
"550053",0.426274321123071,0.36872040073523,0.391387645725789,-0.0226672449905587,-0.0575539203878408,-0.0348866753972821
"398220",0.170519137912995,0.290885944122581,0.232387963293149,0.0584979808294314,0.120366806209586,0.0618688253801543
"421056",3.18754038378137,1.23721640449733,1.99732430714815,-0.760107902650821,-1.95032397928404,-1.19021607663322
"472507",3.65631238261677,0.763048039400894,1.78422769499421,-1.02117965559332,-2.89326434321588,-1.87208468762256
"386531",1.24872101990847,0.417962988785478,0.746743877287121,-0.328780888501642,-0.830758031122988,-0.501977142621346
"399903",2.31758441011306,1.33897152592758,1.60371627962057,-0.26474475369299,-0.978612884185476,-0.713868130492485
"509868",0.220543855743472,0.355293384073127,0.302321759881948,0.0529716241911789,0.134749528329655,0.081777904138476
"269660",0.567324368828707,0.465992949046448,0.511970780177043,-0.0459778311305953,-0.101331419782259,-0.0553535886516641
"29862",0.0573123840072864,0.173741051091467,0.11962181231637,0.0541192387750968,0.116428667084181,0.062309428309084
"151760",0.506664573722293,0.573342693740119,0.541912867916408,0.0314298258237111,0.0666781200178259,0.0352482941941148
"56852",0.39922824791093,0.239130167713086,0.302289566015818,-0.0631593983027321,-0.160098080197844,-0.0969386818951118
"375796",0.599332082622344,0.341869487620922,0.475193864231104,-0.133324376610182,-0.257462595001422,-0.12413821839124
"513995",0.532001867942378,0.738421943429892,0.647143437835402,0.0912785055944901,0.206420075487514,0.115141569893024
"460883",2.74891390825614,1.04053126305845,1.65714328704028,-0.616612023981827,-1.70838264519769,-1.09177062121586
"223985",0.0438981929557564,0.0855875770184506,0.0652301755841301,0.0203574014343205,0.0416893840626943,0.0213319826283738
"447072",0.105848490618341,0.187104098623904,0.145426858919082,0.041677239704822,0.0812556080055633,0.0395783683007412
"578122",5.68827341121572,0.685481997093517,5.68827341121572,-5.0027914141222,-5.0027914141222,0
"559438",2.52110494660426,1.0465292162271,1.56853609975809,-0.522006883530987,-1.47457573037717,-0.952568846846179
"314533",0.0214985897502931,0.0798563166892113,0.0534265981862831,0.0264297185029283,0.0583577269389182,0.03192800843599
"436071",0.378219359071284,0.352433876965829,0.365505565598741,-0.0130716886329121,-0.0257854821054555,-0.0127137934725434
"433255",0.263605368903739,0.333973984695316,0.298566621758827,0.0354073629364896,0.0703686157915776,0.0349612528550881
"448949",0.294854833419082,0.359708589898796,0.326039751384792,0.0336688385140046,0.0648537564797145,0.0311849179657099
"62680",0.865920853120288,0.531843684394265,0.657949523561998,-0.126105839167733,-0.334077168726023,-0.20797132955829
"369197",0.0303029267961635,0.0724256738821193,0.0527919827435756,0.0196336911385437,0.0421227470859558,0.0224890559474121
"491015",0.0819436589630978,0.0858845016558517,0.0846027054192643,0.0012817962365874,0.00394084269275384,0.00265904645616644
"321463",0.196252699212789,0.30002158306201,0.252794068194843,0.0472275148671661,0.10376888384922,0.056541368982054
"518211",0.00801207930808765,0.0404556591284907,0.0243373513052004,0.0161183078232903,0.0324435798204031,0.0163252719971128
"549576",0.231546571607267,0.233256552137774,0.232488019939904,0.00076853219786982,0.00170998053050683,0.000941448332637013
"287256",0.00511848310647011,0.0971619464593357,0.0536455546210198,0.0435163918383159,0.0920434633528656,0.0485270715145497
"125691",2.12684082626221,0.909212632941152,1.31012878619673,-0.400916153255575,-1.21762819332106,-0.816712040065488
"342704",2.41212343497644,0.597494143560394,1.29918646770846,-0.701692324148065,-1.81462929141604,-1.11293696726798
"276551",0.641187903815999,0.223575571325367,0.381082459333444,-0.157506888008077,-0.417612332490632,-0.260105444482555
"435998",0.198706075881756,0.322519600088265,0.260849044146928,0.0616705559413366,0.123813524206509,0.0621429682651722
"289493",0.171320627899192,0.294319599813344,0.245714314115658,0.0486052856976859,0.122998971914152,0.0743936862164666
"477094",0.473230288545699,0.471452173465754,0.47225119294161,-0.0007990194758557,-0.0017781150799443,-0.000979095604088598
"75966",0.185866945045604,0.173357424652628,0.179639496963778,-0.0062820723111503,-0.012509520392976,-0.00622744808182571
"46862",0.0536041016664575,0.241659486905306,0.150170800680913,0.0914886862243929,0.188055385238849,0.0965666990144559
"187206",0.647830048645472,0.174236672681476,0.359762940744101,-0.185526268062625,-0.473593375963996,-0.288067107901371
"425070",0.0871819443390476,0.250139156943352,0.170782781811072,0.0793563751322804,0.162957212604305,0.0836008374720242
"243504",1.11832789985131,0.484883571939602,0.732870619807231,-0.247987047867629,-0.633444327911711,-0.385457280044081
"108397",0.00662654821591365,0.0311501776366552,0.0191191957294042,0.012030981907251,0.0245236294207415,0.0124926475134905
"48061",1.68974415061535,1.15000633126585,1.38130802353612,-0.231301692270269,-0.539737819349499,-0.308436127079231
"568461",0.148114083980371,0.114414304197745,0.130241142693897,-0.0158268384961522,-0.0336997797826266,-0.0178729412864744
"50289",0.157411961708859,0.157170110393545,0.157299584249194,-0.00012947385564846,-0.00024185131531404,-0.00011237745966558
"499860",0.0247029960901731,0.152931622260323,0.09150224575872,0.0614293765016031,0.12822862617015,0.0667992496685469
"197208",0.234960823127945,0.262907318246115,0.249536455535219,0.0133708627108962,0.0279464951181698,0.0145756324072736
"356570",1.14202281407388,0.672672998356902,0.832936035244284,-0.160263036887382,-0.469349815716975,-0.309086778829593
"76399",1.06272628961107,0.47549780443597,0.708796118883483,-0.233298314447513,-0.587228485175101,-0.353930170727588
"46446",0.0342180453572727,0.0874623943508767,0.0607604513820426,0.0267019429688341,0.053244348993604,0.0265424060247699
"410473",5.12009387334358,0.949764158940687,5.12009387334358,-4.17032971440289,-4.17032971440289,0
"107836",2.18532125156834,0.86418103036712,1.13282809182841,-0.268647061461294,-1.32114022120122,-1.05249315973992
"121118",0.0623278238289219,0.13567478493803,0.106889289071654,0.0287854958663756,0.0733469611091078,0.0445614652427322
"415574",0.100674649948829,0.102410201233173,0.101671934196513,0.000738267036659496,0.00173555128434408,0.000997284247684582
"96642",1.5927917993737,0.648560335748324,0.989347600578412,-0.340787264830088,-0.944231463625372,-0.603444198795284
"77823",0.639975760278575,0.552923150947984,0.58572445658125,-0.0328013056332651,-0.0870526093305901,-0.054251303697325
"403858",0.122738730877315,0.352151310537714,0.238186055884843,0.113965254652871,0.229412579660399,0.115447325007529
"575630",1.50413220111256,0.363852707983408,0.815944511336176,-0.452091803352768,-1.14027949312916,-0.688187689776388
"278857",0.0365387293671482,0.115795938762249,0.0805188754683709,0.0352770632938782,0.0792572093951009,0.0439801461012228
"251969",1.6966947793288,0.758055623515335,1.1143650171582,-0.356309393642862,-0.938639155813463,-0.582329762170602
"496536",0.23127513700262,0.129760518354266,0.176600947413398,-0.0468404290591324,-0.101514618648354,-0.0546741895892213
"567478",0.033853972616506,0.273485167639926,0.166363132238441,0.107122035401485,0.23963119502342,0.132509159621935
"336349",5.63929946437965,1.97172426109922,2.94567021148989,-0.973945950390666,-3.66757520328043,-2.69362925288976
"302975",0.0761681762566216,0.241780489401245,0.159687713890111,0.0820927755111342,0.165612313144623,0.0835195376334892
"77753",2.44449527843821,0.971294014517804,1.48545188739328,-0.51415787287548,-1.47320126392041,-0.959043391044927
"424627",2.03491697400514,1.88894902095219,1.94917242828165,-0.0602234073294621,-0.145967953052948,-0.085744545723486
"5576",4.93566573446532,1.13514473055884,2.33366427528661,-1.19851954472777,-3.80052100390648,-2.6020014591787
"208106",0.842413312050778,0.416236689617289,0.609663655498138,-0.193426965880849,-0.426176622433489,-0.23274965655264
"488834",0.097733964571883,0.169627359859818,0.136213724889718,0.033413634970101,0.0718933952879355,0.0384797603178345
"446244",1.80743167800895,0.768370501693487,1.17447254320113,-0.406102041507638,-1.03906117631546,-0.632959134807826
"397396",0.475170195624317,0.301460341053437,0.369264869862182,-0.0678045288087447,-0.17370985457088,-0.105905325762135
"138869",0.101329090533601,0.214970840291802,0.163225465619661,0.0517453746721409,0.113641749758201,0.0618963750860601
"309564",3.13041188329651,1.09931941637015,1.86021599404726,-0.760896577677111,-2.03109246692636,-1.27019588924925
"231473",0.04097932661691,0.0553356773959694,0.0480695804210407,0.00726609697492867,0.0143563507790594,0.00709025380413072
"320707",2.07256779952977,1.8961536650701,1.95635901022055,-0.060205345150445,-0.176414134459673,-0.116208789309228
"439097",0.167059165422084,0.313719990563672,0.23848599646577,0.0752339940979018,0.146660825141588,0.0714268310436858
"227794",1.57850397671338,0.762051960832272,1.06952155899858,-0.307469598166309,-0.816452015881109,-0.508982417714799
"102876",5.13976288183337,1.0970638695678,2.37216542317676,-1.27510155360895,-4.04269901226556,-2.76759745865661
"107008",0.41986584824546,0.603499846122816,0.517874347326777,0.0856254987960398,0.183633997877356,0.0980084990813167
"257266",0.10010103039582,0.10976523927296,0.10521236787326,0.00455287139969948,0.00966420887713997,0.00511133747744048
"81430",0.885673702618695,0.632075894710155,0.734060116843588,-0.101984222133434,-0.253597807908541,-0.151613585775107
"301668",0.326276202308297,0.266534377146198,0.29403219794696,-0.0274978208007616,-0.0597418251620985,-0.0322440043613368
"48291",0.507075411474022,0.790572566424971,0.645924159706395,0.144648406718576,0.283497154950949,0.138848748232373
"9741",0.329321379674067,0.357885433638278,0.346171904092817,0.0117135295454608,0.0285640539642107,0.01685052441875
"152916",0.310463569677457,0.335622152313324,0.323039211034935,0.0125829412783897,0.0251585826358671,0.0125756413574774
"565604",0.0844782993072166,0.139760521541312,0.111046050892156,0.0287144706491562,0.0552822222340955,0.0265677515849393
"336327",0.0482686521466784,0.164409854039411,0.110188609485712,0.0542212445536987,0.116141201892732,0.0619199573390334
"345743",0.113215180449695,0.247897774609196,0.181990552994768,0.0659072216144279,0.134682594159501,0.0687753725450729
"68843",0.413767750032642,0.576044080760446,0.500153167166664,0.0758909135937824,0.162276330727804,0.0863854171340215
"88940",0.070439001872675,0.100647106382834,0.0870899106943179,0.0135571956885157,0.0302081045101586,0.0166509088216428
"440139",0.0433083597150891,0.138029952277282,0.0929511358572331,0.0450788164200484,0.0947215925621924,0.0496427761421439
"30880",0.19460707315805,0.265364531249305,0.231535463815735,0.0338290674335701,0.0707574580912551,0.036928390657685
"466621",0.435495250935679,0.48137377705151,0.460794067356708,0.0205797096948029,0.045878526115831,0.025298816421028
"493888",0.80067547903574,0.931235567164659,0.872229739163519,0.05900582800114,0.130560088128919,0.0715542601277794
"60756",0.0640752749206002,0.150520945982281,0.107465943301326,0.0430550026809554,0.086445671061681,0.0433906683807256
"153595",2.12529723634749,0.900367696260185,1.29194845458574,-0.391580758325558,-1.22492954008731,-0.83334878176175
"42633",0.192225071554311,0.171659767252101,0.181702640440575,-0.0100428731884736,-0.0205653043022094,-0.0105224311137359
"1946",1e-08,0.150544308737859,0.0820207002590076,0.0685236084788511,0.150544298737859,0.0820206902590076
"112880",2.75439331303974,2.20484673837114,2.40811728525962,-0.203270546888484,-0.549546574668603,-0.34627602778012
"472168",1e-08,0.119652752319577,0.0613225949588939,0.0583301573606831,0.119652742319577,0.0613225849588939
"42175",0.873549269342563,0.214278467675658,0.486997268912418,-0.27271880123676,-0.659270801666904,-0.386552000430145
"399182",0.498043068022265,0.413142379515383,0.449871265915627,-0.0367288864002441,-0.0849006885068821,-0.048171802106638
"138918",0.191467779211167,0.156079015777208,0.172894925614519,-0.0168159098373103,-0.0353887634339586,-0.0185728535966483
"227978",0.228897909067298,0.429187671976393,0.32308488307741,0.106102788898983,0.200289762909094,0.0941869740101116
"99250",0.889473692558371,0.644338910817323,0.745111130801641,-0.100772219984318,-0.245134781741048,-0.144362561756729
"495113",0.00818772970399411,0.0459441273955042,0.0268213279532017,0.0191227994423025,0.0377563976915101,0.0186335982492076
"155809",0.265050899793354,0.190293262603327,0.224804560220592,-0.0345112976172656,-0.0747576371900279,-0.0402463395727624
"347955",0.832889260488415,0.590529060215226,0.686524973721992,-0.0959959135067662,-0.242360200273188,-0.146364286766422
"97529",0.3556739156757,0.237796468594373,0.294548388576554,-0.0567519199821818,-0.117877447081327,-0.0611255270991454
"52347",0.225685697749784,0.23042071028895,0.228107255931539,0.00231345435741045,0.00473501253916564,0.00242155818175518
"356601",0.360077727431173,0.334365298787391,0.345258579637663,-0.0108932808502717,-0.025712428643782,-0.0148191477935102
"475987",0.0320933988490248,0.0888257385710852,0.0619652705507392,0.0268604680203459,0.0567323397220603,0.0298718717017144
"313887",0.0193574624317587,0.0540483588833057,0.0370960039542402,0.0169523549290654,0.0346908964515469,0.0177385415224815
"263939",0.0617872232954129,0.121575802448491,0.0924042015075404,0.0291716009409508,0.0597885791530783,0.0306169782121275
"217337",8.60210623912345,0.801563959773898,8.60210623912345,-7.80054227934955,-7.80054227934955,0
"326167",0.750793890084513,0.584057488256305,0.650988332003525,-0.06693084374722,-0.166736401828208,-0.0998055580809882
"76910",0.104636155980195,0.151021193474174,0.129318562749159,0.0217026307250149,0.0463850374939788,0.0246824067689639
"223502",0.798342890361079,0.448681021637907,0.571293409533884,-0.122612387895977,-0.349661868723172,-0.227049480827194
"69222",0.0113775874174373,0.0401100867818768,0.0257633874731345,0.0143466993087423,0.0287324993644395,0.0143858000556972
"364355",0.417069775698526,0.25323583650587,0.332789200315065,-0.0795533638091949,-0.163833939192656,-0.0842805753834612
"30013",1.37531835744907,0.318506351251407,0.713511382075288,-0.395005030823881,-1.05681200619767,-0.661806975373786
"308269",0.290705048874648,0.534836040756987,0.4295338103923,0.105302230364687,0.244130991882339,0.138828761517652
"376252",2.59293974342524,0.878513451988645,1.45383199224289,-0.575318540254245,-1.7144262914366,-1.13910775118235
"29068",10,2.50003536966595,4.70240843217115,-2.2023730625052,-7.49996463033405,-5.29759156782885
"546360",10,4.41708324267692,7.45433789329137,-3.03725465061444,-5.58291675732308,-2.54566210670863
"155962",0.900860856787228,0.317533352469207,0.576463604261804,-0.258930251792597,-0.583327504318021,-0.324397252525424
"272363",0.171725547596446,0.226452725589947,0.201866596327418,0.0245861292625293,0.0547271779935009,0.0301410487309716
"155349",0.486348319046283,0.244965666181572,0.340084051391335,-0.0951183852097629,-0.24138265286471,-0.146264267654948
"34698",0.0707461736170837,0.126996185928948,0.100707735449448,0.0262884504794999,0.0562500123118645,0.0299615618323646
"332557",0.376420532150191,0.418972019104653,0.400827266167847,0.0181447529368061,0.0425514869544624,0.0244067340176563
"438361",0.127760548235573,0.237371020705816,0.18092454376372,0.0564464769420958,0.109610472470243,0.053163995528147
"57024",0.0866757807966212,0.221309998536036,0.154024343133777,0.0672856554022591,0.134634217739415,0.0673485623371561
"403593",0.257777183559034,0.390151915411194,0.321715558514675,0.0684363568965187,0.13237473185216,0.0639383749556413
"535175",0.114306756153223,0.233762678025735,0.17945548535815,0.054307192667585,0.119455921872511,0.0651487292049262
"397781",0.0638660872629349,0.210920324820518,0.137588483938779,0.0733318408817395,0.147054237557583,0.0737223966758438
"475806",1.21681873682667,0.416166805174105,0.728319585459248,-0.312152780285143,-0.800651931652561,-0.488499151367418
"122470",3.69406632412291,1.44659920696608,2.15555089768397,-0.708951690717894,-2.24746711715683,-1.53851542643894
"572399",2.89253404327235,1.01886912350193,1.70348775338275,-0.684618629880821,-1.87366491977042,-1.1890462898896
"160726",0.954753055401648,0.40231635057757,0.602413378705011,-0.200097028127441,-0.552436704824078,-0.352339676696637
"455172",0.141975490999809,0.192730787707916,0.167534405751588,0.0251963819563281,0.0507552967081068,0.0255589147517787
"45611",0.216835489818234,0.138714509037586,0.175015450177188,-0.0363009411396019,-0.0781209807806486,-0.0418200396410467
"378699",1.699938470589,0.899242643307779,1.21884333833887,-0.319600695031093,-0.80069582728122,-0.481095132250128
"141096",2.41815072471494,1.02259935180402,1.50939812687184,-0.486798775067821,-1.39555137291092,-0.908752597843096
"3447",1.70904216783763,0.89961550794307,1.22212523909817,-0.322509731155096,-0.809426659894556,-0.48691692873946
"502243",0.0800472450022974,0.0791666556831876,0.0795591838925567,-0.000392528209369039,-0.000880589319109726,-0.000488061109740687
"538850",1.11051527381432,0.525704758349188,0.765010109109529,-0.239305350760341,-0.584810515465133,-0.345505164704792
"3258",2.20331783163289,1.13865747005428,1.51275689258324,-0.374099422528965,-1.06466036157861,-0.690560939049647
"379964",2.64556527666551,0.899809405340234,1.49167074465344,-0.591861339313209,-1.74575587132527,-1.15389453201207
"397156",2.76638501967196,0.821000726747378,1.47582965189337,-0.654828925145989,-1.94538429292458,-1.2905553677786
"92109",0.286942758084722,0.301457024860332,0.295987279625279,0.00546974523505328,0.0145142667756107,0.0090445215405574
"420341",1.493019343055,0.820223151923439,1.0723204049703,-0.252097253046856,-0.672796191131557,-0.4206989380847
"376486",0.277477683608737,0.516476853997363,0.38423687806441,0.132239975932953,0.238999170388626,0.106759194455672
"78758",0.35544824024786,0.327021425326832,0.338710833328597,-0.0116894080017646,-0.0284268149210282,-0.0167374069192636
"369222",0.120064520342921,0.250308035482432,0.186464697798379,0.063843337684053,0.130243515139511,0.0664001774554583
"38363",0.170167488931916,0.183256353188856,0.17697718405701,0.0062791691318462,0.0130888642569397,0.00680969512509347
"215419",0.0608721749421371,0.137919502103394,0.104237817617491,0.0336816844859032,0.0770473271612568,0.0433656426753536
"335370",0.422911546303101,0.239223753824793,0.305249171256316,-0.0660254174315233,-0.183687792478308,-0.117662375046785
"76450",0.332847822854018,0.370702089310616,0.350654665220359,0.020047424090257,0.0378542664565978,0.0178068423663408
"249041",5.20205900031004,1.12588491325663,2.43178309142566,-1.30589817816902,-4.07617408705341,-2.77027590888438
"142628",0.322917639486229,0.367950092126957,0.350406275151778,0.0175438169751782,0.0450324526407276,0.0274886356655494
"116664",0.668898783291644,0.493241721252781,0.57490444762262,-0.081662726369839,-0.175657062038863,-0.0939943356690242
"154792",1.01219622224475,0.344348615658015,0.580579034280889,-0.236230418622874,-0.667847606586736,-0.431617187963863
"87988",1.02617840172802,0.927589030292768,0.959180155620905,-0.0315911253281363,-0.0985893714352536,-0.0669982461071172
"62683",0.352087801246415,0.438509446209293,0.400045662780563,0.0384637834287296,0.0864216449628783,0.0479578615341487
"482444",0.155734799349596,0.202791872668392,0.17929483017811,0.0234970424902818,0.0470570733187953,0.0235600308285135
"393859",0.00822065359379724,0.0460081933022227,0.0271246912859971,0.0188835020162256,0.0377875397084254,0.0189040376921999
"132845",2.61249225842782,0.927604387288892,1.50062885268118,-0.573024465392291,-1.68488787113893,-1.11186340574664
"461847",0.609901335631284,0.354359302702931,0.435013286866702,-0.0806539841637708,-0.255542032928353,-0.174888048764582
"139251",0.302516581050158,0.249121552993765,0.273774867738555,-0.0246533147447903,-0.0533950280563933,-0.028741713311603
"496241",0.896144054652434,0.387712888344117,0.5735473542296,-0.185834465885483,-0.508431166308317,-0.322596700422834
"272800",0.105807398914157,0.150080302687881,0.127933539329109,0.0221467633587725,0.0442729037737246,0.022126140414952
"337418",3.67297839606254,2.19354014575042,2.72837700976501,-0.534836864014592,-1.47943825031213,-0.944601386297534
"41456",3.92074541239729,2.09619900276504,2.75536848024252,-0.659169477477482,-1.82454640963225,-1.16537693215477
"351744",0.354440997031308,0.214507268808827,0.265068457070922,-0.0505611882620953,-0.139933728222481,-0.089372539960386
"397530",0.541467657080134,0.382202866487322,0.449416954512307,-0.0672140880249853,-0.159264790592811,-0.0920507025678262
"445876",0.0400938038292485,0.0640584469375581,0.0531453793978555,0.0109130675397026,0.0239646431083096,0.013051575568607
"570286",1.43466079680539,0.895314681091727,1.10330892370004,-0.207994242608311,-0.539346115713664,-0.331351873105353
"434881",0.163249099166104,0.202171919244564,0.182661634388854,0.0195102848557098,0.0389228200784604,0.0194125352227506
"552268",0.407099875064112,0.392907963084779,0.399048350934495,-0.00614038784971582,-0.0141919119793324,-0.00805152412961657
"151980",0.393078508442843,0.179406076236502,0.277605451303495,-0.0981993750669924,-0.21367243220634,-0.115473057139348
"141670",0.233192121382332,0.471169647984046,0.34332406986255,0.127845578121495,0.237977526601714,0.110131948480218
"312801",1.66866881179443,0.745208987758394,1.09333564328442,-0.348126655526028,-0.923459824036033,-0.575333168510005
"314176",0.129316766326504,0.345710402810202,0.228395306385395,0.117315096424807,0.216393636483698,0.0990785400588911
"375284",0.356542831429007,0.208498253882737,0.258692028324305,-0.0501937744415684,-0.14804457754627,-0.0978508031047019
"224088",0.196836495792041,0.362654673032484,0.280444957052602,0.0822097159798812,0.165818177240443,0.0836084612605618
"120769",0.0969893478754112,0.125231101329281,0.112081240929098,0.0131498604001831,0.02824175345387,0.0150918930536869
"377790",0.337361932061835,0.200853397227768,0.264888899131082,-0.0640355019033139,-0.136508534834066,-0.0724730329307525
"412496",0.664716743518506,0.49063480754296,0.553754103399165,-0.0631192958562048,-0.174081935975546,-0.110962640119341
"80112",0.859415372093181,0.794653266100545,0.822019577532316,-0.0273663114317712,-0.0647621059926359,-0.0373957945608647
"575149",2.65038622628876,1.16772357853683,1.71447991313001,-0.546756334593178,-1.48266264775193,-0.935906313158752
"495584",0.0592746919807283,0.137457142140564,0.0987208177216421,0.0387363244189219,0.0781824501598357,0.0394461257409138
"468030",0.229674473201528,0.539392021408967,0.374431440279597,0.16496058112937,0.309717548207439,0.144756967078069
"451645",0.429961179604199,0.289210350788125,0.343152522551459,-0.0539421717633337,-0.140750828816074,-0.0868086570527408
"463310",1.15060800865575,0.452454748108518,0.723712186975912,-0.271257438867394,-0.698153260547234,-0.426895821679841
"367276",0.0800546524409531,0.305448916037171,0.192266802632874,0.113182113404297,0.225394263596218,0.112212150191921
"126063",0.28169437741067,0.241466854540802,0.261754722508499,-0.020287867967697,-0.0402275228698677,-0.0199396549021707
"266335",0.238474349561058,0.191147415966444,0.206105814994118,-0.0149583990276737,-0.0473269335946144,-0.0323685345669407
"317076",0.470475059363461,0.238996339075338,0.349699316406241,-0.110702977330903,-0.231478720288123,-0.12077574295722
"78636",0.00827262759503202,0.0506046380114806,0.0298023967184529,0.0208022412930277,0.0423320104164486,0.0215297691234209
"24938",6.20125408969341,2.61841304819479,3.6998571199141,-1.08144407171931,-3.58284104149862,-2.50139696977931
"17124",0.0782854879187985,0.103587856730196,0.0928381204484812,0.0107497362817152,0.025302368811398,0.0145526325296827
"497609",2.47445871673669,0.887035987881888,1.41588107451005,-0.528845086628157,-1.58742272885481,-1.05857764222665
"528014",0.687392931651691,0.227691620987236,0.407080900205953,-0.179389279218718,-0.459701310664455,-0.280312031445738
"562641",3.98813208023942,1.77058900503937,2.52890589148695,-0.758316886447586,-2.21754307520005,-1.45922618875247
"21328",0.476212092398181,0.341272611758203,0.395621726518306,-0.0543491147601033,-0.134939480639978,-0.0805903658798746
"213028",4.77256413796156,1.27792675632797,2.41133712782004,-1.13341037149208,-3.4946373816336,-2.36122701014152
"243117",0.0543279867796167,0.0992646549340388,0.0776015011230388,0.0216631538109999,0.0449366681544221,0.0232735143434221
"444409",0.248744677231141,0.288465540648158,0.270024735854642,0.018440804793516,0.0397208634170166,0.0212800586235006
"423573",0.936474080826833,0.296156048811279,0.506320332322012,-0.210164283510734,-0.640318032015555,-0.430153748504821
"384917",6.00421048709873,2.67192132481115,3.66474297942685,-0.992821654615703,-3.33228916228758,-2.33946750767188
"498831",5.32124523763257,3.21833267386911,3.87009028627664,-0.651757612407533,-2.10291256376346,-1.45115495135593
"278980",0.710196048702582,0.722945072386452,0.717807670294206,0.00513740209224611,0.0127490236838701,0.00761162159162398
"175365",0.664138012111179,0.838704192423029,0.764280363434221,0.0744238289888074,0.17456618031185,0.100142351323042
"204624",0.103208259470496,0.157945463934372,0.135421159477169,0.0225243044572028,0.0547372044638766,0.0322129000066739
"147364",0.0740064720205067,0.10841783112933,0.0928941635594201,0.01552366756991,0.0344113591088235,0.0188876915389134
"365100",4.09171733162268,1.39508319136543,2.28429842422203,-0.889215232856601,-2.69663414025725,-1.80741890740065
"174358",0.0829513020334636,0.0982466511231598,0.0912549825968711,0.00699166852628862,0.0152953490896961,0.00830368056340751
"382711",0.54338595122198,0.518099025152842,0.529390156620905,-0.0112911314680628,-0.0252869260691376,-0.0139957946010748
"8650",0.0643039989792586,0.261275635913366,0.16929334649762,0.0919822894157458,0.196971636934107,0.104989347518361
"337991",0.361495755242795,0.396224407933055,0.378669889516881,0.0175545184161743,0.03472865269026,0.0171741342740857
"557257",0.715100006251422,0.328251538300506,0.454866697352521,-0.126615159052015,-0.386848467950916,-0.260233308898901
"127463",0.0432994744551515,0.153485989343725,0.0987009653176585,0.0547850240260662,0.110186514888573,0.0554014908625069
"520657",0.193503512849371,0.298385027205342,0.247369640636528,0.0510153865688141,0.104881514355972,0.0538661277871579
"81514",0.028616443626829,0.139953277886158,0.0833970646262242,0.0565562132599342,0.111336834259329,0.0547806209993952
"107172",0.814982346838634,0.412267087608582,0.552279985843835,-0.140012898235253,-0.402715259230052,-0.262702360994799
"507474",0.318382039288659,0.37298774362793,0.345617954223262,0.0273697894046674,0.0546057043392706,0.0272359149346031
"545719",0.185074888351074,0.200933260502533,0.193083859724424,0.00784940077810956,0.0158583721514589,0.00800897137334936
"495475",1.11681372985337,0.642579528831764,0.844470261406902,-0.201890732575138,-0.474234201021603,-0.272343468446466
"521090",0.403548560527667,0.644685470102457,0.532743166511586,0.11194230359087,0.241136909574789,0.129194605983919
"264458",0.78373488297,0.459725744387348,0.572278647266291,-0.112552902878943,-0.324009138582652,-0.211456235703709
"141444",0.732506511164224,0.546111054951485,0.633067803009728,-0.0869567480582433,-0.186395456212739,-0.0994387081544962
"576217",0.273568429990065,0.65094145412512,0.474356987788785,0.176584466336334,0.377373024135055,0.20078855779872
"508021",0.70401177055637,0.358013897276416,0.469251668940004,-0.111237771663588,-0.345997873279954,-0.234760101616366
"371788",7.32746380972691,1.42606140239294,7.32746380972691,-5.90140240733398,-5.90140240733398,0
"98128",0.229904630993518,0.290555937457447,0.269078486810971,0.021477450646476,0.0606513064639294,0.0391738558174534
"108021",0.116620881652847,0.148907716134691,0.132715884197589,0.0161918319371022,0.0322868344818442,0.016095002544742
"317430",0.14523630324297,0.531269005092632,0.326060029359574,0.205208975733058,0.386032701849662,0.180823726116604
"412915",1.46326186440813,0.578123443567285,0.962929583602813,-0.384806140035528,-0.885138420840844,-0.500332280805316
"346213",2.78527365461577,1.57964531900213,1.98605866086411,-0.406413341861982,-1.20562833561364,-0.799214993751659
"378648",0.0356096372551942,0.311257381706945,0.173246299121634,0.138011082585311,0.27564774445175,0.137636661866439
"123217",0.0155065466707686,0.171413465144559,0.109223134179803,0.0621903309647562,0.15590691847379,0.0937165875090341
"151924",0.0341328432696866,0.0347954495935621,0.0346134738529279,0.000181975740634187,0.000662606323875513,0.000480630583241326
"253515",0.745730000419654,0.312609774368221,0.496259362906234,-0.183649588538014,-0.433120226051434,-0.24947063751342
"237867",0.519047484510016,0.439715238605771,0.474413967309134,-0.0346987287033629,-0.0793322459042449,-0.044633517200882
"101950",0.100947457255317,0.392878160289474,0.245709091501661,0.147169068787813,0.291930703034157,0.144761634246344
"325522",1.23263693327069,0.544096937003132,0.829079541456866,-0.284982604453734,-0.688539996267558,-0.403557391813825
"133201",0.0533542687881935,0.19105998919425,0.122202333521546,0.0688576556727036,0.137705720406056,0.0688480647333528
"467475",2.09865492366577,1.32396377974664,1.61309328910742,-0.289129509360783,-0.774691143919133,-0.48556163455835
"555803",0.0745161966566183,0.230736458116725,0.152283717703396,0.0784527404133288,0.156220261460107,0.0777675210467778
"114730",0.148568098476647,0.404786101256688,0.26895401687964,0.135832084377048,0.256218002780041,0.120385918402993
"83061",0.273895894631465,0.325620643453236,0.300581119535908,0.0250395239173286,0.0517247488217714,0.0266852249044428
"529123",0.0342841353852299,0.0666561449257737,0.0528046418435714,0.0138515030822023,0.0323720095405438,0.0185205064583415
"423248",0.272583337257392,0.458197318704902,0.377817300225247,0.0803800184796548,0.18561398144751,0.105233962967855
"505540",0.694236076286721,0.447058589120292,0.529289619579185,-0.0822310304588925,-0.247177487166429,-0.164946456707536
"135780",0.469038496116692,0.226506081438424,0.348038981352497,-0.121532899914073,-0.242532414678268,-0.120999514764195
"180381",8.02586193884703,0.96107593311678,8.02586193884703,-7.06478600573025,-7.06478600573025,0
"349975",0.0491891469526602,0.227497599642868,0.143377540064932,0.0841200595779362,0.178308452690208,0.0941883931122716
"86960",1e-08,0.157862906406637,0.0854760054817355,0.0723869009249012,0.157862896406637,0.0854759954817356
"23448",0.245737240587512,0.523455475095438,0.407596964902653,0.115858510192785,0.277718234507926,0.161859724315141
"122206",0.00533969630898224,0.0406412683442809,0.0240193232785673,0.0166219450657136,0.0353015720352987,0.0186796269695851
"380579",0.950733051477879,0.431911996316872,0.617893018066945,-0.185981021750073,-0.518821055161006,-0.332840033410934
"31846",0.159417886775925,0.169869346365288,0.164638374545839,0.00523097181944907,0.0104514595893627,0.00522048776991368
"388339",1.78238029802977,0.686781271982677,1.09406078359558,-0.4072795116129,-1.09559902604709,-0.68831951443419
"439932",3.2467745000263,1.57869515144239,2.12228552102713,-0.543590369584741,-1.66807934858391,-1.12448897899917
"541685",0.719881305012965,0.670570699312352,0.690370182298832,-0.0197994829864794,-0.0493106057006125,-0.0295111227141331
"152734",0.0277133287963321,0.0855783092426291,0.0579759807052878,0.0276023285373413,0.057864980446297,0.0302626519089557
"21514",0.194989006688992,0.511739075214777,0.385820329597996,0.125918745616781,0.316750068525785,0.190831322909004
"306013",0.251677495335614,0.379345208322966,0.323881464419657,0.055463743903309,0.127667712987352,0.072203969084043
"440883",0.366027897714445,0.228378915654378,0.295763213452381,-0.0673842977980035,-0.137648982060068,-0.0702646842620641
"268453",0.359985698912138,0.206246911702038,0.27631718404452,-0.0700702723424813,-0.1537387872101,-0.0836685148676188
"474330",4.9242825831381,0.904621883471472,4.9242825831381,-4.01966069966663,-4.01966069966663,0
"37989",0.66800668003712,0.55501290918552,0.596221776966031,-0.0412088677805107,-0.1129937708516,-0.0717849030710893
"113022",0.842796317026593,0.607403237166515,0.700268509836804,-0.0928652726702895,-0.235393079860078,-0.142527807189789
"29100",0.0795708869260618,0.0808591337601366,0.0802184689640141,0.00064066479612257,0.00128824683407482,0.000647582037952246
"492715",0.555964766038098,0.294841554608538,0.395999917568006,-0.101158362959468,-0.26112321142956,-0.159964848470093
"30014",0.764062405924365,0.477018909972317,0.585415124247497,-0.10839621427518,-0.287043495952048,-0.178647281676868
"338788",0.393100346379305,0.576646730673712,0.478902328239472,0.0977444024342395,0.183546384294407,0.0858019818601675
"441813",0.713920607207779,0.325723244577252,0.490590037489527,-0.164866792912275,-0.388197362630527,-0.223330569718251
"287131",1.049089781546,0.653860851268684,0.803976597564915,-0.150115746296231,-0.39522893027732,-0.245113183981089
"472923",1e-08,0.0815153033820291,0.0424209246098369,0.0390943787721923,0.0815152933820291,0.0424209146098369
"163842",0.46952430043189,0.314379090975758,0.380585811159007,-0.066206720183249,-0.155145209456132,-0.0889384892728827
"11654",0.0430265576387014,0.135367379315309,0.0915102634200695,0.0438571158952391,0.0923408216766073,0.0484837057813682
"237461",2.34683525054712,1.09771873552371,1.5339922064319,-0.436273470908191,-1.24911651502341,-0.812843044115222
"218498",8.01552920663575,1.36259171746177,8.01552920663575,-6.65293748917398,-6.65293748917398,0
"94338",6.338114109611,1.81488907685752,3.01864023325329,-1.20375115639577,-4.52322503275348,-3.31947387635771
"506027",0.0567087989426681,0.139277931543604,0.0987043135798824,0.0405736179637219,0.0825691326009363,0.0419955146372143
"188598",5.43263027343147,0.538564846521375,5.43263027343147,-4.8940654269101,-4.8940654269101,0
"131006",3.87145200204575,1.25184121620824,2.08072827317825,-0.828887056970003,-2.61961078583751,-1.7907237288675
"249863",0.609872607220746,0.379447570951443,0.476806137254182,-0.0973585663027388,-0.230425036269303,-0.133066469966564
"253619",0.711016874419835,0.637253592422297,0.665300265615148,-0.0280466731928517,-0.0737632819975386,-0.0457166088046869
"528635",0.188914556839522,0.163645528245513,0.174764670465299,-0.011119142219786,-0.0252690285940086,-0.0141498863742226
"495877",0.0486116935232933,0.104976766178493,0.076826072080464,0.0281506940980289,0.0563650726551996,0.0282143785571707
"444479",1e-08,0.102230167410636,0.0580033114704148,0.0442268559402211,0.102230157410636,0.0580033014704148
"274964",0.113051501394419,0.176243739774328,0.14672171582453,0.0295220239497979,0.0631922383799095,0.0336702144301115
"528773",0.448958324205342,0.330438799262276,0.37766972406554,-0.0472309248032644,-0.118519524943067,-0.0712886001398021
"113859",0.109451882626558,0.191554842260541,0.152000772916549,0.0395540693439923,0.0821029596339833,0.042548890289991
"562727",0.171548273027608,0.371673937341074,0.270265844215846,0.101408093125228,0.200125664313466,0.0987175711882379
"545259",0.965809666219653,0.743605396493019,0.840530096774063,-0.0969247002810445,-0.222204269726635,-0.12527956944559
"346986",0.530867034282029,0.231392928691369,0.338728865214935,-0.107335936523566,-0.29947410559066,-0.192138169067094
"559184",0.0714829047222046,0.242018100469541,0.158178330251239,0.0838397702183021,0.170535195747336,0.0866954255290343
"384136",0.0851614865972833,0.189896041117198,0.141753737195904,0.0481423039212938,0.104734554519915,0.0565922505986209
"191748",0.844415829518139,0.469342065696362,0.609357036399285,-0.140014970702923,-0.375073763821777,-0.235058793118854
"472435",0.171321967601967,0.338060224828373,0.2550381731777,0.0830220516506732,0.166738257226406,0.0837162055757324
"574130",9.59411231941716,0.614106981200988,9.59411231941716,-8.98000533821618,-8.98000533821618,0
"519569",1.37144366826094,0.361086748709015,0.750304857225204,-0.389218108516189,-1.01035691955192,-0.621138811035731
"457425",0.877989003061071,0.752721101293155,0.805655870619025,-0.0529347693258697,-0.125267901767915,-0.0723331324420454
"317246",0.241648959975526,0.151211647764937,0.190028421709121,-0.0388167739441837,-0.090437312210589,-0.0516205382664054
"545923",0.129748519324441,0.194892407378663,0.164721546242087,0.0301708611365757,0.065143888054222,0.0349730269176463
"480281",0.333705491572557,0.248133941331449,0.29049573998973,-0.0423617986582811,-0.0855715502411079,-0.0432097515828267
"213494",0.456184058628895,0.406934681665236,0.428415437520866,-0.0214807558556298,-0.049249376963659,-0.0277686211080292
"414034",0.76149231731273,0.168826294632337,0.38738847691019,-0.218562182277854,-0.592666022680393,-0.37410384040254
"244069",1.67040958922398,0.999300025796298,1.2724513533036,-0.273151327507302,-0.671109563427678,-0.397958235920377
"564969",1.77371372208049,1.12831734450495,1.3538663377836,-0.225548993278648,-0.645396377575534,-0.419847384296886
"330596",0.553478599190928,0.329048193362257,0.421211628874596,-0.0921634355123386,-0.22443040582867,-0.132266970316332
"267458",0.358178242653275,0.323671369064954,0.337626300413959,-0.0139549313490053,-0.0345068735883217,-0.0205519422393164
"411728",0.953441275884071,0.70519338660712,0.813901817465468,-0.108708430858347,-0.248247889276951,-0.139539458418604
"93759",0.99562661926259,0.368349745691302,0.588741007003511,-0.220391261312209,-0.627276873571288,-0.40688561225908
"280885",0.311799715062884,0.553157458563148,0.446394627216164,0.106762831346984,0.241357743500264,0.13459491215328
"468121",0.297745688494293,0.531510395689213,0.40705402240482,0.124456373284393,0.23376470719492,0.109308333910527
"351899",0.1663567560648,0.267285137822804,0.215832302054826,0.0514528357679783,0.100928381758004,0.0494755459900261
"39125",1.50453272554556,0.336437199268747,0.784780184549103,-0.448342985280355,-1.16809552627681,-0.719752540996459
"567484",0.19195826974624,0.391564253088659,0.289857696827995,0.101706556260664,0.199605983342419,0.0978994270817549
"193252",0.895287910469881,0.792147516010002,0.83910935750061,-0.0469618414906077,-0.103140394459879,-0.0561785529692717
"350342",1e-08,0.0977369940064021,0.053641387550486,0.0440956064559161,0.0977369840064021,0.053641377550486
"115672",4.31919023726492,1.28807666010075,2.25982146849573,-0.971744808394976,-3.03111357716417,-2.05936876876919
"555431",2.0054469448998,1.15563876972703,1.393312399137,-0.237673629409974,-0.849808175172772,-0.612134545762798
"282465",0.893418500557369,0.952848023775673,0.924456241051863,0.0283917827238097,0.059429523218304,0.0310377404944943
"173391",2.36330346493873,0.373991188539795,2.36330346493873,-1.98931227639893,-1.98931227639893,0
"112704",4.14299473689256,1.25177444499111,2.14098768512818,-0.889213240137073,-2.89122029190145,-2.00200705176438
"117142",1.62132069846284,0.84125273239273,1.14561474462107,-0.304362012228342,-0.780067966070112,-0.47570595384177
"578584",4.24375082513224,1.06037870940817,1.99362476025826,-0.933246050850088,-3.18337211572407,-2.25012606487399
"502150",0.872610541352037,0.924036781222201,0.900710299762223,0.0233264814599774,0.0514262398701638,0.0280997584101864
"140549",0.853243803110356,0.699024022889606,0.763019027735297,-0.063995004845691,-0.15421978022075,-0.0902247753750595
"441701",0.336160066335336,0.549075387337391,0.455025566789387,0.0940498205480039,0.212915321002055,0.118865500454052
"336266",0.167622911356323,0.202169769439266,0.187303788494171,0.0148659809450956,0.034546858082943,0.0196808771378473
"496549",0.0329663773122801,0.201210357594023,0.116626291985656,0.0845840656083678,0.168243980281743,0.0836599146733755
"375828",1.03941428381531,0.478978651867193,0.703266646403835,-0.224287994536641,-0.560435631948119,-0.336147637411478
"475023",0.854740319496322,0.420023427588321,0.579079329590711,-0.159055902002389,-0.434716891908,-0.275660989905611
"335534",0.751065369151379,0.45897970435574,0.560948262334118,-0.101968557978378,-0.292085664795639,-0.190117106817261
"174655",0.653127052270278,0.727237733847855,0.697719631728461,0.029518102119394,0.0741106815775768,0.0445925794581828
"530814",2.02978821629717,1.43422926769316,1.65529152302127,-0.221062255328107,-0.595558948604013,-0.374496693275906
"16772",0.329400246042027,0.395381205551809,0.369506507338964,0.0258746982128454,0.0659809595097819,0.0401062612969365
"460786",0.172281402143555,0.162178242859366,0.166997233909,-0.00481899104963385,-0.0101031592841891,-0.00528416823455521
"548125",2.71968934696877,1.36106383685527,1.89468917732839,-0.533625340473122,-1.35862551011349,-0.825000169640373
"171962",0.523690358206334,0.550004485193126,0.538265481961106,0.0117390032320202,0.0263141269867918,0.0145751237547717
"351531",4.3342972477943,1.27544233227729,2.25428244078681,-0.978840108509516,-3.05885491551701,-2.08001480700749
"188406",0.171530739945356,0.138058651266143,0.151764596355742,-0.0137059450895994,-0.0334720886792135,-0.0197661435896141
"386604",1.28148348016384,0.853854297158781,1.01969818656943,-0.165843889410652,-0.427629183005057,-0.261785293594405
"430203",0.16375565967783,0.28072733717579,0.221550191264619,0.0591771459111704,0.11697167749796,0.0577945315867893
"486934",0.0601406938703185,0.121766036928451,0.0917427737169451,0.0300232632115062,0.0616253430581328,0.0316020798466266
"386574",0.136379801408504,0.231540148041483,0.186723131888224,0.044817016153259,0.0951603466329788,0.0503433304797198
"277901",2.9063803272672,1.0988262170004,1.62039734832956,-0.521571131329164,-1.8075541102668,-1.28598297893764
"114500",0.178638574067625,0.214775313529661,0.19868723484899,0.0160880786806715,0.0361367394620362,0.0200486607813647
"550414",1.01134748006546,0.823324243392631,0.887967873192597,-0.0646436297999662,-0.188023236672825,-0.123379606872859
"100746",0.808604176386267,0.478575897095497,0.600602840482478,-0.122026943386981,-0.33002827929077,-0.208001335903789
"442464",0.173992959517402,0.337932864101768,0.25713227954313,0.0808005845586381,0.163939904584366,0.0831393200257283
"487000",0.704740420323155,0.315520596942629,0.475540375877395,-0.160019778934766,-0.389219823380525,-0.22920004444576
"282306",0.187934933224276,0.191063646900443,0.189418505992264,0.00164514090817966,0.00312871367616704,0.00148357276798738
"295588",1.8493607761861,1.02724541821666,1.37459693540094,-0.347351517184274,-0.822115357969435,-0.474763840785161
"130200",3.19218983263738,0.65128188600723,1.48348939657226,-0.832207510565031,-2.54090794663015,-1.70870043606512
"299818",1e-08,0.313758420453167,0.164187367021087,0.14957105343208,0.313758410453167,0.164187357021087
"333694",0.0211452818925505,0.0426021349653849,0.0322287779630457,0.0103733570023391,0.0214568530728344,0.0110834960704952
"411384",0.0276356781792271,0.220115545819432,0.129190718991494,0.0909248268279387,0.192479867640205,0.101555040812266
"475710",5.56868579707772,3.13193967278753,3.58256340985433,-0.4506237370668,-2.43674612429019,-1.98612238722339
"228708",0.515449957699705,0.279508036349385,0.368425205941905,-0.0889171695925194,-0.23594192135032,-0.1470247517578
"89780",0.24258143666042,0.347411219900458,0.293741368022341,0.0536698518781164,0.104829783240037,0.0511599313619209
"417295",0.193999006805921,0.137854102125072,0.160687048810334,-0.0228329466852619,-0.0561449046808486,-0.0333119579955867
"137597",1.92946640416368,1.35097045331331,1.55637048290108,-0.205400029587769,-0.578495950850375,-0.373095921262606
"523780",3.32629621019602,0.675698543686827,1.57360680026525,-0.897908256578422,-2.65059766650919,-1.75268940993077
"487781",0.754659481115813,0.426933916759104,0.53866518098946,-0.111731264230356,-0.327725564356709,-0.215994300126353
"26551",0.42028848000315,0.221136891688567,0.31442040401893,-0.0932835123303628,-0.199151588314583,-0.10586807598422
"86922",0.751614800053333,0.566381427563618,0.634436873251828,-0.0680554456882104,-0.185233372489716,-0.117177926801505
"340090",0.131776453964426,0.268887935537923,0.199615578829869,0.0692723567080533,0.137111481573496,0.0678391248654429
"121939",0.968264688850476,0.353612635200409,0.628234948389904,-0.274622313189495,-0.614652053650067,-0.340029740460572
"466689",0.423574374957359,0.22740884706422,0.31893302669707,-0.0915241796328504,-0.196165527893139,-0.104641348260289
"124308",0.371984252549095,0.342691287258574,0.35468827190055,-0.0119969846419757,-0.0292929652905208,-0.017295980648545
"25300",0.264896450554297,0.362633408129886,0.314360200740984,0.0482732073889016,0.0977369575755894,0.0494637501866878
"559327",0.100135200686162,0.373614025826494,0.236659273399153,0.13695475242734,0.273478825140332,0.136524072712991
"483689",2.66666250538409,0.713062439463164,1.33324516306029,-0.620182723597121,-1.95360006592092,-1.3334173423238
"352182",0.104653510915205,0.0678204882281765,0.085115754939609,-0.0172952667114326,-0.0368330226870282,-0.0195377559755956
"434767",0.123521299602702,0.251604110485166,0.187635863916571,0.0639682465685951,0.128082810882464,0.064114564313869
"94465",1.89691959636452,0.619212898050176,1.08825432521102,-0.469041427160841,-1.27770669831434,-0.808665271153498
"238694",5.6803144226141,1.76376064853223,2.7401414480267,-0.976380799494465,-3.91655377408187,-2.94017297458741
"269529",0.923898063579487,0.79581308827236,0.851588436353779,-0.0557753480814187,-0.128084975307127,-0.0723096272257087
"135035",1.13753870176207,0.586433568692846,0.816687415815641,-0.230253847122795,-0.551105133069226,-0.320851285946431
"441808",2.03404914523143,1.22201425087759,1.51461541757409,-0.292601166696501,-0.812034894353837,-0.519433727657336
"411319",0.169467191069949,0.236375055089937,0.206203786203389,0.0301712688865481,0.0669078640199882,0.0367365951334401
"254532",0.168285545225907,0.396106778242257,0.275402157903502,0.120704620338755,0.22782123301635,0.107116612677595
"91971",0.0707926723737893,0.242377497184684,0.154842802446071,0.0875346947386128,0.171584824810895,0.0840501300722819
"26110",0.151203483954643,0.213174534539555,0.18188562724321,0.0312889072963452,0.0619710505849121,0.030682143288567
"471100",0.636382222754215,0.415848652868093,0.511731584940231,-0.0958829320721372,-0.220533569886121,-0.124650637813984
"124481",0.183482803370762,0.2289665977592,0.205646270993508,0.0233203267656921,0.0454837943884379,0.0221634676227458
"486975",0.31219175799356,0.199240084638266,0.250421462740486,-0.0511813781022203,-0.112951673355294,-0.0617702952530736
"376136",0.00908759059612074,0.0484123400983951,0.0286915209339259,0.0197208191644692,0.0393247495022744,0.0196039303378052
"255977",0.979501645903153,0.719933407762693,0.832653520030464,-0.112720112267771,-0.25956823814046,-0.146848125872689
"232382",0.119871139683305,0.185968929572453,0.153789536986327,0.0321793925861267,0.0660977898891485,0.0339183973030217
"426851",1.12108213047998,0.838192325215919,0.939842350203964,-0.101650024988045,-0.282889805264056,-0.181239780276011
"183582",0.549334598363518,0.486058960027239,0.508219325744066,-0.0221603657168272,-0.0632756383362795,-0.0411152726194522
"539047",1.44546943434655,0.512582231583482,0.907052928486732,-0.39447069690325,-0.932887202763069,-0.538416505859819
"39887",0.0419043836421514,0.0464324083019748,0.0442695946368081,0.00216281366516668,0.00452802465982344,0.00236521099465676
"521089",0.670002250663082,0.570455888672957,0.61690405745789,-0.0464481687849335,-0.0995463619901249,-0.0530981932051914
"165099",6.12868088426192,0.560060446020094,6.12868088426192,-5.56862043824182,-5.56862043824182,0
"242722",0.453352765867632,0.688776755903641,0.601415548578976,0.0873612073246656,0.235423990036009,0.148062782711343
"14141",1.31569230496878,0.501928787689594,0.844863104444808,-0.342934316755214,-0.813763517279191,-0.470829200523977
"284095",1e-08,0.165208210858552,0.0948633927760092,0.0703448180825432,0.165208200858552,0.0948633827760092
"230618",0.0599975448876891,0.180518753647552,0.119643123002992,0.0608756306445608,0.120521208759863,0.0596455781153024
"576063",0.451831071880949,0.247248169455633,0.346947018984809,-0.0996988495291763,-0.204582902425316,-0.10488405289614
"142037",3.2366921645018,1.0219738343558,1.84176409738132,-0.819790263025518,-2.214718330146,-1.39492806712048
"246458",1.55407983352115,0.766396427981321,1.05666619484781,-0.290269766866493,-0.787683405539828,-0.497413638673336
"525434",0.150933634446895,0.212838799799589,0.184636683162859,0.0282021166367299,0.0619051653526946,0.0337030487159647
"564545",0.0189936346127198,0.0910533264262006,0.05910879115325,0.0319445352729506,0.0720596918134809,0.0401151565405302
"304381",0.0781644919018502,0.110886144973209,0.0952643098567847,0.0156218351164246,0.032721653071359,0.0170998179549344
"180129",0.687437511134443,0.609775333295761,0.647075804335991,-0.0373004710402295,-0.0776621778386813,-0.0403617067984519
"255120",1.00560673301072,0.355412086588679,0.584968628984987,-0.229556542396307,-0.650194646422045,-0.420638104025738
"294149",0.171549186637821,0.22300643881973,0.200263368296951,0.0227430705227795,0.0514572521819093,0.0287141816591298
"245268",0.213039431536995,0.286706168470032,0.250703420518711,0.0360027479513207,0.0736667369330373,0.0376639889817165
"112968",0.649398961925672,0.918574299797906,0.802886890748524,0.115687409049382,0.269175337872234,0.153487928822852
"554290",0.0115706897404479,0.0832874280454988,0.0481243891388627,0.0351630389066361,0.0717167383050509,0.0365536993984148
"297804",0.0871334419046121,0.11697985293448,0.102584774684264,0.0143950782502164,0.0298464110298682,0.0154513327796518
"179077",0.17377086962871,0.297687729649868,0.25281618112363,0.0448715485262377,0.123916860021158,0.0790453114949203
"293078",3.41612669351852,0.846070177096283,1.76221763963219,-0.916147462535908,-2.57005651642224,-1.65390905388633
"42238",2.19373747417782,1.12586192260716,1.49622847274922,-0.370366550142055,-1.06787555157065,-0.6975090014286
"289085",0.562878153301316,0.397651721393329,0.469766944363761,-0.0721152229704322,-0.165226431907987,-0.0931112089375546
"419669",1.58993210999089,1.15730103514222,1.34348586673204,-0.186184831589823,-0.432631074848675,-0.246446243258852
"102983",0.201046090501956,0.229797702298003,0.221115592698487,0.00868210959951568,0.0287516117960468,0.0200695021965311
"305087",0.401539914006142,0.381262697560182,0.390094907604916,-0.00883221004473383,-0.02027721644596,-0.0114450064012262
"332562",0.209357435448484,0.167886744478341,0.187422971111994,-0.0195362266336536,-0.0414706909701435,-0.0219344643364899
"24791",1e-08,0.0746145961501226,0.0397189624533638,0.0348956336967588,0.0746145861501226,0.0397189524533638
"252067",0.251858556414528,0.281086708329548,0.267626323920076,0.0134603844094724,0.0292281519150202,0.0157677675055478
"572829",0.911598419142464,0.889168534073724,0.899560622962227,-0.0103920888885036,-0.0224298850687406,-0.0120377961802369
"216301",0.0620811277048148,0.41065406069962,0.233889784278025,0.176764276421595,0.348572932994805,0.171808656573211
"362778",0.579057029257238,0.203084723828399,0.349258115728099,-0.1461733918997,-0.37597230542884,-0.229798913529139
"332724",0.434208495236093,0.674167940545526,0.580693383256638,0.0934745572888881,0.239959445309432,0.146484888020544
"447587",0.046053785372869,0.104914388105192,0.0774695590017678,0.0274448291034237,0.0588606027323226,0.0314157736288988
"18340",0.207433459937624,0.399068761501928,0.31957650139157,0.0794922601103583,0.191635301564304,0.112143041453946
"334232",0.479225792939016,0.572503536251108,0.521491658153418,0.0510118780976906,0.0932777433120923,0.0422658652144017
"72978",0.271751505052624,0.478628151783768,0.390022284516432,0.0886058672673363,0.206876646731144,0.118270779463807
"114217",0.597655130207469,0.311319404745775,0.428825685039995,-0.117506280294219,-0.286335725461693,-0.168829445167474
"479851",0.740324274374322,0.642457880911445,0.684256205165065,-0.04179832425362,-0.0978663934628763,-0.0560680692092563
"201551",1.0638013467199,0.483210518899572,0.710564924640473,-0.227354405740901,-0.580590827820327,-0.353236422079426
"494591",1.02592477197079,0.510089096829382,0.709196792081429,-0.199107695252048,-0.515835675141409,-0.316727979889361
"83748",0.284479934387606,0.465612449380149,0.394177216556421,0.0714352328237277,0.181132514992543,0.109697282168815
"242928",0.0475415497065329,0.117349019122457,0.0822145814378153,0.0351344376846417,0.0698074694159241,0.0346730317312825
"187009",0.0981903529544874,0.228198821673515,0.169014000266094,0.0591848214074208,0.130008468719027,0.0708236473116065
"399526",0.260416758552684,0.456378206822908,0.372476752889999,0.0839014539329093,0.195961448270224,0.112059994337315
"111042",3.60669888699092,0.74372003521136,1.74394898337595,-1.00022894816459,-2.86297885177956,-1.86274990361497
"462980",1.83786362145792,0.700719125796302,1.12954028209854,-0.428821156302236,-1.13714449566162,-0.708323339359384
"435705",0.302825848570884,0.423955967334633,0.372371953703828,0.0515840136308052,0.12113011876375,0.0695461051329447
"317779",0.297857976895975,0.160683766026817,0.221960521022936,-0.0612767549961184,-0.137174210869157,-0.0758974558730391
"77822",0.0707454896113761,0.255481561522477,0.170592092912477,0.0848894686100004,0.184736071911101,0.0998466033011005
"338205",0.241761251886232,0.30720898085803,0.275983935482901,0.0312250453751294,0.0654477289717985,0.0342226835966691
"198379",10,2.93650169768553,5.10682278614167,-2.17032108845614,-7.06349830231447,-4.89317721385833
"81319",0.0284760745602762,0.133933730983849,0.0805711755433901,0.053362555440459,0.105457656423573,0.0520951009831139
"286435",0.10637954719168,0.106070939927518,0.106248532410844,-0.000177592483326106,-0.000308607264162555,-0.00013101478083645
"482329",1e-08,0.0546086534422554,0.0301603343742732,0.0244483190679822,0.0546086434422554,0.0301603243742732
"535931",0.0915391659966592,0.23346907453166,0.16409077362873,0.0693783009029296,0.141929908535001,0.072551607632071
"540039",9.08713310645106,3.06408937800841,4.28500136659376,-1.22091198858535,-6.02304372844265,-4.80213173985731
"120490",0.260587480697024,0.463897326658385,0.373118792551262,0.0907785341071222,0.203309845961361,0.112531311854239
"295690",0.011110301620309,0.115734231233262,0.067380318728732,0.0483539125045297,0.104623929612953,0.056270017108423
"219931",3.54803441791644,2.25728172490687,2.73011951980805,-0.472837794901183,-1.29075269300957,-0.81791489810839
"159752",2.60576550801459,1.2523824825422,1.75429659995648,-0.50191411741428,-1.3533830254724,-0.851468908058115
"415225",0.0913194775408942,0.230643665881736,0.163567235393363,0.0670764304883723,0.139324188340842,0.0722477578524692
"115280",0.134090034382016,0.272786736543814,0.206471716738083,0.0663150198057312,0.138696702161798,0.0723816823560671
"400870",0.193027236346839,0.184533039760447,0.18821533203059,-0.00368229227014336,-0.00849419658639219,-0.00481190431624884
"94428",0.0242176634980193,0.0468288953794749,0.0377692988733167,0.00905959650615813,0.0226112318814555,0.0135516353752974
"29859",0.775233540412695,0.958601281450957,0.875824957322134,0.0827763241288223,0.183367741038262,0.10059141690944
"42826",7.51675301088446,1.99348742695561,3.55329190161817,-1.55980447466256,-5.52326558392885,-3.96346110926629
"570573",10,3.94631488483538,6.18200860207508,-2.2356937172397,-6.05368511516462,-3.81799139792492
"69693",3.16496053583239,0.660989079798324,1.48459779997743,-0.823608720179101,-2.50397145603407,-1.68036273585497
"285570",1.55029715423485,0.91252428464647,1.16222066337081,-0.24969637872434,-0.637772869588379,-0.388076490864039
"344559",0.0301734594278853,0.114331634209173,0.0740012677634599,0.0403303664457127,0.0841581747812873,0.0438278083355746
"55036",0.087221699121694,0.21209784635369,0.148265434822395,0.063832411531295,0.124876147231996,0.0610437357007015
"402100",0.89653472285507,0.784064274291058,0.832701450754656,-0.048637176463598,-0.112470448564012,-0.0638332721004141
"516409",0.208319693624746,0.348379002717198,0.277098626560871,0.0712803761563265,0.140059309092452,0.0687789329361253
"399331",1e-08,0.159898443330207,0.0862961665768994,0.0736022767533077,0.159898433330207,0.0862961565768994
"318699",0.418263184288886,0.599648124308601,0.513871083840039,0.0857770404685626,0.181384940019715,0.0956078995511527
"322183",2.44312978426957,1.13808749599666,1.6096975194274,-0.471610023430731,-1.3050422882729,-0.833432264842173
"402981",0.390806792111569,0.380025743311317,0.384219312255727,-0.00419356894440948,-0.0107810488002515,-0.00658747985584207
"223275",0.0625874503367858,0.0429992496277748,0.0522645125760442,-0.00926526294826933,-0.019588200709011,-0.0103229377607416
"505277",0.774026160793571,0.714815293732647,0.739671036402212,-0.0248557426695651,-0.0592108670609235,-0.0343551243913583
"520003",6.95389356765277,1.77045535054355,3.17999070439954,-1.40953535385599,-5.18343821710922,-3.77390286325323
"517812",0.193313574568925,0.181211416677139,0.187044753760481,-0.00583333708334202,-0.0121021578917855,-0.00626882080844346
"248680",0.372249840239618,0.201580060544643,0.261720120261649,-0.0601400597170058,-0.170669779694975,-0.110529719977969
"423397",2.57733937621672,0.615242930666642,1.19050837712422,-0.575265446457581,-1.96209644555008,-1.3868309990925
"449908",0.113606860462241,0.211628368498878,0.184213605301242,0.0274147631976362,0.098021508036637,0.0706067448390008
"258825",0.166365024264805,0.393695305099839,0.279801503665306,0.113893801434533,0.227330280835033,0.113436479400501
"577864",0.304847523795524,0.395738508619067,0.357459539215814,0.038278969403253,0.0908909848235435,0.0526120154202905
"412117",0.0458950224354529,0.21874064171204,0.130820744863233,0.0879198968488069,0.172845619276587,0.0849257224277802
"318906",0.0792561954396598,0.305464566164678,0.189171272609648,0.116293293555031,0.226208370725019,0.109915077169988
"575846",4.88547994162391,1.26245762313669,2.44350028798577,-1.18104266484907,-3.62302231848722,-2.44197965363814
"304544",0.176035637519665,0.25244610972123,0.226386967892719,0.0260591418285106,0.076410472201565,0.0503513303730544
"60364",0.352909714995856,0.303773090943703,0.321611658034683,-0.0178385670909798,-0.0491366240521533,-0.0312980569611735
"469950",0.144452489462563,0.288450794815498,0.218770023713945,0.0696807711015526,0.143998305352935,0.074317534251382
"268475",0.671645747946943,0.169467736955221,0.415007572648424,-0.245539835693203,-0.502178010991722,-0.256638175298519
"576313",0.180255201406014,0.0690268677358635,0.122407800087403,-0.0533809323515393,-0.111228333670151,-0.0578474013186117
"547216",0.264415853726367,0.455634816436344,0.359690060895789,0.095944755540555,0.191218962709977,0.0952742071694225
"59118",0.150482093588304,0.312531830038667,0.231462836726478,0.0810689933121886,0.162049736450363,0.0809807431381744
"93580",0.327955985426478,0.318610718919308,0.322902514962817,-0.00429179604350954,-0.00934526650716966,-0.00505347046366011
"264245",0.561581521083963,0.510468635677442,0.533472479998512,-0.0230038443210693,-0.0511128854065206,-0.0281090410854513
"308943",0.135773798493302,0.186609724879649,0.162584216235687,0.0240255086439622,0.050835926386347,0.0268104177423847
"507278",0.696956681925384,0.231537957014002,0.416301463809221,-0.184763506795219,-0.465418724911383,-0.280655218116163
"238795",0.0870180066782284,0.150171969787379,0.120023754558119,0.0301482152292595,0.0631539631091505,0.033005747879891
"410255",0.426693566189359,0.30992231192436,0.355393792205871,-0.0454714802815109,-0.116771254264999,-0.0712997739834885
"548699",1e-08,0.0504579058177536,0.0277412980919231,0.0227166077258305,0.0504578958177536,0.0277412880919231
"431116",0.582498663673239,0.655994300764297,0.626511500187283,0.0294828005770141,0.0734956370910582,0.0440128365140441
"475787",0.1546086177152,0.217793771281221,0.189929408282968,0.0278643629982533,0.0631851535660213,0.035320790567768
"145998",0.127996215972704,0.161736186974818,0.144008876830927,0.0177273101438905,0.0337399710021138,0.0160126608582233
"546118",2.60288052922178,0.861485333690548,1.44342979767998,-0.581944463989434,-1.74139519553123,-1.1594507315418
"377789",2.25503624823584,1.74233783505081,1.95191579035277,-0.209577955301963,-0.512698413185034,-0.303120457883071
"323529",1.57505504945383,0.88953101973237,1.1570162591129,-0.267485239380527,-0.685524029721464,-0.418038790340938
"40651",0.77066053235477,0.612862283448681,0.673293477570927,-0.0604311941222461,-0.157798248906089,-0.0973670547838428
"219637",0.902905817523434,0.649090409539873,0.75320053400364,-0.104110124463768,-0.253815407983561,-0.149705283519793
"92317",1.26975909581966,0.625902868800483,0.903250279886644,-0.277347411086161,-0.643856227019175,-0.366508815933013
"251172",0.211771961770655,0.230923456060176,0.221677083676624,0.00924637238355194,0.0191514942895204,0.00990512190596843
"477064",0.0751641576033997,0.101234203755339,0.0887621904756209,0.0124720132797178,0.026070046151939,0.0135980328722212
"389860",10,1.41554528057436,10,-8.58445471942565,-8.58445471942565,0
"369452",4.6485949168648,2.99838796098091,3.50514701270906,-0.506759051728149,-1.65020695588389,-1.14344790415574
"39050",0.0919147433576764,0.213695301569958,0.154762055562086,0.0589332460078723,0.121780558212282,0.0628473122044093
"452765",0.242610441883642,0.278268376571122,0.26002168543992,0.0182466911312018,0.0356579346874799,0.0174112435562781
"258075",0.128385652511336,0.196633980512977,0.164432318582108,0.032201661930869,0.0682483280016403,0.0360466660707713
"459742",0.281315953187972,0.461067214648889,0.382953694744963,0.0781135199039262,0.179751261460917,0.101637741556991
"374872",0.0888482736214808,0.174101956190259,0.134748290308764,0.0393536658814952,0.0852536825687781,0.0459000166872829
"429199",0.458645790465689,0.32334862984546,0.376692952339959,-0.0533443224944986,-0.135297160620228,-0.0819528381257296
"536051",7.72818407611894,1.2735610236421,7.72818407611894,-6.45462305247684,-6.45462305247684,0
"26555",0.684619858420891,0.211594293484289,0.399209117888385,-0.187614824404096,-0.473025564936602,-0.285410740532506
"357860",2.29235354907843,0.532831968939519,1.18230133133251,-0.649469362392991,-1.75952158013891,-1.11005221774592
"542568",1e-08,0.235813176354388,0.129234686938997,0.106578489415391,0.235813166354388,0.129234676938997
"122159",0.462401435057379,0.317516068613692,0.377377436806752,-0.0598613681930605,-0.144885366443687,-0.0850239982506266
"229109",3.34516038224342,1.97603471000193,2.44582704036151,-0.469792330359577,-1.36912567224149,-0.899333341881917
"301861",6.80491600390533,1.64603818223044,3.00308309647694,-1.3570449142465,-5.15887782167489,-3.80183290742839
"286882",0.059293619696969,0.175343824747628,0.12271688100361,0.0526269437440186,0.116050205050659,0.0634232613066407
"273517",5.75300555390916,2.15501659546098,2.71940543069836,-0.564388835237376,-3.59798895844817,-3.0336001232108
"360448",3.3743454502087,1.73232012736455,2.2727228751265,-0.540402747761951,-1.64202532284415,-1.1016225750822
"40931",0.148038366166427,0.277399174314357,0.217228255111317,0.06017091920304,0.129360808147931,0.0691898889448907
"234171",0.231484008531722,0.255720230461255,0.243738070241642,0.011982160219613,0.0242362219295326,0.0122540617099196
"50318",2.34241523795233,1.22360100728784,1.62991658985689,-0.406315582569055,-1.11881423066449,-0.712498648095436
"578557",0.207610498032094,0.342681425249903,0.273028120430631,0.0696533048192726,0.135070927217809,0.0654176223985362
"548646",0.0496004287702753,0.192423748336859,0.120894448939373,0.0715292993974862,0.142823319566584,0.0712940201690975
"10061",0.316349856356746,0.463682766498723,0.402725769980122,0.0609569965186006,0.147332910141977,0.086375913623376
"69302",0.111269413845988,0.118752038062148,0.11533363669553,0.00341840136661838,0.00748262421616042,0.00406422284954204
"338218",0.208152340496082,0.327837928621834,0.267694769381507,0.060143159240327,0.119685588125752,0.059542428885425
"574701",0.663450203814772,0.546968014941922,0.590236066010541,-0.0432680510686192,-0.11648218887285,-0.0732141378042308
"187533",0.16089873682569,0.413863659633669,0.282405547169288,0.131458112464381,0.252964922807979,0.121506810343598
"549054",0.215568355850868,0.320267864584454,0.269929077546288,0.0503387870381662,0.104699508733586,0.0543607216954196
"553060",1e-08,0.0930157870893962,0.0492642910884178,0.0437514960009784,0.0930157770893962,0.0492642810884178
"562467",1e-08,0.0520527629285826,0.0283785542366619,0.0236742086919207,0.0520527529285826,0.0283785442366619
"171699",1.24477308761015,0.480416574729179,0.785838928062977,-0.305422353333798,-0.764356512880974,-0.458934159547176
"515236",0.0726729435973823,0.175198581956403,0.130362091654591,0.0448364903018116,0.10252563835902,0.0576891480572087
"482128",0.351997192873552,0.313974470741573,0.329932351928787,-0.0159578811872144,-0.0380227221319794,-0.022064840944765
"26022",0.0987413258948232,0.159541028314294,0.13056651711485,0.0289745111994439,0.0607997024194707,0.0318251912200268
"231774",0.131498956574444,0.166675753379522,0.149079985622702,0.0175957677568192,0.0351767968050776,0.0175810290482584
"432663",0.0163208479063596,0.101230920233392,0.0628719956223283,0.0383589246110634,0.0849100723270322,0.0465511477159687
"487643",2.34820683579811,0.390878125081116,2.34820683579811,-1.957328710717,-1.957328710717,0
"316732",2.3709576890779,0.411204768544493,2.3709576890779,-1.9597529205334,-1.9597529205334,0
"549189",0.165842165195136,0.514445420708778,0.363078742576296,0.151366678132482,0.348603255513642,0.19723657738116
"444554",1.74349579913453,0.755618024730061,1.13133029730511,-0.375712272575047,-0.98787777440447,-0.612165501829423
"503187",2.35521721905559,1.14780544019162,1.57504896050531,-0.427243520313684,-1.20741177886397,-0.780168258550286
"299254",0.10568880872647,0.177799229632059,0.141746162736115,0.0360530668959445,0.0721104209055887,0.0360573540096442
"299597",0.227606172317763,0.36812996477494,0.297035688194454,0.0710942765804859,0.140523792457177,0.0694295158766907
"82275",1.47519161203623,0.828453667854439,1.07226943086552,-0.243815763011082,-0.646737944181786,-0.402922181170705
"485958",2.36924508166974,1.89865855457225,2.02488190022893,-0.126223345656687,-0.470586527097489,-0.344363181440802
"570228",1.15767689377203,0.591036290505655,0.826600360879687,-0.235564070374032,-0.566640603266377,-0.331076532892345
"295454",0.985066709529396,0.549198797508794,0.722917789125134,-0.17371899161634,-0.435867912020602,-0.262148920404262
"65994",0.0511413805133097,0.129972152752808,0.0905355839127084,0.0394365688401,0.0788307722394987,0.0393942033993987
"32302",0.936403214296661,0.647017796999205,0.765669802197339,-0.118652005198134,-0.289385417297456,-0.170733412099322
"145488",0.283189057502136,0.313755363114488,0.302533362323323,0.0112220007911656,0.0305663056123524,0.0193443048211868
"533096",0.868044313956063,0.525082861740049,0.6560301506388,-0.13094728889875,-0.342961452216013,-0.212014163317263
"71725",0.438168910814854,0.332071128057637,0.374797780519299,-0.0427266524616622,-0.106097782757217,-0.0633711302955552
"20947",0.777732399127341,0.348227343289436,0.489093707164997,-0.140866363875561,-0.429505055837905,-0.288638691962344
"82582",3.3544823490487,1.51701116530105,2.09141487420231,-0.574403708901257,-1.83747118374764,-1.26306747484639
"349691",2.80955951430569,0.85309302270713,1.52427956819853,-0.671186545491404,-1.95646649159856,-1.28527994610716
"381498",10,1.7700815700436,10,-8.2299184299564,-8.2299184299564,0
"444719",8.13116042954086,1.57530336171232,8.13116042954086,-6.55585706782854,-6.55585706782854,0
"532931",10,2.25218897331468,5.6376365707866,-3.38544759747192,-7.74781102668532,-4.3623634292134
"97288",5.09195290303708,1.14055957412007,2.39466385700062,-1.25410428288055,-3.95139332891701,-2.69728904603645
"537219",1e-08,0.0816049554897326,0.0435362923069842,0.0380686631827485,0.0816049454897326,0.0435362823069842
"314362",0.203733344430165,0.0939441659222222,0.145068121159668,-0.051123955237446,-0.109789178507943,-0.0586652232704972
"331251",0.332472176391875,0.428785048845399,0.386852169271012,0.041932879574387,0.0963128724535234,0.0543799928791364
"108593",1.8604373769183,0.69698393197912,1.13927036138436,-0.442286429405243,-1.16345344493918,-0.721167015533938
"480979",2.3274522952707,0.767342981288054,1.40289583553665,-0.635552854248595,-1.56010931398264,-0.924556459734049
"322250",0.49046248882106,0.392903039177693,0.433638519208757,-0.0407354800310637,-0.0975594496433665,-0.0568239696123028
"220983",0.100580136880705,0.200381279705004,0.148042222708833,0.0523390569961709,0.0998011428242988,0.0474620858281278
"351651",0.237198029843024,0.21691785737183,0.226573705678138,-0.00965584830630736,-0.020280172471194,-0.0106243241648866
"97133",0.905392100791845,0.540177432513266,0.715586713394138,-0.175409280880871,-0.365214668278579,-0.189805387397707
"259828",0.975979855155814,0.703941731634525,0.819731226124501,-0.115789494489976,-0.272038123521288,-0.156248629031312
"339011",0.235225109177374,0.465237231194478,0.344909238018783,0.120327993175695,0.230012122017104,0.109684128841409
"198483",0.0174838225206057,0.12990609481078,0.0757812925216945,0.0541248022890853,0.112422272290174,0.0582974700010888
"112881",0.115723648548512,0.269016096723776,0.195194938371741,0.0738211583520351,0.153292448175264,0.0794712898232287
"187298",6.15518223939415,1.74259533499456,2.91027063008455,-1.16767529508999,-4.41258690439959,-3.2449116093096
"400560",0.0438061044533573,0.140131477275839,0.0917282998756695,0.0484031774001699,0.0963253728224821,0.0479221954223122
"298878",2.30322860157677,1.03019866791432,1.46803572742847,-0.437837059514152,-1.27302993366246,-0.835192874148305
"372868",0.0379240136000252,0.226166928197167,0.135307724256704,0.0908592039404638,0.188242914597142,0.0973837106566784
"195207",0.079874330897257,0.267603858226866,0.18167098129388,0.0859328769329861,0.187729527329609,0.101796650396623
"160755",0.243687779824712,0.264470731426844,0.253920379980954,0.0105503514458895,0.0207829516021321,0.0102326001562426
"568567",1e-08,0.113750704180571,0.0631415233639534,0.0506091808166178,0.113750694180571,0.0631415133639534
"193890",0.0394950602439429,0.0398219856272909,0.0396740179145386,0.000147967712752238,0.000326925383347922,0.000178957670595684
"36567",3.89375417375692,1.10364736636931,1.93126467740307,-0.827617311033751,-2.79010680738761,-1.96248949635386
"119450",0.542703259044073,0.702732062104249,0.622742945541578,0.079989116562671,0.160028803060176,0.0800396864975049
"432640",0.218346676053012,0.275147674914513,0.2452341388944,0.029913536020113,0.0568009988615016,0.0268874628413886
"384676",0.0532727177062381,0.121691378008759,0.0882070606389885,0.0334843173697701,0.0684186603025205,0.0349343429327504
"348331",0.133105174847222,0.248332823228356,0.192547069317981,0.0557857539103749,0.115227648381133,0.0594418944707586
"460177",0.238069059093701,0.242442903365982,0.239663249619271,0.00277965374671085,0.0043738442722813,0.00159419052557044
"294565",0.389308171407065,0.495892481693937,0.449673671568185,0.0462188101257517,0.106584310286872,0.0603655001611201
"175523",0.118209627875918,0.189693723394305,0.154194104540707,0.0354996188535986,0.0714840955183875,0.0359844766647889
"498564",0.139339972644605,0.251026872647851,0.194507779848135,0.0565190927997161,0.111686900003245,0.0551678072035292
"35327",1.20672750386109,0.833348685711408,0.971020247476278,-0.137671561764869,-0.373378818149683,-0.235707256384814
"518080",0.458099581509701,0.274818947751274,0.344418750295746,-0.0695998025444724,-0.183280633758427,-0.113680831213955
"171494",0.835524006830046,0.401515300184351,0.553622242922254,-0.152106942737903,-0.434008706645695,-0.281901763907792
"403050",0.0631999245093388,0.273622012438378,0.17436952257233,0.0992524898660488,0.21042208792904,0.111169598062991
"194339",0.107857013324631,0.206854215605541,0.153793275846216,0.0530609397593246,0.09899720228091,0.0459362625215854
"379555",1.04740914214488,0.524045213996967,0.740728262196555,-0.216683048199588,-0.523363928147916,-0.306680879948329
"116680",1.69048184443187,0.415098497503646,0.939871420194076,-0.52477292269043,-1.27538334692822,-0.750610424237793
"505524",0.924640321279881,0.39280564040542,0.58408368197994,-0.19127804157452,-0.531834680874461,-0.340556639299941
"408806",1.73082502029336,0.584802622127652,0.986821931188721,-0.402019309061068,-1.1460223981657,-0.744003089104636
"322593",0.116838323369689,0.226372003576048,0.172474188223637,0.0538978153524107,0.109533680206358,0.0556358648539477
"35326",0.423640229851683,0.354489789834888,0.381836555969497,-0.0273467661346088,-0.0691504400167941,-0.0418036738821853
"412757",0.398139333768502,0.475755589218836,0.441695518960943,0.0340600702578931,0.077616255450334,0.0435561851924409
"242405",0.908605558660138,0.66074743881621,0.763136429836594,-0.102388991020384,-0.247858119843928,-0.145469128823544
"203965",0.0165250516047958,0.0693833082788439,0.0458302704424035,0.0235530378364403,0.0528582566740481,0.0293052188376077
"442715",0.211208729516128,0.390319655488748,0.31460537000919,0.0757142854795578,0.17911092597262,0.103396640493062
"324827",0.0563068350797991,0.133177223775917,0.0983564093673542,0.0348208144085628,0.0768703886961179,0.0420495742875551
"124609",0.10129329605732,0.210414271659626,0.15984855044653,0.0505657212130963,0.109120975602307,0.0585552543892105
"74296",0.0548690454884308,0.0894745469512915,0.0734467401824608,0.0160278067688307,0.0346055014628607,0.01857769469403
"164650",2.10093055230343,0.502224460740799,1.0712448981675,-0.569020437426698,-1.59870609156264,-1.02968565413594
"217353",1.27446604861313,1.37733495800584,1.33302987309028,0.0443050849155602,0.102868909392716,0.0585638244771558
"341778",0.800441696343806,0.486230467153109,0.607105543232597,-0.120875076079488,-0.314211229190698,-0.193336153111209
"209093",2.16662271072648,1.29490237031471,1.61054722290208,-0.315644852587371,-0.871720340411775,-0.556075487824405
"320342",0.115212679716078,0.115935029042014,0.115606225292279,0.000328803749735193,0.000722349325935415,0.000393545576200222
"136131",1e-08,0.0630065362178496,0.0336186731286274,0.0293878630892222,0.0630065262178496,0.0336186631286274
"108425",0.311220226031071,0.411304723854933,0.360146587850058,0.0511581360048743,0.100084497823862,0.0489263618189879
"386086",2.06680857965689,1.61435652037786,1.76086241892743,-0.146505898549571,-0.45245205927903,-0.30594616072946
"167171",3.6125432486623,1.49030162572532,2.18101138265687,-0.690709756931544,-2.12224162293698,-1.43153186600543
"352722",0.0668607512079027,0.110388505223146,0.0890641198802299,0.0213243853429164,0.0435277540152436,0.0222033686723272
"312670",2.12084018935698,1.77785024896957,1.91730904793739,-0.139458798967818,-0.342989940387405,-0.203531141419586
"30151",0.133075792316295,0.24789026308027,0.193392926493344,0.0544973365869264,0.114814470763975,0.0603171341770489
"548755",1.40574923629643,0.901225258125404,1.09497923785383,-0.193753979728431,-0.504523978171025,-0.310769998442594
"479955",7.70256458084525,1.39930204245933,7.70256458084525,-6.30326253838592,-6.30326253838592,0
"499581",1.07955680216105,0.502139317585444,0.730559290615815,-0.228419973030371,-0.577417484575608,-0.348997511545237
"504800",1.83359999903781,0.82969109029769,1.22610521571494,-0.396414125417254,-1.00390890874012,-0.607494783322865
"122249",1.13053074327172,0.363280755154812,0.641020118816137,-0.277739363661325,-0.767249988116905,-0.489510624455581
"146501",1.72567189557705,0.511486407581873,0.92287865029305,-0.411392242711178,-1.21418548799518,-0.802793245284002
"243210",1.19526362700945,0.330638361131546,0.651257806073145,-0.320619444941598,-0.864625265877903,-0.544005820936304
"527278",3.6897708885599,2.04889254562499,2.46018662637394,-0.411294080748953,-1.64087834293491,-1.22958426218596
"106469",0.0230530123172706,0.132072343839379,0.0795396932692214,0.0525326505701578,0.109019331522109,0.0564866809519508
"461710",0.178770113321474,0.395281000361287,0.287717095020872,0.107563905340415,0.216510887039813,0.108946981699398
"249650",0.671063046068927,0.992404722826791,0.877747016029201,0.114657706797591,0.321341676757865,0.206683969960274
"341336",0.964790022171211,0.631195745726965,0.767321525977796,-0.136125780250832,-0.333594276444246,-0.197468496193415
"238829",1.5623227570399,0.68251406745046,1.00694249043189,-0.324428422981433,-0.879808689589439,-0.555380266608006
"203739",0.035284620670423,0.162715576922191,0.103271836822888,0.0594437400993036,0.127430956251768,0.0679872161524647
"374260",0.245549114872443,0.211625401079,0.22829507163786,-0.0166696705588592,-0.0339237137934426,-0.0172540432345835
"472694",1.79896272663883,1.45508400653355,1.58181523291325,-0.126731226379703,-0.343878720105288,-0.217147493725585
"318330",0.884826233027571,0.652740402663602,0.74853413553504,-0.095793732871438,-0.232085830363969,-0.136292097492531
"87147",0.390443574515116,0.551714645123269,0.480223493818852,0.0714911513044166,0.161271070608153,0.0897799193037365
"87268",0.184802131001351,0.41748707728873,0.302398833863713,0.115088243425017,0.232684946287378,0.117596702862361
"399035",1.36282424946767,0.710983743554727,1.0017273196018,-0.29074357604707,-0.651840505912941,-0.361096929865871
"321204",2.26115545373049,1.12144726774454,1.51985387250457,-0.398406604760028,-1.13970818598595,-0.741301581225924
"78605",0.0447778795459706,0.142728738808308,0.0932915865831931,0.0494371522251145,0.0979508592623371,0.0485137070372225
"312897",0.017760514554741,0.120389083501623,0.0750310266027277,0.0453580568988955,0.102628568946882,0.0572705120479867
"97330",0.268076846097658,0.300749729652799,0.284833366367782,0.0159163632850165,0.0326728835551404,0.0167565202701239
"565572",0.864081047503359,0.974510657259854,0.930720374349981,0.0437902829098725,0.110429609756494,0.0666393268466218
"445192",1.47402176835745,0.53777852255836,0.947284108989119,-0.409505586430759,-0.936243245799086,-0.526737659368327
"118062",0.0855644193355817,0.262199520083241,0.184750463356115,0.0774490567271253,0.176635100747659,0.0991860440205337
"453344",0.165001405698122,0.216458245563786,0.191410944151025,0.025047301412761,0.0514568398656644,0.0264095384529034
"478475",0.998773546821396,0.463797494020586,0.669521698238928,-0.205724204218342,-0.53497605280081,-0.329251848582467
"129611",1.55959882547094,0.407526391238352,0.871994286708281,-0.464467895469929,-1.15207243423258,-0.687604538762654
"42065",0.612698697048565,0.608583264212104,0.610417810628808,-0.001834546416704,-0.00411543283646065,-0.00228088641975666
"239414",0.0072973421089799,0.159511441963086,0.0904372665261636,0.0690741754369226,0.152214099854106,0.0831399244171837
"81686",1e-08,0.0616826934318285,0.0354087136698248,0.0262739797620037,0.0616826834318285,0.0354087036698248
"246321",1.56120847634348,0.92073337004483,1.17663956490541,-0.255906194860579,-0.640475106298645,-0.384568911438067
"171946",1.1944201152496,1.18667546960334,1.19033710275,-0.00366163314666301,-0.00774464564626176,-0.00408301249959875
"470167",0.0552513889067984,0.0311560809325542,0.0430450487378422,-0.011888967805288,-0.0240953079742442,-0.0122063401689562
"178132",10,2.05143000260696,3.87786547679699,-1.82643547419003,-7.94856999739304,-6.12213452320301
"206486",3.4018402909975,1.70595827382703,2.26118707565923,-0.555228801832201,-1.69588201717047,-1.14065321533827
"51687",0.823689792591751,0.307016051983385,0.526908121561538,-0.219892069578153,-0.516673740608366,-0.296781671030213
"523103",0.105738047821162,0.104080954982423,0.104986238561004,-0.00090528357858051,-0.00165709283873926,-0.000751809260158748
"97566",3.17921563647231,0.673937546047735,1.48988720357621,-0.815949657528474,-2.50527809042457,-1.6893284328961
"342223",0.838169839015996,0.679265934483563,0.745042554472346,-0.0657766199887831,-0.158903904532433,-0.0931272845436503
"117004",0.783451596801291,0.537117110379489,0.628810280498022,-0.0916931701185331,-0.246334486421801,-0.154641316303268
"368821",0.15186783498567,0.243348751576872,0.198308037107564,0.0450407144693082,0.0914809165912022,0.046440202121894
"440709",0.849299422319358,0.342383677971609,0.50634221888846,-0.16395854091685,-0.506915744347748,-0.342957203430898
"148888",0.486349925892483,0.326164303929211,0.391687554151322,-0.0655232502221111,-0.160185621963272,-0.0946623717411613
"215575",3.97221484524877,1.41284034609523,2.23511626863636,-0.822275922541126,-2.55937449915354,-1.73709857661241
"287065",0.129906955320265,0.275391091344359,0.211314006192421,0.0640770851519378,0.145484136024094,0.081407050872156
"118161",4.96158240358959,3.47495477436194,3.9448509357246,-0.469896161362661,-1.48662762922765,-1.01673146786499
"557847",1.13239570167944,0.76448484671898,0.90360706114342,-0.13912221442444,-0.367910854960462,-0.228788640536021
"483171",0.222991465893209,0.187429977991323,0.204232623620221,-0.0168026456288973,-0.0355614879018851,-0.0187588422729878
"91508",0.39289857970096,0.493127484187055,0.446380129637725,0.0467473545493298,0.100228904486095,0.053481549936765
"405998",0.166698086811947,0.131340177698077,0.147465304340663,-0.0161251266425864,-0.0353579091138706,-0.0192327824712842
"577853",1e-08,0.258012549447485,0.147844191898241,0.110168357549244,0.258012539447485,0.147844181898242
"1346",0.643202831926925,0.483958772925298,0.555820424594624,-0.0718616516693258,-0.159244059001628,-0.0873824073323018
"572387",0.035259663106442,0.126784577052985,0.0814639866346537,0.0453205904183313,0.091524913946543,0.0462043235282116
"383530",0.0488430977018182,0.0967064356855828,0.0741212141900063,0.0225852214955766,0.0478633379837646,0.025278116488188
"36463",0.074534452658965,0.12756506395458,0.102005902141375,0.0255591618132053,0.0530306112956155,0.0274714494824101
"469013",0.344885031428979,0.549568000267372,0.452327138606351,0.0972408616610214,0.204682968838392,0.107442107177371
"77039",1.28494998566309,0.966209178336996,1.08923562505946,-0.123026446722466,-0.318740807326097,-0.195714360603631
"252466",0.664195144040437,0.390103206055503,0.510978968859413,-0.12087576280391,-0.274091937984935,-0.153216175181025
"371022",0.691630109965958,0.260922968353005,0.436783338407258,-0.175860370054254,-0.430707141612953,-0.2548467715587
"248092",2.03125004303194,1.25666740967816,1.53330019467471,-0.276632784996555,-0.774582633353784,-0.497949848357229
"511235",0.224969244128961,0.253998911719919,0.240280187476042,0.0137187242438766,0.0290296675909584,0.0153109433470818
"134032",1.99756328461483,0.657018478047572,1.16529306880863,-0.508274590761059,-1.34054480656725,-0.832270215806194
"325310",4.02854404845058,1.24067544541367,2.10004237209074,-0.859366926677067,-2.78786860303691,-1.92850167635985
"352833",1.04682469318918,0.47466604679377,0.705299392772134,-0.230633345978364,-0.572158646395407,-0.341525300417043
"434406",0.412151478046415,0.16009553295296,0.275340489978558,-0.115244957025599,-0.252055945093455,-0.136810988067856
"406920",0.0177287348962633,0.0360002390208052,0.0273395212472604,0.00866071777354483,0.0182715041245419,0.00961078635099705
"222009",0.0697868022422709,0.105446091081548,0.0896281166402347,0.0158179744413136,0.0356592888392773,0.0198413143979637
"151975",1.16272094749741,0.941277182350856,1.02663555642602,-0.0853583740751673,-0.22144376514655,-0.136085391071383
"189684",0.101322795634332,0.241223968837624,0.176327137835489,0.0648968310021351,0.139901173203292,0.0750043422011571
"312888",0.0185249630083405,0.0622661687239846,0.0430782707871357,0.0191878979368489,0.0437412057156441,0.0245533077787952
"333195",0.071857595516481,0.241447781713149,0.156345367982417,0.0851024137307324,0.169590186196668,0.0844877724659356
"548877",0.563023435946756,0.419302193211723,0.480569686813907,-0.0612674936021844,-0.143721242735033,-0.082453749132849
"9533",0.180225997479626,0.129270576845504,0.154662089299596,-0.0253915124540919,-0.0509554206341221,-0.0255639081800302
"435239",0.609233498510583,0.528198994643076,0.557151161232339,-0.0289521665892635,-0.0810345038675072,-0.0520823372782437
"249535",2.75117675170264,0.948244227517212,1.57852698184834,-0.630282754331123,-1.80293252418543,-1.1726497698543
"414647",0.213215123457047,0.279741408035442,0.246324247248469,0.0334171607869729,0.066526284578395,0.0331091237914221
"340108",1.54359016666667,0.686592013909727,0.99743392064317,-0.310841906733443,-0.856998152756938,-0.546156246023495
"20628",7.41656806474656,2.09405948448745,3.61403227122788,-1.51997278674043,-5.32250858025911,-3.80253579351868
"424062",4.38256175808888,1.28525801918723,2.27293941202871,-0.98768139284148,-3.09730373890165,-2.10962234606017
"430123",2.31989207925859,0.980465718876104,1.44939773524432,-0.468932016368216,-1.33942636038248,-0.870494344014266
"163464",0.579014449070162,1.19738439116064,0.963253418972206,0.234130972188438,0.618369942090482,0.384238969902044
"412862",0.719410645473082,0.458917281076884,0.549840280275923,-0.0909229991990393,-0.260493364396198,-0.169570365197159
"351911",1.59554238590242,0.920414949584828,1.19090725960887,-0.270492310024044,-0.67512743631759,-0.404635126293546
"161766",0.111029127004962,0.181030097104249,0.14709091687385,0.0339391802303996,0.0700009700992872,0.0360617898688875
"101444",0.101226250423754,0.273812505364646,0.190354424387582,0.0834580809770636,0.172586254940892,0.0891281739638282
"237638",0.0178561328062767,0.110066788846183,0.0699129237653986,0.0401538650807839,0.0922106560399059,0.0520567909591219
"386590",1.23858627372358,0.892180387585054,1.0200523343573,-0.127871946772241,-0.346405886138521,-0.21853393936628
"212308",0.192000874824447,0.283643187670553,0.241487443314238,0.0421557443563154,0.091642312846106,0.0494865684897905
"546037",0.15354540276318,0.0883916728227823,0.118936455546206,-0.0305447827234236,-0.0651537299403977,-0.0346089472169741
"185733",1.61060378377136,0.936657740888246,1.20611970212638,-0.269461961238136,-0.673946042883116,-0.40448408164498
"175230",4.1121320476273,2.03889449241358,2.78015572228146,-0.741261229867875,-2.07323755521372,-1.33197632534584
"336490",6.47528267095876,2.54991329181005,3.71478914627491,-1.16487585446486,-3.92536937914871,-2.76049352468385
"398047",0.125127466472748,0.100257421458343,0.112561091790044,-0.0123036703317003,-0.024870045014405,-0.0125663746827048
"224954",1.95487698981283,1.59946313089939,1.7346927367574,-0.135229605858009,-0.355413858913443,-0.220184253055434
"453810",0.0279297633869501,0.117610431315222,0.0768661240961639,0.040744307219058,0.0896806679282718,0.0489363607092139
"234102",0.195604192691016,0.404554719985887,0.294284240165972,0.110270479819915,0.208950527294871,0.0986800474749558
"312591",1e-08,0.428447431780964,0.236114203869135,0.192333227911829,0.428447421780964,0.236114193869135
"71156",0.577053907837625,0.273737377378064,0.393804767938888,-0.120067390560824,-0.303316530459561,-0.183249139898737
"295394",0.0820700266387004,0.109339030553836,0.0980425093980944,0.0112965211557412,0.0272690039151352,0.015972482759394
"21244",0.0488378792745674,0.158407608483341,0.108395214262978,0.050012394220363,0.109569729208774,0.0595573349884107
"271026",10,3.72718012104157,5.94783034889605,-2.22065022785449,-6.27281987895843,-4.05216965110395
"343521",1.04799117489213,0.625114066860887,0.799561142015472,-0.174447075154585,-0.42287710803124,-0.248430032876655
"222570",0.201315113499716,0.39537741634782,0.296959296105576,0.0984181202422441,0.194062302848103,0.0956441826058594
"116405",2.40979018058364,0.93000762741585,1.42746613876621,-0.497458511350363,-1.47978255316779,-0.982324041817427
"102553",0.111209135138269,0.258947308609732,0.188365660400826,0.0705816482089059,0.147738173471463,0.0771565252625572
"261624",0.182626668077939,0.262948417561939,0.233855301328672,0.0290931162332665,0.0803217494839997,0.0512286332507332
"493392",0.42270883889846,0.263047882968532,0.340931693262661,-0.0778838102941289,-0.159660955929928,-0.0817771456357991
"222113",4.35774844476292,0.986353202828118,1.96964551373912,-0.983292310911005,-3.3713952419348,-2.3881029310238
"272024",6.80153535251185,1.50277174003896,2.84222782315371,-1.33945608311474,-5.29876361247289,-3.95930752935815
"243240",0.0104891859396793,0.0306430776257628,0.0208385984525768,0.00980447917318601,0.0201538916860835,0.0103494125128975
"536210",2.80709485594296,0.768991573303803,1.45374865787694,-0.684757084573133,-2.03810328263916,-1.35334619806603
"457857",1.70610288042908,0.751293861904955,1.11111972784643,-0.359825865941471,-0.954809018524126,-0.594983152582655
"16086",1.28062247300472,0.410984539426044,0.746880560215558,-0.335896020789514,-0.869637933578673,-0.533741912789159
"78418",0.301929032420873,0.216037969884697,0.244254505280127,-0.0282165353954297,-0.085891062536176,-0.0576745271407463
"417613",1e-08,0.179855314595714,0.0959707318440762,0.0838845827516374,0.179855304595714,0.0959707218440762
"190484",0.502835230931441,0.0934377049073853,0.502835230931441,-0.409397526024056,-0.409397526024056,0
"509793",3.32919953705808,0.565087289802462,3.32919953705808,-2.76411224725562,-2.76411224725562,0
"457261",0.867876442953446,0.759691361874946,0.806305325532957,-0.0466139636580103,-0.1081850810785,-0.0615711174204895
"9986",0.788464649718113,0.376537462532643,0.511307575032283,-0.134770112499641,-0.411927187185471,-0.27715707468583
"411256",0.216317080817059,0.447294873638766,0.32192857514106,0.125366298497706,0.230977792821707,0.105611494324001
"130991",1.95167935564003,0.635627056735917,1.12583543157235,-0.490208374836433,-1.31605229890411,-0.82584392406768
"403259",0.221450651876857,0.286841664149387,0.252524964331821,0.0343166998175662,0.0653910122725301,0.0310743124549639
"333840",0.185743499311589,0.232353947676878,0.20963362928027,0.0227203183966082,0.0466104483652897,0.0238901299686815
"118937",0.331557961445866,0.273864932988363,0.300105789454,-0.0262408564656373,-0.0576930284575036,-0.0314521719918663
"327756",0.120107479305853,0.203462363604672,0.165449983417311,0.0380123801873614,0.0833548842988193,0.0453425041114579
"485313",0.13209647098545,0.314085520999932,0.221586517635648,0.0924990033642837,0.181989050014481,0.0894900466501976
"317413",0.122701460929633,0.177251502011636,0.152968554503731,0.0242829475079051,0.0545500410820027,0.0302670935740976
"350697",0.0136225455005014,0.0347947749281502,0.024403387446525,0.0103913874816253,0.0211722294276488,0.0107808419460236
"200384",0.211470594288824,0.182003311009749,0.19565542799542,-0.0136521169856712,-0.0294672832790757,-0.0158151662934045
"111629",0.0449018435950088,0.134365748318028,0.0927259041720181,0.0416398441460101,0.0894639047230194,0.0478240605770092
"419854",0.0788935837577832,0.206302235309303,0.143659830690933,0.0626424046183698,0.12740865155152,0.0647662469331503
"424012",1.11696419041327,0.416173323468446,0.677351231414404,-0.261177907945958,-0.700790866944824,-0.439612958998866
"428168",1.02043956590766,0.928960460307466,0.962977102557976,-0.0340166422505098,-0.0914791056001961,-0.0574624633496863
"367916",1.02984614189708,0.348120211800541,0.657031796156561,-0.30891158435602,-0.681725930096537,-0.372814345740517
"396628",0.995308553392763,0.714748552166411,0.834346668146818,-0.119598115980407,-0.280560001226352,-0.160961885245945
"325822",0.0673559469701755,0.042262800921601,0.0537708182531362,-0.0115080173315352,-0.0250931460485745,-0.0135851287170393
"125772",0.194459990985806,0.390317142343102,0.292812490738481,0.0975046516046209,0.195857151357296,0.0983524997526754
"163668",2.35907902049516,1.53928553979534,1.86774762673793,-0.328462086942584,-0.819793480699814,-0.49133139375723
"23876",0.294298090592543,0.429919337622532,0.357371325936142,0.07254801168639,0.135621247029989,0.0630732353435988
"481370",0.523582229698122,0.535160926349049,0.529731422809837,0.00542950353921201,0.0115786966509271,0.00614919311171513
"415815",2.78051292859257,1.19144064365811,1.79016704330015,-0.598726399642035,-1.58907228493445,-0.99034588529242
"295215",2.37960360705396,0.576825498275317,1.26387606463938,-0.68705056636406,-1.80277810877864,-1.11572754241458
"471486",0.455627741777455,0.334230071720845,0.384026117479546,-0.0497960457587007,-0.121397670056609,-0.0716016242979087
"229620",0.233509363911657,0.161900943761391,0.195441417696324,-0.0335404739349327,-0.0716084201502661,-0.0380679462153334
"285771",1e-08,0.087486994942951,0.0430023887528207,0.0444846061901303,0.0874869849429511,0.0430023787528207
"525866",0.571352437713712,0.459510519642653,0.510208614532263,-0.0506980948896096,-0.111841918071058,-0.0611438231814488
"97100",0.158341279383173,0.250270534112507,0.203986058686306,0.0462844754262006,0.0919292547293336,0.045644779303133
"554289",0.575516176617029,0.458357385041063,0.510766959111488,-0.052409574070424,-0.117158791575965,-0.0647492175055413
"170076",0.153290077009227,0.272491693493855,0.218956049733185,0.0535356437606701,0.119201616484628,0.0656659727239578
"21942",0.66464171555831,0.391042741192584,0.487189970408299,-0.0961472292157152,-0.273598974365726,-0.177451745150011
"238845",0.106597020480678,0.116924851884536,0.111983816661801,0.0049410352227354,0.010327831403858,0.00538679618112263
"31447",1.96353718662025,0.776489781389881,1.24507791384627,-0.468588132456392,-1.18704740523037,-0.718459272773979
"369878",3.04010813743808,2.24531391069416,2.52431739098435,-0.27900348029019,-0.794794226743924,-0.515790746453733
"120112",4.83652511084188,0.996331701554132,2.16999694890041,-1.17366524734628,-3.84019340928775,-2.66652816194147
"47159",0.28085684554153,0.350251911701144,0.323037793712478,0.0272141179886666,0.0693950661596145,0.0421809481709479
"101077",7.69913135023133,1.40412237423253,7.69913135023133,-6.2950089759988,-6.2950089759988,0
"305551",1.76256590853174,1.06826559757481,1.36061738216818,-0.292351784593371,-0.694300310956931,-0.40194852636356
"454546",0.0492693643734584,0.0846949495433659,0.0682540130467026,0.0164409364966634,0.0354255851699075,0.0189846486732441
"393480",1.32564085980039,0.906060017597739,1.07387530906548,-0.167815291467743,-0.419580842202649,-0.251765550734906
"297827",2.06002261185062,1.58715841230002,1.77192541900987,-0.184767006709844,-0.472864199550599,-0.288097192840755
"425772",1.61993440189925,0.640537745959383,1.01938448381432,-0.378846737854937,-0.979396655939867,-0.600549918084931
"303010",0.471315880904964,0.407518990916615,0.434855099304505,-0.0273361083878895,-0.0637968899883493,-0.0364607816004597
"565023",0.161266762212912,0.320409492386813,0.24267815486803,0.0777313375187832,0.159142730173902,0.0814113926551183
"258336",1.41610225710518,0.867066365238793,1.07420551884318,-0.207139153604391,-0.549035891866383,-0.341896738261992
"290147",0.0725979183014348,0.195639388059308,0.136112888429892,0.0595264996294159,0.123041469757874,0.0635149701284577
"257618",0.700025511217684,0.667314611385114,0.682382583282036,-0.0150679718969221,-0.0327108998325697,-0.0176429279356476
"249159",0.168263282628142,0.27558449260273,0.222524336295055,0.0530601563076747,0.107321209974588,0.054261053666913
"299229",0.0763827076590571,0.305820267415019,0.184551674058011,0.121268593357007,0.229437559755962,0.108168966398954
"134583",1.71625464117332,0.638506687566099,1.02695900248929,-0.388452314923189,-1.07774795360722,-0.689295638684035
"344356",3.66740465855729,0.783228539404931,1.81426672175795,-1.03103818235301,-2.88417611915236,-1.85313793679934
"33378",3.37705043240485,1.61348072752077,2.17092682414971,-0.557446096628938,-1.76356970488407,-1.20612360825514
"420120",0.200141340734608,0.26323495765822,0.233386433942708,0.0298485237155119,0.0630936169236127,0.0332450932081008
"415959",0.805346407820286,0.589342233028313,0.672577195924713,-0.0832349628964004,-0.216004174791973,-0.132769211895572
"106007",0.199533264850551,0.113363639593608,0.150975272011847,-0.0376116324182387,-0.0861696252569429,-0.0485579928387042
"574445",0.676164702280842,0.528733293562297,0.596682533663026,-0.0679492401007292,-0.147431408718545,-0.0794821686178159
"260136",1.84109464911386,1.75474593304213,1.78810739717212,-0.0333614641299971,-0.0863487160717302,-0.0529872519417331
"560737",8.5446891527472,1.32910706139019,8.5446891527472,-7.21558209135701,-7.21558209135701,0
"299438",0.145000976691968,0.0841387732172258,0.113666968344131,-0.0295281951269054,-0.0608622034747418,-0.0313340083478363
"299940",0.105761516968733,0.31550006497468,0.210031115979899,0.105468948994781,0.209738548005948,0.104269599011167
"556840",0.0225904801321571,0.0821241789488676,0.0559612528212753,0.0261629261275923,0.0595336988167105,0.0333707726891182
"7266",0.043039252585229,0.17434516570498,0.10819545851867,0.0661497071863098,0.131305913119751,0.0651562059334414
"500623",0.295913568075274,0.295296450383848,0.295538138699425,-0.000241688315577249,-0.000617117691425417,-0.000375429375848169
"195168",0.219596107546536,0.363770092907857,0.289663710108624,0.0741063827992329,0.144173985361322,0.0700676025620886
"220944",0.0126288089823513,0.0369908688811132,0.0265823506505679,0.0104085182305453,0.0243620598987619,0.0139535416682166
"500893",0.183768224220948,0.417145112494561,0.297254070241881,0.11989104225268,0.233376888273612,0.113485846020932
"212180",4.130176907555,1.15642428498624,2.05311498489557,-0.896690699909332,-2.97375262256876,-2.07706192265943
"119527",0.122362618590294,0.210848279711518,0.170316284688245,0.0405319950232725,0.0884856611212237,0.0479536660979512
"109076",0.516064707046534,0.557077529524076,0.538929606408568,0.0181479231155074,0.0410128224775416,0.0228648993620342
"512789",0.0729650243731743,0.183439381011803,0.130390329555858,0.0530490514559449,0.110474356638629,0.0574253051826839
"362829",0.0908945462968017,0.112840141794421,0.10249483243071,0.0103453093637114,0.0219455954976194,0.0116002861339079
"253997",3.46239724509001,0.506557443770067,3.46239724509001,-2.95583980131994,-2.95583980131994,0
"126758",0.229503148095209,0.150160361035689,0.186278715167785,-0.0361183541320959,-0.0793427870595194,-0.0432244329274236
"188934",1.35732387415439,1.00246577873164,1.14059713376292,-0.138131355031279,-0.354858095422749,-0.21672674039147
"341721",0.988777089483985,0.552551480885404,0.724057202552347,-0.171505721666943,-0.436225608598581,-0.264719886931638
"406851",0.338728491675118,0.350690603749395,0.34606631484793,0.00462428890146505,0.0119621120742769,0.0073378231728119
"243217",0.0441056582891085,0.180531680086561,0.118397218197054,0.0621344618895071,0.136426021797453,0.0742915599079454
"487422",0.770899656251689,0.494827280641531,0.598426342797303,-0.103599062155772,-0.276072375610158,-0.172473313454386
"394158",0.0825472647714734,0.1798670639631,0.133985260988751,0.0458818029743484,0.0973197991916262,0.0514379962172778
"111617",0.276617331938267,0.387874849029427,0.331681960654307,0.0561928883751201,0.111257517091159,0.0550646287160392
"204303",3.83604624944524,1.74517534985754,2.4563478262958,-0.711172476438259,-2.0908708995877,-1.37969842314944
"467473",1.47691835610383,0.760235503377309,1.03928973890617,-0.279054235528865,-0.716682852726521,-0.437628617197656
"73545",4.20721777824794,1.2407533253711,2.171525753217,-0.930772427845902,-2.96646445287685,-2.03569202503095
"411952",0.313202891819429,0.230710792692358,0.271963386445749,-0.0412525937533915,-0.082492099127071,-0.0412395053736795
"61423",0.138797176527292,0.355658171305608,0.242158333298216,0.113499838007392,0.216860994778315,0.103361156770924
"182037",0.067693741985684,0.236645180498833,0.156113406927681,0.0805317735711518,0.168951438513149,0.0884196649419974
"398439",5.37035416187483,1.04927771547021,5.37035416187483,-4.32107644640462,-4.32107644640462,0
"499747",4.87748826217043,1.05569380640457,2.22711023100229,-1.17141642459772,-3.82179445576586,-2.65037803116813
"318594",0.0702141432550348,0.126359771722976,0.0981805868246405,0.028179184898335,0.0561456284679408,0.0279664435696058
"579261",0.116824162042877,0.350762822438386,0.261123211903359,0.0896396105350274,0.23393866039551,0.144299049860482
"143062",2.73044091007727,2.66935935669862,2.69243075142416,-0.0230713947255454,-0.0610815533786573,-0.0380101586531119
"529389",5.57661081522488,2.68808796961771,3.5613575832895,-0.873269613671798,-2.88852284560717,-2.01525323193538
"367871",0.0916971250387375,0.0823942511223811,0.0868941082650759,-0.00449985714269475,-0.00930287391635633,-0.00480301677366157
"272983",1e-08,0.171951599485524,0.107801166911253,0.0641504325742713,0.171951589485524,0.107801156911253
"152444",0.111207899817789,0.198110388615516,0.156370935804193,0.0417394528113232,0.0869024887977273,0.0451630359864041
"171961",2.46923259544936,1.07410354061604,1.56736483425592,-0.493261293639872,-1.39512905483332,-0.901867761193448
"245522",0.183217718687062,0.153067540183256,0.168084172171703,-0.0150166319884462,-0.0301501785038053,-0.0151335465153591
"432643",0.320741849806811,0.464630901904468,0.401924350710485,0.0627065511939831,0.143889052097656,0.0811825009036732
"56361",0.0831560108591727,0.206297443049516,0.148821493959236,0.05747594909028,0.123141432190344,0.0656654831000637
"476077",0.927781322783443,0.3922669947673,0.581615373054255,-0.189348378286955,-0.535514328016143,-0.346165949729187
"339182",1.45719706529585,1.00650746600836,1.1853377896965,-0.178830323688141,-0.45068959928749,-0.271859275599349
"390518",0.00675910602731832,0.10159864601582,0.0575640069938583,0.0440346390219619,0.0948395399885019,0.05080490096654
"532167",0.997561218220774,0.528388334783017,0.71192516028936,-0.183536825506343,-0.469172883437758,-0.285636057931414
"572125",0.0204433318017992,0.145928995776211,0.0845167962993038,0.0614121994769071,0.125485663974412,0.0640734644975046
"31771",3.31811891826246,0.621052947180271,3.31811891826246,-2.69706597108219,-2.69706597108219,0
"292337",0.938950091005457,0.781417564371628,0.849549217930121,-0.0681316535584927,-0.157532526633829,-0.0894008730753364
"65788",0.270192129587455,0.314116127290207,0.292545310044155,0.0215708172460523,0.0439239977027523,0.0223531804567
"153918",0.0292147792353884,0.0621414042112486,0.0463587260663761,0.0157826781448725,0.0329266249758602,0.0171439468309876
"24261",0.336134872352704,0.615934842661841,0.486168576711052,0.129766265950789,0.279799970309137,0.150033704358348
"54043",0.0482432102143793,0.189976184553148,0.121330685703998,0.0686454988491502,0.141732974338769,0.0730874754896189
"420113",0.0495813797155319,0.122453523367374,0.0855565846155795,0.0368969387517947,0.0728721436518423,0.0359752049000476
"94313",1.59166529240667,0.938178430082179,1.20054863003491,-0.262370199952735,-0.653486862324493,-0.391116662371758
"514453",0.0425788847978708,0.128615669958701,0.0862433603351928,0.0423723096235084,0.0860367851608305,0.0436644755373221
"127377",0.245195160682976,0.382461602459006,0.311081790750349,0.0713798117086574,0.13726644177603,0.0658866300673724
"374242",0.367079212582544,0.429715621023572,0.40330489073159,0.0264107302919821,0.0626364084410284,0.0362256781490463
"49537",0.841170074804431,0.582229057102106,0.683925003502889,-0.101695946400783,-0.258941017702326,-0.157245071301543
"444036",0.661641934813263,0.318353312869966,0.496857240006766,-0.1785039271368,-0.343288621943298,-0.164784694806498
"315482",0.128692220491897,0.351583886886382,0.266026465140216,0.085557421746166,0.222891666394485,0.137334244648319
"432904",0.169538507986727,0.130827625782302,0.147986732261074,-0.0171591064787723,-0.0387108822044246,-0.0215517757256523
"268098",0.117414748662678,0.299185004935573,0.212189324957763,0.0869956799778102,0.181770256272895,0.0947745762950846
"190408",0.15607665679163,0.207730650477196,0.182614083790202,0.0251165666869942,0.0516539936855661,0.026537426998572
"315255",3.12208161853362,0.688436444292446,1.49092949489281,-0.802493050600367,-2.43364517424118,-1.63115212364081
"191846",0.661216632554182,0.281824221030814,0.432000924330285,-0.150176703299471,-0.379392411523368,-0.229215708223897
"295917",0.33943340649305,0.461447455878473,0.407424182242371,0.0540232736361019,0.122014049385422,0.0679907757493204
"111523",1.08095879074113,0.400525347294298,0.649215810922662,-0.248690463628364,-0.680433443446828,-0.431742979818464
"136110",10,2.84524711712609,4.58242254077425,-1.73717542364817,-7.15475288287391,-5.41757745922575
"215349",3.89191526181954,1.42682807469628,2.21614034829357,-0.78931227359729,-2.46508718712326,-1.67577491352597
"76229",2.22364157857805,0.650884615027977,1.11393520194076,-0.463050586912785,-1.57275696355008,-1.10970637663729
"80625",0.487657188699017,0.554380604473402,0.523437421605772,0.0309431828676294,0.066723415774385,0.0357802329067556
"156421",0.277027743822358,0.186318882985312,0.232738351365063,-0.046419468379751,-0.0907088608370456,-0.0442893924572946
"515712",1e-08,0.276027518244995,0.156112411108642,0.119915107136353,0.276027508244995,0.156112401108642
"164123",0.311961421987706,0.485924811832076,0.394454041835517,0.0914707699965593,0.17396338984437,0.082492619847811
"453853",0.160050925496297,0.426218481849417,0.289815206797115,0.136403275052303,0.26616755635312,0.129764281300818
"566622",0.704566636644921,0.535159749766149,0.6142858138821,-0.0791260641159512,-0.169406886878772,-0.0902808227628206
"84869",1.8316072038933,0.659743818130295,1.09999016980757,-0.44024635167727,-1.171863385763,-0.731617034085732
"265445",1.4470989262182,0.840671899411481,1.06585857363369,-0.225186674222213,-0.606427026806719,-0.381240352584506
"425397",0.0945618569568681,0.181529086755146,0.143298773615321,0.0382303131398248,0.0869672297982776,0.0487369166584528
"383938",0.22361482829583,0.321023384008596,0.273675006002502,0.0473483780060933,0.0974085557127658,0.0500601777066725
"310285",0.644958783380623,0.549774167616806,0.593620470084262,-0.0438463024674558,-0.0951846157638168,-0.051338313296361
"97107",0.507764935997041,0.544036208736246,0.527845071983228,0.0161911367530188,0.0362712727392055,0.0200801359861867
"124885",1.8578115433446,1.54169276079327,1.65947240993589,-0.117779649142621,-0.316118782551333,-0.198339133408712
"433473",0.801413532327648,0.885913579626473,0.849207448171842,0.0367061314546306,0.0845000472988252,0.0477939158441946
"516232",1.43800649888839,0.908009250245985,1.10966153906844,-0.201652288822457,-0.529997248642403,-0.328344959819946
"355918",0.202270882894657,0.288351495812531,0.248155243090855,0.0401962527216758,0.0860806129178739,0.0458843601961982
"275119",0.684348443402689,0.28888023509607,0.458440949359379,-0.16956071426331,-0.39546820830662,-0.22590749404331
"533025",0.291614985554052,0.336638617741694,0.314185779816531,0.0224528379251624,0.0450236321876413,0.0225707942624789
"152739",0.0443378929189025,0.334675211000872,0.20024062106164,0.134434589939232,0.290337318081969,0.155902728142738
"310034",0.0200656904357141,0.0465663238814715,0.0341324790580436,0.0124338448234279,0.0265006334457574,0.0140667886223295
"476619",0.0580332922346715,0.155314935301802,0.107637192643339,0.0476777426584633,0.0972816430671305,0.0496039004086672
"212311",0.66330965720832,0.692867396956024,0.68150928470598,0.0113581122500438,0.0295577397477034,0.0181996274976596
"529762",2.25049757394787,1.27811014805814,1.64319486346823,-0.365084715410094,-0.972387425889732,-0.607302710479639
"107782",1e-08,0.107998232411945,0.0582170466141871,0.049781185797758,0.107998222411945,0.0582170366141871
"170725",1.35428439836413,0.733119609895999,1.01328932828414,-0.280169718388143,-0.621164788468135,-0.340995070079992
"33946",0.185724961755751,0.23422321602546,0.211047225761861,0.0231759902635991,0.0484982542697085,0.0253222640061094
"573960",0.715346145837872,1.1635852406435,0.993617182021851,0.169968058621645,0.448239094805623,0.278271036183978
"440830",1.51209814851571,0.738790485291534,1.0249065848798,-0.286116099588262,-0.773307663224178,-0.487191563635916
"55068",0.82618109038265,0.90003698020763,0.867983389835335,0.0320535903722954,0.07385588982498,0.0418022994526847
"486356",0.047115913013493,0.138816397496069,0.0922442497571686,0.0465721477389005,0.0917004844825761,0.0451283367436756
"52090",0.0557166708538923,0.26418525829142,0.169780906991151,0.0944043513002689,0.208468587437528,0.114064236137259
"255979",0.42900636327894,0.742509489624397,0.586339037600806,0.156170452023591,0.313503126345457,0.157332674321866
"139487",0.669563591180373,0.845765295489991,0.772063229369772,0.0737020661202188,0.176201704309618,0.102499638189399
"321003",0.292231092859862,0.369229497884823,0.339029630545311,0.0301998673395114,0.0769984050249607,0.0467985376854493
"8306",0.09243582230152,0.289006755797688,0.223118950782188,0.0658878050155002,0.196570933496168,0.130683128480668
"112010",0.463775243134498,0.396604441581633,0.426539852257011,-0.0299354106753777,-0.0671708015528645,-0.0372353908774868
"365229",0.0170878325914151,0.119565456465685,0.0685663103116623,0.0509991461540231,0.10247762387427,0.0514784777202472
"114705",1.01354689611379,1.0109362079934,1.01200241136586,-0.00106620337245245,-0.00261068812038845,-0.001544484747936
"86724",5.85541494546893,2.18669543645362,3.19804577209456,-1.01135033564095,-3.66871950901532,-2.65736917337437
"232502",0.0978987851548246,0.130923802908604,0.115929558102217,0.0149942448063867,0.0330250177537792,0.0180307729473926
"333659",3.85891108584808,0.702946266642855,3.85891108584808,-3.15596481920522,-3.15596481920522,0
"118885",0.0631119155036149,0.0820053684389744,0.0732696266453252,0.00873574179364923,0.0188934529353595,0.0101577111417103
"121467",1.53935810843725,0.896917816257805,1.14552798371605,-0.248610167458249,-0.642440292179449,-0.3938301247212
"350444",2.11322036348284,1.56531313365527,1.78130458378257,-0.2159914501273,-0.547907229827572,-0.331915779700272
"157933",1.41972612313208,0.853247471962829,1.06546969733892,-0.212222225376095,-0.566478651169252,-0.354256425793157
"422470",0.579411806774947,0.717781070404966,0.664243189627588,0.0535378807773784,0.138369263630019,0.084831382852641
"169505",3.05293481924746,0.733844014395186,1.51658817845711,-0.782744164061923,-2.31909080485227,-1.53634664079035
"181211",0.0376636575311982,0.218862887055494,0.126711808755677,0.0921510782998169,0.181199229524295,0.0890481512244784
"300668",0.241454717279411,0.711348548844686,0.48517924174086,0.226169307103826,0.469893831565275,0.243724524461449
"43790",0.0966867175029825,0.240930891724958,0.173560038061254,0.0673708536637039,0.144244174221976,0.0768733205582719
"481373",1.61622154429356,0.511075792921201,0.879811280800538,-0.368735487879337,-1.10514575137236,-0.736410263493024
"358168",0.17495669387257,0.227326780200508,0.203327057022005,0.0239997231785028,0.0523700863279374,0.0283703631494346
"368112",1.02802108902641,0.754620964040531,0.876443598699599,-0.121822634659068,-0.273400124985875,-0.151577490326808
"121610",1.40170076198517,0.168894140465052,1.40170076198517,-1.23280662152012,-1.23280662152012,0
"465935",2.2431591846814,1.28636983041609,1.63523262847195,-0.348862798055864,-0.956789354265313,-0.607926556209449
"502797",0.166991979446325,0.0644463377020173,0.111357466529327,-0.0469111288273099,-0.102545641744308,-0.0556345129169982
"141837",0.104387958906991,0.375415111689522,0.235126167292058,0.140288944397464,0.271027152782531,0.130738208385067
"517946",4.09981252360261,1.66968308280913,2.49191355940847,-0.822230476599338,-2.43012944079348,-1.60789896419414
"260181",0.127297312839994,0.182622693937987,0.156522822825638,0.0260998711123487,0.0553253810979924,0.0292255099856437
"404393",0.256022088927144,0.315728384162068,0.286512161054978,0.0292162231070908,0.0597062952349241,0.0304900721278333
"495939",1e-08,0.0877056203590802,0.0456168585112394,0.0420887618478408,0.0877056103590802,0.0456168485112394
"25112",0.281071967823805,0.516437893558338,0.414341936332549,0.102095957225789,0.235365925734533,0.133269968508745
"22837",0.328348622740724,0.633071066130257,0.464050106418073,0.169020959712184,0.304722443389533,0.135701483677349
"145239",0.70094796766055,0.325186125267817,0.440892774658726,-0.115706649390908,-0.375761842392733,-0.260055193001825
"94556",2.03361093052752,0.682144653893036,1.20192871637645,-0.519784062483418,-1.35146627663448,-0.831682214151066
"307864",0.0257927584536251,0.0706809711088081,0.04957677447193,0.0211041966368781,0.044888212655183,0.0237840160183049
"272745",1.11020420495187,0.542911829696121,0.776151274174339,-0.233239444478218,-0.567292375255747,-0.334052930777529
"490364",0.0406569718330643,0.266730826504902,0.154638245669766,0.112092580835136,0.226073854671838,0.113981273836702
"305592",0.324115248289808,0.425000187436247,0.37175445752126,0.0532457299149871,0.100884939146439,0.0476392092314518
"351099",0.548675271829423,1.03218012806079,0.822337621627149,0.209842506433644,0.483504856231369,0.273662349797726
"433422",0.0939721864873304,0.200548527483492,0.147458513878779,0.0530900136047135,0.106576340996162,0.0534863273914485
"30291",0.147321108871183,0.156681128720016,0.152486988920563,0.0041941397994536,0.00936001984883328,0.00516588004937968
"466273",0.186403040914153,0.355865109983023,0.267905435318872,0.0879596746641512,0.169462069068871,0.0815023944047196
"381918",1.60700502878907,0.371617721936225,0.730949503789289,-0.359331781853064,-1.23538730685284,-0.876055524999779
"37827",0.368351032112576,0.419217675449035,0.397696085317152,0.0215215901318834,0.0508666433364595,0.029345053204576
"387349",0.27018758127711,0.674427711853125,0.451036163107703,0.223391548745422,0.404240130576015,0.180848581830593
"563280",0.298499529256506,0.225697122094457,0.259778004195808,-0.034080882101351,-0.0728024071620483,-0.0387215250606973
"44219",5.47778921385463,2.66395362484232,3.1407395769291,-0.476785952086778,-2.81383558901231,-2.33704963692553
"502686",1.16252207811159,0.235638928265892,0.525495097423875,-0.289856169157983,-0.926883149845695,-0.637026980687712
"228672",1.05410430915031,0.547595398112701,0.755970604520045,-0.208375206407344,-0.506508911037612,-0.298133704630268
"225225",0.178778069163808,0.363633480937771,0.269144964344014,0.0944885165937569,0.184855411773963,0.0903668951802062
"60231",2.27453576979282,0.421131549328973,2.27453576979282,-1.85340422046384,-1.85340422046384,0
"172821",0.0853135118049914,0.0586233222749402,0.0712844391532602,-0.01266111687832,-0.0266901895300512,-0.0140290726517312
"372829",0.822462316482446,0.338591778182762,0.551475284517412,-0.212883506334651,-0.483870538299684,-0.270987031965034
"541167",1.59742703511588,1.39088445422985,1.46421871248917,-0.0733342582593186,-0.206542580886028,-0.13320832262671
"138565",3.01567993620743,0.70993087289225,1.48026493389638,-0.770334061004129,-2.30574906331518,-1.53541500231105
"89960",0.199850662696367,0.427365482164292,0.312181863438009,0.115183618726283,0.227514819467924,0.112331200741642
"475574",0.39790070138093,0.316954940678807,0.347584743430494,-0.0306298027516869,-0.0809457607021237,-0.0503159579504368
"120460",0.142799899627005,0.162900972644501,0.153846820994242,0.00905415165025938,0.0201010730174964,0.011046921367237
"167154",0.188364630713076,0.291752210464691,0.251555452263953,0.0401967582007384,0.103387579751615,0.0631908215508769
"196444",0.34977034591056,0.616196790186242,0.491745020563446,0.124451769622796,0.266426444275682,0.141974674652886
"54702",5.8684714675038,2.23255384132642,3.24148419539646,-1.00893035407004,-3.63591762617738,-2.62698727210733
"245548",0.510547818814843,0.438122465292706,0.470177203433607,-0.0320547381409009,-0.0724253535221369,-0.0403706153812359
"38425",0.288958812710621,0.226863422094413,0.255040025722487,-0.0281766036280738,-0.0620953906162082,-0.0339187869881344
"38581",1.74142997092609,0.783432219902651,1.16295993232737,-0.379527712424719,-0.957997751023443,-0.578470038598723
"403074",0.0515104469621367,0.121250805483009,0.0866566334427465,0.034594172040262,0.0697403585208718,0.0351461864806098
"260047",0.0941034069102401,0.18969406804053,0.146175979299232,0.0435180887412978,0.0955906611302896,0.0520725723889918
"92424",1.18040324784963,0.382898366441268,0.683300007001823,-0.300401640560556,-0.79750488140836,-0.497103240847804
"489690",0.141086458546914,0.211227077646441,0.179941908609323,0.0312851690371182,0.070140619099527,0.0388554500624089
"209742",2.12022672489498,1.41566934548358,1.68315433348003,-0.267484987996445,-0.704557379411398,-0.437072391414953
"570378",0.907536964842226,0.55292773671383,0.693947959553244,-0.141020222839415,-0.354609228128396,-0.213589005288982
"442137",2.56650735966284,1.05059028123737,1.58597429610958,-0.535384014872211,-1.51591707842547,-0.980533063553258
"497786",0.604508154583952,0.875609853961582,0.737425725051705,0.138184128909877,0.271101699377631,0.132917570467753
"187012",3.84182048866259,1.55137446044047,2.30231221607109,-0.750937755630621,-2.29044602822212,-1.5395082725915
"287307",0.160180368161221,0.170823118560977,0.166076540555892,0.0047465780050856,0.0106427503997567,0.00589617239467113
"165388",0.571155417125759,0.868872897020333,0.716790088226815,0.152082808793518,0.297717479894573,0.145634671101055
"7047",0.578953699876905,0.652719519647813,0.625530922995881,0.027188596651932,0.0737658197709079,0.0465772231189759
"447471",0.129203578275466,0.223552459701437,0.176555773971679,0.0469966857297578,0.0943488814259708,0.0473521956962129
"370183",0.599550211048862,0.535860861133782,0.558303146070624,-0.0224422849368421,-0.0636893499150799,-0.0412470649782378
"161640",0.0654491748839393,0.250450113504455,0.162324604223686,0.0881255092807681,0.185000938620515,0.0968754293397471
"364757",0.117738262768,0.358705594213053,0.237908749798051,0.120796844415002,0.240967331445053,0.120170487030052
"231742",0.0165136482621489,0.0624005337793507,0.0390798846169657,0.023320649162385,0.0458868855172018,0.0225662363548168
"173089",1e-08,0.164897245707847,0.0941178072579275,0.0707794384499194,0.164897235707847,0.0941177972579275
"7564",0.0274685500306631,0.165417200167079,0.100377741232802,0.0650394589342771,0.137948650136416,0.0729091912021389
"164082",1.97628017160016,1.02223695392914,1.42727831039067,-0.405041356461529,-0.954043217671021,-0.549001861209493
"108389",0.111328183342239,0.392654954518747,0.25869444456239,0.133960509956357,0.281326771176508,0.147366261220151
"131490",0.857929434079042,0.450391305760375,0.595019575048428,-0.144628269288054,-0.407538128318668,-0.262909859030614
"337341",0.464336693199309,0.666846671428235,0.572350662576217,0.0944960088520177,0.202509978228926,0.108013969376908
"119118",0.0486590781054818,0.118214233137168,0.0879702148916762,0.0302440182454916,0.0695551550316861,0.0393111367861944
"522417",0.0426267571194251,0.0932659799911997,0.0680320912314886,0.0252338887597111,0.0506392228717746,0.0254053341120635
"315644",0.104726221107598,0.137761227994851,0.121758304080886,0.0160029239139647,0.0330350068872524,0.0170320829732877
"80331",0.539506327277779,0.56717670957498,0.557758748743857,0.00941796083112212,0.0276703822972009,0.0182524214660787
"208297",0.744402006933574,0.89949889156997,0.831917793617286,0.0675810979526846,0.155096884636396,0.0875157866837118
"553628",4.69929328689037,1.1424829434635,2.25047003015327,-1.10798708668977,-3.55681034342687,-2.4488232567371
"327941",0.118822745796144,0.269330565220087,0.198014728398091,0.0713158368219955,0.150507819423943,0.0791919826019477
"230749",0.442780572656675,0.496572877162023,0.473397130831679,0.0231757463303438,0.0537923045053476,0.0306165581750037
"337267",0.0841702280054931,0.176769917708151,0.129673258882077,0.047096658826074,0.0925996897026581,0.0455030308765841
"320979",0.0446047077924317,0.182918069707235,0.115375437426042,0.0675426322811929,0.138313361914803,0.0707707296336102
"329118",2.86464958006416,1.57601125047618,2.00156697849764,-0.425555728021466,-1.28863832958798,-0.863082601566518
"534399",1.15786966494619,0.604834920111424,0.841209839893261,-0.236374919781837,-0.553034744834771,-0.316659825052934
"81393",0.111974550091751,0.067889034624048,0.0861268583780648,-0.0182378237540168,-0.0440855154677034,-0.0258476917136866
"557758",0.0420720591704405,0.0839305016756782,0.063393086372336,0.0205374153033422,0.0418584425052376,0.0213210272018955
"225447",0.705351403505769,0.591390185328281,0.646588735275221,-0.0551985499469407,-0.113961218177489,-0.058762668230548
"60992",0.905664675043942,0.784180563962184,0.837677532406348,-0.0534969684441639,-0.121484111081758,-0.0679871426375942
"23469",1e-08,0.102863026733978,0.0509079988204285,0.0519550279135492,0.102863016733978,0.0509079888204285
"39370",4.46202093790658,1.0347341655433,2.06683557630532,-1.03210141076202,-3.42728677236328,-2.39518536160126
"4126",1.546459948367,0.828599836317444,1.10361625753108,-0.275016421213634,-0.71786011204956,-0.442843690835926
"81394",0.296152297413532,0.206220791011562,0.246570997658149,-0.0403502066465866,-0.0899315064019693,-0.0495812997553828
"246880",1.0631130200858,0.69808813758737,0.855193929470367,-0.157105791882997,-0.365024882498434,-0.207919090615437
"141185",0.13652092390988,0.263883233814273,0.198922593725907,0.0649606400883661,0.127362309904393,0.0624016698160273
"336930",0.846062942966382,0.281895163206412,0.523438185704892,-0.241543022498481,-0.56416777975997,-0.32262475726149
"300276",1.02389539975984,0.723417671989728,0.85599838452409,-0.132580712534362,-0.300477727770115,-0.167897015235753
"391034",0.19269840365327,0.421703475334633,0.325099978043687,0.0966034972909457,0.229005071681363,0.132401574390418
"557934",0.468712165142401,0.318794924507298,0.376542076071947,-0.0577471515646495,-0.149917240635104,-0.0921700890704543
"177158",0.0615029084878947,0.153428311975685,0.105965448981345,0.04746286299434,0.0919254034877905,0.0444625404934505
"427796",0.912442077561446,0.323836596430646,0.583501549240624,-0.259664952809977,-0.5886054811308,-0.328940528320822
"471343",2.12467162337267,0.718163287462702,1.27205502707324,-0.553891739610541,-1.40650833590997,-0.852616596299424
"323179",1e-08,0.139003478478396,0.0792479149933632,0.0597555634850328,0.139003468478396,0.0792479049933632
"9787",0.00857331085453905,0.0688715943734979,0.0440650803411336,0.0248065140323642,0.0602982835189588,0.0354917694865946
"475400",0.55215523055381,0.176650641329941,0.31178667968919,-0.13513603835925,-0.37550458922387,-0.24036855086462
"101201",0.243423672256177,0.37123351480333,0.317572856106363,0.0536606586969675,0.127809842547153,0.0741491838501858
"547291",1.49860213264814,1.24199051039499,1.35314992604471,-0.111159415649725,-0.256611622253158,-0.145452206603434
"304568",5.27554275003101,1.110304698118,2.43665272709209,-1.3263480289741,-4.16523805191301,-2.83889002293892
"22728",0.148094160515913,0.101374073995177,0.124520354176441,-0.023146280181264,-0.0467200865207359,-0.0235738063394719
"382699",10,3.34897169988505,4.92096431402586,-1.57199261414081,-6.65102830011495,-5.07903568597414
"308359",1.63126220306438,1.16513364282591,1.36328709867788,-0.198153455851971,-0.466128560238471,-0.2679751043865
"3429",8.01988014598545,1.22531665737656,8.01988014598545,-6.79456348860889,-6.79456348860889,0
"239704",0.680935841191844,0.74342831941769,0.718166420444556,0.0252618989731338,0.062492478225846,0.0372305792527122
"120549",0.0884356722425697,0.171153886692546,0.133803199549315,0.0373506871432313,0.0827182144499766,0.0453675273067453
"527021",2.13215853999189,0.427770234449187,1.01410353894648,-0.586333304497289,-1.70438830554271,-1.11805500104542
"261487",0.265750207504145,0.344776190717579,0.314290545009564,0.0304856457080147,0.0790259832134335,0.0485403375054188
"134697",1.20330893383978,0.809406564560763,0.948067536074122,-0.138660971513359,-0.39390236927902,-0.255241397765661
"351590",0.0159858927857105,0.102117729104226,0.0600116212044749,0.0421061078997513,0.0861318363185157,0.0440257284187644
"228090",2.5170004786255,0.952715791033605,1.48282328311326,-0.530107492079651,-1.5642846875919,-1.03417719551225
"529748",0.0825316169421417,0.108472749974167,0.0960080367810879,0.0124647131930795,0.0259411330320257,0.0134764198389462
"57440",0.158837800288279,0.304588558029134,0.229983644264534,0.0746049137645995,0.145750757740855,0.0711458439762551
"129496",0.405350194472255,0.419934501175473,0.414045918489652,0.00588858268582138,0.0145843067032186,0.00869572401739727
"554985",0.106718543800723,0.0839380579372329,0.0953399539062069,-0.011401895968974,-0.0227804858634903,-0.0113785898945163
"461365",0.941530881682632,0.664002246152074,0.780192322360498,-0.116190076208424,-0.277528635530558,-0.161338559322134
"552698",4.25173510682449,1.0342049007473,2.00245247537002,-0.968247574622724,-3.21753020607719,-2.24928263145447
"487926",1.60869852209981,0.722695395742797,1.04975457283128,-0.327059177088483,-0.886003126357009,-0.558943949268526
"513835",6.716707096477,1.68781984183872,2.99965196222706,-1.31183212038835,-5.02888725463828,-3.71705513424993
"97845",0.188926100757343,0.397142532060627,0.287898224120399,0.109244307940227,0.208216431303284,0.0989721233630564
"196510",3.09223931539322,1.71122435184582,2.19232110591527,-0.481096754069454,-1.3810149635474,-0.899918209477947
"239061",1.41496084837975,0.796643383136083,1.02209721138199,-0.225453828245909,-0.618317465243666,-0.392863636997757
"40236",0.0841287184924881,0.170558650023541,0.133632821201342,0.0369258288221991,0.0864299315310532,0.049504102708854
"16715",2.22244342518919,1.19107920194062,1.56402786275744,-0.372948660816818,-1.03136422324856,-0.658415562431746
"533500",0.358068245559918,0.411826218658418,0.387470626979648,0.0243555916787704,0.0537579730985006,0.0294023814197302
"179741",0.126455276590963,0.118655956779521,0.122515809529826,-0.00385985275030509,-0.00779931981144161,-0.00393946706113651
"361198",0.0843040839468853,0.330896800789584,0.205996519734412,0.124900281055171,0.246592716842699,0.121692435787527
"345806",0.393196479083281,0.756625346101564,0.575799405246803,0.180825940854761,0.363428867018282,0.182602926163522
"223496",1.13011522281116,0.503853373084423,0.700246728753821,-0.196393355669397,-0.626261849726736,-0.429868494057338
"147982",0.38236065425282,0.441699695454061,0.411461335286197,0.030238360167864,0.059339041201241,0.029100681033377
"171793",0.157097449809921,0.231495967236944,0.196567392862787,0.0349285743741573,0.0743985174270233,0.039469943052866
"407465",6.14297830756994,2.10990362312988,3.27110997812105,-1.16120635499117,-4.03307468444006,-2.87186832944888
"62684",0.300454943478836,0.302989835186714,0.3019833622701,0.00100647291661354,0.00253489170787752,0.00152841879126397
"433783",1.64735445177474,0.786960381048138,1.11687639306742,-0.329916012019279,-0.8603940707266,-0.530478058707322
"243183",0.0324004082615783,0.128792725296648,0.0814048157609553,0.0473879095356929,0.0963923170350699,0.049004407499377
"56315",0.224199091257944,0.155629340094622,0.186851119617569,-0.0312217795229469,-0.0685697511633223,-0.0373479716403754
"40367",0.0934505462212238,0.122471765773297,0.109206724234216,0.0132650415390808,0.0290212195520727,0.015756178012992
"65417",0.0823733773236508,0.0496375456631247,0.0648982176185688,-0.0152606719554441,-0.0327358316605262,-0.0174751597050821
"544553",0.13407373833833,0.495129173324324,0.333955722838651,0.161173450485673,0.361055434985994,0.199881984500321
"205417",0.0321310714411885,0.220904397171352,0.125458526341674,0.0954458708296775,0.188773325730163,0.0933274549004859
"384900",1.1556688882231,1.02016638111023,1.07187486447545,-0.0517084833652226,-0.135502507112873,-0.0837940237476507
"492904",1.02574701942715,0.640652192762361,0.800036175112462,-0.159383982350101,-0.38509482666479,-0.225710844314689
"298564",2.96354164605822,0.79519239333216,1.52714647745147,-0.731954084119311,-2.16834925272606,-1.43639516860675
"286440",0.17061530017286,0.285615408456128,0.228773402778264,0.0568420056778643,0.115000108283268,0.0581581026054041
"202588",1.73049872205345,1.03322148944545,1.32605536195274,-0.292833872507298,-0.697277232608005,-0.404443360100706
"301069",1.49795906147384,0.692027238361516,1.05765777955608,-0.36563054119456,-0.805931823112323,-0.440301281917763
"101955",0.173610984800255,0.460469164321436,0.312154799720964,0.148314364600472,0.286858179521181,0.138543814920709
"9935",1e-08,0.123198497989383,0.0671979978596791,0.056000500129704,0.123198487989383,0.0671979878596791
"243859",2.1165817866075,0.589099964115568,1.16435102661204,-0.575251062496472,-1.52748182249194,-0.952230759995465
"37296",0.672023582571761,0.603802874193082,0.636671398407701,-0.0328685242146185,-0.0682207083786781,-0.0353521841640596
"333263",0.434109292468303,0.166505384277679,0.295675956821901,-0.129170572544222,-0.267603908190624,-0.138433335646402
"572511",1.21332419293653,0.910438968969418,1.02259234037807,-0.11215337140865,-0.302885223967112,-0.190731852558462
"56025",0.153005133348926,0.15642139730216,0.154969510415354,0.00145188688680634,0.00341626395323424,0.00196437706642791
"7151",1.79356396903789,1.00435602564025,1.27963523386498,-0.275279208224726,-0.789207943397644,-0.513928735172917
"483654",0.21274286817417,0.324087636745463,0.270674393428928,0.0534132433165348,0.111344768571294,0.0579315252547587
"295882",0.130991623112712,0.204622351757943,0.169397599802719,0.0352247519552246,0.073630728645231,0.0384059766900064
"457848",0.177843263288836,0.323395481218991,0.252819756655224,0.070575724563767,0.145552217930155,0.074976493366388
"360627",0.0675169838833461,0.200524748832619,0.137074865079452,0.0634498837531671,0.133007764949273,0.0695578811961058
"60301",0.248430957601387,0.3750227273314,0.309693697597482,0.0653290297339172,0.126591769730013,0.0612627399960954
"54287",0.189083815400461,0.19474763393126,0.192389494054006,0.00235813987725358,0.00566381853079873,0.00330567865354514
"540170",0.357560881888054,0.603743981936117,0.492400901889141,0.111343080046975,0.246183100048063,0.134840020001087
"236042",0.515195318585659,0.474370080214187,0.491956060166577,-0.0175859799523902,-0.0408252383714721,-0.0232392584190819
"425236",0.0924542119075382,0.145771070047686,0.120357930065228,0.025413139982458,0.0533168581401476,0.0279037181576896
"278777",0.263257461821363,0.334025168511293,0.299264824946625,0.0347603435646687,0.0707677066899307,0.036007363125262
"458773",2.9474674171606,0.656425634868769,1.38542663351199,-0.729000998643218,-2.29104178229183,-1.56204078364861
"399538",0.0497064955791535,0.124291831426188,0.0921403998495413,0.0321514315766467,0.0745853358470344,0.0424339042703878
"70204",0.088044795223012,0.204776716883718,0.147417201202649,0.0573595156810691,0.116731921660706,0.0593724059796368
"291286",0.759448293201458,0.969187430088452,0.875766706668287,0.0934207234201654,0.209739136886994,0.116318413466829
"276432",0.246447086381788,0.741696378458671,0.493255867120707,0.248440511337964,0.495249292076883,0.246808780738919
"105759",10,4.89017588353123,7.87416384598634,-2.98398796245512,-5.10982411646877,-2.12583615401366
"258431",3.57617500945522,1.53333938646306,2.19950268126718,-0.666163294804123,-2.04283562299216,-1.37667232818804
"417335",10,2.74088530657521,4.93046872345609,-2.18958341688088,-7.25911469342479,-5.06953127654391
"418025",3.51507432409468,2.00786374554053,2.54092889181818,-0.533065146277645,-1.50721057855415,-0.974145432276505
"490581",2.16467199058206,0.919208174531694,1.34873360211592,-0.429525427584221,-1.24546381605037,-0.815938388466147
"72932",10,3.98425133166914,7.37290871129336,-3.38865737962422,-6.01574866833086,-2.62709128870664
"261709",1.99663915295421,1.12681878052406,1.42929236112562,-0.302473580601558,-0.869820372430149,-0.567346791828591
"284033",3.3058279904043,1.60327736143181,2.14119116700159,-0.537913805569778,-1.7025506289725,-1.16463682340272
"256639",0.254191060608461,0.326487002128243,0.290102445721977,0.0363845564062661,0.0722959415197825,0.0359113851135164
"285024",2.30866982933163,0.853628148740626,1.32875836458313,-0.475130215842508,-1.455041680591,-0.979911464748492
"109974",0.131578445630597,0.186713355809397,0.160846397471767,0.0258669583376305,0.0551349101787998,0.0292679518411693
"433175",0.774742818978136,0.325954216590387,0.515025302983234,-0.189071086392847,-0.448788602387749,-0.259717515994902
"416156",0.0728210747399818,0.230225199272301,0.158370125474146,0.0718550737981551,0.157404124532319,0.0855490507341638
"165679",4.04987449641255,1.24350902680351,2.10501891471299,-0.861509887909484,-2.80636546960905,-1.94485558169956
"440098",3.22103613005445,1.47203036896093,2.02983058796963,-0.557800219008702,-1.74900576109352,-1.19120554208482
"355369",0.336335155585177,0.312645522025115,0.323404893700775,-0.0107593716756598,-0.0236896335600627,-0.0129302618844028
"19917",0.0287924764666907,0.129695619789833,0.0800910224445583,0.0496045973452746,0.100903143323142,0.0512985459778677
"255639",0.534806463570051,0.296144979716831,0.393958501207439,-0.0978135214906083,-0.23866148385322,-0.140847962362612
"121640",0.683563057121377,0.564113538139071,0.620134200587803,-0.0560206624487323,-0.119449518982306,-0.0634288565335738
"196926",0.142550266698225,0.21721319426558,0.179965664368944,0.0372475298966362,0.0746629275673551,0.0374153976707189
"334966",0.984594203178688,1.00062511146434,0.99289813300575,0.00772697845858916,0.0160309082856512,0.00830392982706207
"568512",0.16205586916215,0.548632786784529,0.382365846348693,0.166266940435837,0.38657691762238,0.220309977186543
"403422",0.642092512867651,0.696110237493914,0.675379118417476,0.0207311190764375,0.0540177246262625,0.033286605549825
"83130",3.93261017514512,1.09015042022171,1.92290652421601,-0.832756103994301,-2.84245975492341,-2.0097036509291
"126748",0.0317905205366823,0.0428808699963035,0.037397283878458,0.00548358611784549,0.0110903494596212,0.00560676334177575
"226756",0.115727378463187,0.250775466593535,0.186871149100555,0.0639043174929804,0.135048088130348,0.0711437706373676
"87906",0.314550962401911,0.380077004936942,0.354053846423523,0.0260231585134185,0.0655260425350312,0.0395028840216127
"529488",0.506718597774291,0.337607380975484,0.407689966202535,-0.0700825852270511,-0.169111216798808,-0.0990286315717568
"43232",0.0621592989984015,0.0702224778954377,0.0663554054784723,0.00386707241696538,0.00806317889703619,0.00419610648007081
"474575",2.28851333253102,1.46139732676287,1.72022417219434,-0.25882684543147,-0.827116005768157,-0.568289160336687
"464823",1.39260037311529,1.01416680616028,1.16275262624196,-0.148585820081681,-0.378433566955013,-0.229847746873332
"316122",0.10046470398987,0.201992576882207,0.156732947685899,0.0452596291963079,0.101527872892337,0.0562682436960287
"287105",2.87920230868016,1.3801378410986,1.96953561246286,-0.589397771364263,-1.49906446758156,-0.9096666962173
"170057",0.313875414757282,0.172713161200576,0.217938871548007,-0.0452257103474309,-0.141162253556706,-0.0959365432092747
"511836",3.7498468838584,1.78496958179131,2.44879123984204,-0.663821658050731,-1.9648773020671,-1.30105564401636
"254677",0.266040393287592,0.551689072394819,0.400077452732743,0.151611619662076,0.285648679107227,0.134037059445151
"494159",0.435123359613141,0.622239857267993,0.532985141716731,0.0892547155512619,0.187116497654852,0.0978617821035901
"207308",0.0973202858701454,0.300736375006711,0.193012565556611,0.107723809450099,0.203416089136565,0.0956922796864658
"252549",0.385163829464172,0.322632526681461,0.348303172513282,-0.025670645831821,-0.062531302782711,-0.03686065695089
"379608",0.31541446925842,0.939919577732961,0.617654058787901,0.32226551894506,0.624505108474541,0.302239589529481
"85637",0.0570897508234767,0.167080512217391,0.118404649190827,0.0486758630265642,0.109990761393914,0.0613148983673503
"25308",2.92016051896846,0.505199398249078,2.92016051896846,-2.41496112071938,-2.41496112071938,0
"259129",0.0379508044870709,0.117281945888634,0.0783414500925573,0.0389404957960766,0.079331141401563,0.0403906456054864
"425122",5.2122362783947,0.795179785713016,5.2122362783947,-4.41705649268168,-4.41705649268168,0
"496329",0.642448290902595,0.37780608570336,0.490179370227176,-0.112373284523816,-0.264642205199234,-0.152268920675419
"178080",0.193747849061553,0.206506087823641,0.200196233091658,0.00630985473198226,0.0127582387620875,0.00644838403010525
"500735",0.702993178832432,0.66822106246603,0.682067466119803,-0.013846403653773,-0.0347721163664017,-0.0209257127126287
"189740",1e-08,0.0682300539977644,0.0331720172094893,0.035058036788275,0.0682300439977644,0.0331720072094893
"297745",4.13015699613871,1.55657707747015,2.41528782917192,-0.858710751701764,-2.57357991866856,-1.71486916696679
"177183",0.0123816520307856,0.109052737086958,0.0629431575953787,0.046109579491579,0.0966710850561722,0.0505615055645931
"71487",0.0256358934744645,0.0951882451194101,0.0661633197435604,0.0290249253758497,0.0695523516449456,0.0405274262690959
"311807",0.736217987307741,0.878599856514093,0.832938039044902,0.0456618174691912,0.142381869206352,0.0967200517371606
"574518",0.802300004949069,0.282348780239087,0.497305715534565,-0.214956935295478,-0.519951224709981,-0.304994289414504
"565926",1.26627669488066,0.533876735703885,0.761247214509479,-0.227370478805594,-0.732399959176771,-0.505029480371177
"198770",2.4979628824983,0.894962113193264,1.42245443221297,-0.527492319019702,-1.60300076930503,-1.07550845028533
"420240",0.492944736107899,0.251950527883606,0.344675750308576,-0.0927252224249699,-0.240994208224293,-0.148268985799323
"16432",0.126506699989213,0.287899889808258,0.205122309440524,0.0827775803677332,0.161393189819044,0.078615609451311
"242645",5.33013295958373,1.15075599933274,2.50178833664416,-1.35103233731142,-4.17937696025098,-2.82834462293957
"134101",0.398090412213613,0.397133036297982,0.397576784998665,-0.0004437487006832,-0.000957375915631553,-0.000513627214948353
"467646",2.26071552838541,2.37127096681246,2.34011277698821,0.031158189824247,0.110555438427048,0.0793972486028007
"22247",0.0766003755139162,0.203900310724954,0.146983069429654,0.0569172412953009,0.127299935211038,0.0703826939157374
"256912",0.13726908692993,0.24973864741793,0.195977394304279,0.0537612531136511,0.112469560488,0.0587083073743491
"58518",0.177282903667427,0.232630225141682,0.204907964507961,0.0277222606337205,0.0553473214742545,0.027625060840534
"411073",0.294948784176425,0.299463014847995,0.297045308449357,0.00241770639863809,0.00451423067157031,0.00209652427293222
"38008",0.0314656540606162,0.0319016521674026,0.0316818801971284,0.000219771970274216,0.000435998106786427,0.000216226136512211
"471710",2.88828620216993,0.979272078191069,1.66018249566356,-0.680910417472495,-1.90901412397886,-1.22810370650636
"249966",0.0177085918920405,0.0317696838727852,0.0248654483696116,0.00690423550317358,0.0140610919807447,0.00715685647757116
"426868",2.67828987521634,0.715132048686373,1.33246321447483,-0.617331165788454,-1.96315782652997,-1.34582666074152
"136304",1.36988921338601,1.07308530845104,1.19232256381225,-0.11923725536121,-0.296803904934969,-0.177566649573758
"82640",0.784519728372851,0.551691263304269,0.644483071150909,-0.0927918078466402,-0.232828465068583,-0.140036657221942
"355352",0.291630339806432,0.340320389244832,0.321871580181734,0.0184488090630974,0.0486900494384001,0.0302412403753027
"404093",0.185502926212873,0.296252835017769,0.246593324623103,0.0496595103946663,0.110749908804896,0.06109039841023
"121196",1.96049571748622,0.656179238789772,1.03567171990865,-0.379492481118883,-1.30431647869645,-0.924823997577571
"563709",1.21026178630142,0.671973936690974,0.904707044902877,-0.232733108211903,-0.538287849610446,-0.305554741398543
"125711",0.751784839869091,0.626072586553656,0.675622179894291,-0.0495495933406349,-0.125712253315434,-0.0761626599747993
"244848",0.0259098940098281,0.128560112228036,0.0779276070783482,0.0506325051496877,0.102650218218208,0.0520177130685201
"508620",2.54420354808669,1.57950797398175,1.88773174073009,-0.308223766748336,-0.964695574104943,-0.656471807356607
"135231",0.0209791464908898,0.0795503399187735,0.0502839643723241,0.0292663755464494,0.0585711934278838,0.0293048178814343
"494100",0.312170990569908,0.190398147474395,0.248137261558436,-0.0577391140840406,-0.121772843095513,-0.0640337290114722
"487429",0.817446143404867,0.709132299774469,0.753337328013201,-0.0442050282387323,-0.108313843630399,-0.0641088153916664
"139272",0.250379609173022,0.122763221855335,0.184156341721449,-0.0613931198661148,-0.127616387317687,-0.0662232674515724
"389605",0.484166184286527,0.518300225015851,0.503221515653373,0.0150787093624781,0.0341340407293237,0.0190553313668456
"367042",0.0302361805085498,0.0788176137386629,0.0575989500230542,0.0212186637156087,0.0485814332301131,0.0273627695145045
"121584",3.08887406427595,0.563038243322796,3.08887406427595,-2.52583582095315,-2.52583582095315,0
"575264",10,2.40494282375059,4.74410199212898,-2.33915916837839,-7.59505717624941,-5.25589800787102
"365809",1e-08,0.154407342958142,0.0875522785546183,0.0668550644035239,0.154407332958142,0.0875522685546183
"248951",0.646636710658947,0.700110679616249,0.679099719970209,0.0210109596460398,0.0534739689573015,0.0324630093112617
"333945",0.453244020736119,0.316727245008675,0.368547858854606,-0.0518206138459302,-0.136516775727444,-0.0846961618815133
"524064",0.634781912286276,0.788764955445778,0.726628685221615,0.0621362702241637,0.153983043159502,0.0918467729353383
"334160",1.95468340209283,0.730738506246288,1.20602727306032,-0.475288766814027,-1.22394489584654,-0.748656129032512
"28791",0.0710968254540245,0.191730070481521,0.136069076397903,0.0556609940836176,0.120633245027496,0.0649722509438787
"214075",0.0207897403999933,0.131415212487564,0.0777541195620506,0.0536610929255134,0.110625472087571,0.0569643791620573
"208639",0.551318512751007,0.82668436178655,0.71297095191464,0.11371340987191,0.275365849035544,0.161652439163634
"520277",2.70397935883882,0.738040406841448,1.36971629635528,-0.631675889513834,-1.96593895199737,-1.33426306248353
"203746",0.301590854265924,0.427441351004053,0.376515639515115,0.0509257114889378,0.125850496738129,0.0749247852491914
"73437",0.174087893869494,0.155271647930656,0.163705290685924,-0.00843364275526809,-0.0188162459388386,-0.0103826031835705
"240855",0.514033115533245,0.547110005079823,0.532150408203552,0.0149595968762718,0.0330768895465778,0.018117292670306
"315553",1.28095858893093,0.51277362572249,0.828066615147279,-0.315292989424789,-0.768184963208436,-0.452891973783647
"216739",0.220170460637529,0.303168114372877,0.273557551015248,0.0296105633576286,0.0829976537353478,0.0533870903777192
"508721",10,1.68470373705673,10,-8.31529626294327,-8.31529626294327,0
"316148",0.00291404569889807,0.0444668666809065,0.0259356829243578,0.0185311837565487,0.0415528209820084,0.0230216372254597
"210973",0.390008800556848,0.195587107708609,0.292280781856751,-0.0966936741481427,-0.194421692848239,-0.0977280187000963
"312217",0.768272848685925,0.507728251393637,0.602073570682669,-0.0943453192890314,-0.260544597292288,-0.166199278003257
"57242",2.49721846584027,1.11658728231071,1.60523037683332,-0.488643094522613,-1.38063118352957,-0.891988089006956
"386532",1.38775381713303,0.556586025111813,0.825904173726162,-0.269318148614349,-0.831167792021214,-0.561849643406866
"71698",5.75592611279327,1.94870943514593,2.51574569438011,-0.56703625923418,-3.80721667764734,-3.24018041841317
"433383",0.0377998925581792,0.0959013784686767,0.067111584182442,0.0287897942862346,0.0581014859104975,0.0293116916242628
"444815",2.81019664788129,2.00165559982754,2.27809529265222,-0.276439692824675,-0.808541048053745,-0.532101355229071
"69273",2.15625969832016,1.34776534913354,1.64261192807974,-0.294846578946193,-0.808494349186614,-0.513647770240422
"453774",1.75399241853071,0.709365438588475,1.10359881564754,-0.394233377059064,-1.04462697994224,-0.650393602883176
"563787",0.594811645182052,0.385928406152566,0.475331693462658,-0.0894032873100926,-0.208883239029487,-0.119479951719394
"130037",2.42601933487445,1.03549009107824,1.52556920187003,-0.490079110791783,-1.3905292437962,-0.90045013300442
"234209",0.239157953542131,0.395909415769287,0.3381577040186,0.0577517117506873,0.156751462227156,0.0989997504764683
"334196",0.37430516309611,0.294057614485808,0.333214197595965,-0.0391565831101569,-0.080247548610302,-0.0410909655001452
"322096",0.205931432668765,0.255663452882664,0.232179495324454,0.0234839575582093,0.0497320202138987,0.0262480626556894
"474241",1.44931678079286,0.845111250004231,1.07103464053657,-0.225923390532341,-0.604205530788626,-0.378282140256285
"170319",3.80218936217368,1.63568887542303,2.35159901339669,-0.715910137973659,-2.16650048675065,-1.45059034877699
"516295",3.69458392919248,1.87516412532042,2.49972623216883,-0.624562106848403,-1.81941980387205,-1.19485769702365
"172469",0.753524120731097,0.662755982253686,0.698443024938005,-0.0356870426843182,-0.0907681384774104,-0.0550810957930922
"254288",0.0481659719306636,0.318931012215437,0.195460606215666,0.123470405999771,0.270765040284774,0.147294634285002
"170957",0.848632180764382,0.636036361660878,0.719984304167619,-0.0839479425067414,-0.212595819103505,-0.128647876596763
"217157",0.956533495937387,0.951169708463234,0.953191327556656,-0.00202161909342191,-0.00536378747415289,-0.00334216838073098
"280211",0.989350225389637,0.64507962451012,0.789172302118319,-0.144092677608199,-0.344270600879517,-0.200177923271318
"230039",0.79177820378495,0.716442649547762,0.748123191072795,-0.0316805415250331,-0.0753355542371874,-0.0436550127121543
"231858",5.53710126516849,3.02173311800593,3.78887122961297,-0.767138111607041,-2.51536814716257,-1.74823003555553
"303282",10,3.57651418916562,5.2448037331352,-1.66828954396958,-6.42348581083438,-4.7551962668648
"455335",1.13468125963587,0.625415619615767,0.806973494291077,-0.18155787467531,-0.509265640020101,-0.327707765344792
"455683",0.0198812148915579,0.0819689804495957,0.0519546393865244,0.0300143410630713,0.0620877655580378,0.0320734244949665
"461586",0.579774017167117,0.840775730699678,0.733211131556421,0.107564599143257,0.261001713532561,0.153437114389304
"470466",0.130114693290789,0.212009923242139,0.172001366470802,0.0400085567713367,0.0818952299513498,0.0418866731800131
"477260",1.35133618136349,0.78816629238739,1.04503330472912,-0.256867012341729,-0.563169888976101,-0.306302876634373
"108409",0.0798955023108613,0.124282695716272,0.1031860608495,0.0210966348667719,0.0443871934054108,0.0232905585386389
"541687",0.789646521953407,0.504259977118346,0.611434470845778,-0.107174493727433,-0.285386544835062,-0.178212051107629
"364322",0.181708704358065,0.146587846480147,0.162348877360819,-0.0157610308806718,-0.0351208578779177,-0.0193598269972459
"533666",0.135222799495098,0.352444708349722,0.243578675031636,0.108866033318086,0.217221908854624,0.108355875536538
"28336",0.693274082955431,1.02489281893404,0.868715771350692,0.156177047583351,0.331618735978612,0.175441688395261
"215678",1.03791419802301,0.515301581469927,0.723090935567524,-0.207789354097597,-0.522612616553087,-0.31482326245549
"181124",0.277715748616939,0.372601444969966,0.324293699239193,0.0483077457307727,0.094885696353027,0.0465779506222543
"534712",5.31609808713201,0.779579407610029,5.31609808713201,-4.53651867952198,-4.53651867952198,0
"52693",0.190533947122032,0.385203223458671,0.282571439138324,0.102631784320347,0.194669276336639,0.0920374920162918
"8233",2.34379569581955,1.02004240280641,1.47249644424564,-0.452454041439227,-1.32375329301314,-0.87129925157391
"24847",0.32125052564241,0.907703328709522,0.5695932939886,0.338110034720922,0.586452803067112,0.24834276834619
"391713",1.44817056388429,0.638280506617293,0.916195834264475,-0.277915327647182,-0.809890057266999,-0.531974729619817
"169854",0.0423276300506206,0.207526780595854,0.136406678827302,0.0711201017685524,0.165199150545233,0.094079048776681
"85165",0.533488460049514,0.511970375278379,0.521879504657118,-0.00990912937873833,-0.0215180847711347,-0.0116089553923964
"495840",6.79284697414324,1.98934144287919,2.79106537506161,-0.801723932182415,-4.80350553126405,-4.00178159908163
"500126",1.76531214374511,0.5515580079705,0.972771216215062,-0.421213208244561,-1.21375413577461,-0.792540927530049
"77768",0.143061745883603,0.283795522375521,0.213959109837944,0.0698364125375766,0.140733776491917,0.0708973639543407
"54402",0.0636283883308933,0.202079018603134,0.137910481367557,0.0641685372355777,0.138450630272241,0.0742820930366632
"425839",0.437224566026836,0.715879447594715,0.577266454463843,0.138612993130872,0.278654881567878,0.140041888437007
"219200",0.398368471724246,0.428956649136169,0.416082451391953,0.0128741977442165,0.0305881774119234,0.0177139796677069
"365227",0.0200992993878401,0.0339337725834986,0.0272161218712219,0.00671765071227665,0.0138344731956584,0.0071168224833818
"29086",1.61119570795172,0.562767438668769,0.919324644057976,-0.356557205389207,-1.04842826928295,-0.691871063893744
"397053",0.344280212265704,0.191900811147466,0.261750548528521,-0.0698497373810548,-0.152379401118238,-0.0825296637371836
"428758",0.398491351987979,0.339130404943395,0.362856302585467,-0.0237258976420721,-0.0593609470445842,-0.0356350494025121
"191525",0.0688771111496942,0.123430254637296,0.097679759730914,0.0257504949063825,0.0545531434876023,0.0288026485812198
"66706",0.736063707635228,0.301771057537777,0.480631979379185,-0.178860921841407,-0.43429265009745,-0.255431728256043
"553098",0.449948439553772,0.738339763013704,0.595591436108402,0.142748326905302,0.288391323459932,0.14564299655463
"382016",0.529946951520781,0.205522978758242,0.326441867624442,-0.1209188888662,-0.324423972762539,-0.203505083896339
"254240",10,3.02298147602829,7.22564910905239,-4.2026676330241,-6.97701852397171,-2.77435089094761
"365416",10,3.02298147602829,7.22564910905239,-4.2026676330241,-6.97701852397171,-2.77435089094761
"530522",10,3.02298147602829,7.22564910905239,-4.2026676330241,-6.97701852397171,-2.77435089094761
"130431",0.555198326757622,0.470552499899324,0.508798133762798,-0.0382456338634737,-0.0846458268582975,-0.0464001929948238
"549963",0.145071104167935,0.299842821177399,0.22105187529708,0.0787909458803194,0.154771717009464,0.075980771129145
"490211",0.294522793731726,0.538746515047202,0.430960207147583,0.107786307899619,0.244223721315476,0.136437413415858
"308658",1.65837741098094,0.765618079371077,1.10458892207654,-0.338970842705464,-0.89275933160986,-0.553788488904396
"81577",2.75539103673984,0.890842294995055,1.52582770913603,-0.634985414140972,-1.86454874174479,-1.22956332760382
"466121",0.104865312761784,0.305242041774721,0.206894136694145,0.0983479050805762,0.200376729012937,0.102028823932361
"496217",0.0835445090058937,0.0854171209907249,0.0845092693465115,0.000907851644213323,0.00187261198483114,0.000964760340617821
"496674",1.06927804329012,1.16867626257709,1.12952347628253,0.0391527862945613,0.0993982192869718,0.0602454329924105
"99927",0.55250285105223,0.49226101225977,0.519560518009004,-0.0272995057492341,-0.0602418387924593,-0.0329423330432252
"293133",2.28863790606142,1.07865587245626,1.51398893281847,-0.435333060362213,-1.20998203360516,-0.774648973242951
"308826",2.00213552742543,1.17676334175031,1.47092563996587,-0.294162298215568,-0.825372185675125,-0.531209887459557
"439091",7.79504674369263,1.36174948025997,7.79504674369263,-6.43329726343267,-6.43329726343267,0
"152140",0.0798521521319859,0.145457921211203,0.113723169023669,0.031734752187534,0.0656057690792174,0.0338710168916834
"578035",0.101322641006565,0.171838013984935,0.136474716088306,0.0353632978966283,0.0705153729783696,0.0351520750817412
"507723",1.73695511262416,0.75837457937266,1.13243327268543,-0.374058693312775,-0.978580533251497,-0.604521839938722
"262722",0.215848531784647,0.229138953858389,0.222183126390133,0.00695582746825577,0.0132904220737419,0.0063345946054861
"61197",0.134836990042166,0.187930606202,0.162721965467661,0.0252086407343385,0.0530936161598338,0.0278849754254952
"522940",0.0854424579587869,0.0643959445642961,0.074660928125431,-0.0102649835611349,-0.0210465133944908,-0.010781529833356
"531985",0.209847439763762,0.0557198737330124,0.113234393321679,-0.057514519588667,-0.15412756603075,-0.0966130464420827
"397645",0.371927297021989,0.804794133078698,0.596131213930204,0.208662919148494,0.432866836056709,0.224203916908216
"215473",0.748337277224963,0.826379641891878,0.792887094750283,0.0334925471415946,0.0780423646669145,0.0445498175253199
"302388",0.00511848310647011,0.0746830465485964,0.0419601719649044,0.032722874583692,0.0695645634421263,0.0368416888584343
"39935",0.385865048263139,0.615115051286644,0.508150862500915,0.106964188785729,0.229250003023506,0.122285814237777
"50928",4.84691199139865,1.28127670505454,2.43858752396483,-1.1573108189103,-3.56563528634411,-2.40832446743381
"235171",0.70730537462534,0.425842606782521,0.553391813850533,-0.127549207068011,-0.281462767842818,-0.153913560774807
"464192",0.836373244276558,0.970802397246016,0.910587648231357,0.0602147490146594,0.134429152969458,0.0742144039547985
"308515",0.0695709660114764,0.187353755524806,0.128707856729981,0.0586458987948251,0.11778278951333,0.0591368907185046
"218006",0.00144149064701648,0.168199648791274,0.0962852817076665,0.0719143670836072,0.166758158144257,0.09484379106065
"568665",0.0280124726873662,0.0281949306377762,0.0281111207227868,8.38099149894217e-05,0.000182457950409987,9.86480354205656e-05
"489140",0.206559188849784,0.40917402608261,0.330337400483505,0.0788366255991052,0.202614837232826,0.12377821163372
"244788",2.30740385464546,0.509258801849902,1.1721678043876,-0.6629090025377,-1.79814505279556,-1.13523605025786
"540764",0.872464701271879,0.697747826408938,0.7714399724947,-0.0736921460857626,-0.174716874862941,-0.101024728777179
"275460",0.262104402098777,0.130715124228586,0.192995114459084,-0.0622799902304979,-0.131389277870191,-0.0691092876396931
"487925",0.606438064907899,0.812424678035053,0.727200935594377,0.0852237424406753,0.205986613127154,0.120762870686478
"357515",0.309601774168611,0.455582960178168,0.380401789984244,0.0751811701939236,0.145981186009556,0.0708000158156328
"365802",0.152528923993657,0.322643652255403,0.238721592474661,0.0839220597807426,0.170114728261746,0.0861926684810035
"408960",0.178085802931618,0.184773014881283,0.182883818976347,0.00188919590493683,0.0066872119496659,0.00479801604472907
"67969",0.0979925779963021,0.274734431481612,0.184903817593196,0.0898306138884161,0.17674185348531,0.0869112395968937
"301517",0.0324381672818915,0.136320986387615,0.090950287725665,0.0453706986619502,0.103882819105724,0.0585121204437735
"335064",0.455346357342587,0.318844388239339,0.37546550886738,-0.0566211206280403,-0.136501969103248,-0.0798808484752075
"44149",0.0644276336954692,0.127200995418981,0.0985570512345823,0.0286439441843991,0.0627733617235122,0.0341294175391131
"242723",0.0530574772711214,0.125254249884163,0.0889999210108681,0.0362543288732949,0.0721967726130416,0.0359424437397467
"47086",0.302141682926625,0.22631402824201,0.252576884504963,-0.0262628562629525,-0.0758276546846145,-0.049564798421662
"501322",2.59955851298397,0.994455756296757,1.55574217403537,-0.561286417738611,-1.60510275668722,-1.04381633894861
"498107",0.56534564174929,0.662719087561611,0.62622901169517,0.0364900758664413,0.0973734458123211,0.0608833699458798
"366530",0.172075357491285,0.145147088005437,0.156274504282336,-0.0111274162768994,-0.026928269485848,-0.0158008532089485
"400945",3.94497430358195,1.44480888508173,2.25189995513334,-0.807091070051614,-2.50016541850022,-1.6930743484486
"493282",0.271350513269422,0.360178650521628,0.326617902064532,0.0335607484570967,0.088828137252206,0.0552673887951093
"435179",0.656300545012946,0.372627322859012,0.498236571604845,-0.125609248745833,-0.283673222153934,-0.158063973408101
"29545",0.0194445858149111,0.0350911640596682,0.0271090917520194,0.00798207230764887,0.0156465782447571,0.00766450593710825
"38372",4.40994310012993,1.27231854935137,2.26908089066085,-0.996762341309481,-3.13762455077856,-2.14086220946908
"197649",3.26851964536535,1.0817612024548,1.90556517815302,-0.823803975698217,-2.18675844291055,-1.36295446721233
"386173",4.07863745797411,1.78952179475089,2.5865312859176,-0.797009491166704,-2.28911566322321,-1.49210617205651
"542891",0.824179759335338,0.735747721654942,0.771778579702473,-0.036030858047531,-0.0884320376803961,-0.0524011796328651
"283394",0.516241854561988,0.4824749435178,0.497197788086573,-0.0147228445687739,-0.0337669110441884,-0.0190440664754145
"354169",2.10170362935811,1.22466687529384,1.54502011939549,-0.32035324410165,-0.877036754064276,-0.556683509962625
"528029",2.37437215596621,1.10622331628634,1.57033299186473,-0.464109675578389,-1.26814883967988,-0.804039164101486
"530336",2.08197390178172,1.25584059907698,1.55827352249108,-0.302432923414105,-0.826133302704737,-0.523700379290632
"335312",0.646666611167573,0.568461447010621,0.597177556271161,-0.0287161092605404,-0.0782051641569526,-0.0494890548964122
"132197",2.02427839577954,0.631068488787712,1.16046903249689,-0.529400543709181,-1.39320990699183,-0.86380936328265
"494796",0.0448399355094802,0.139128254866606,0.0960836549351079,0.0430445999314982,0.0942883193571258,0.0512437194256277
"96545",0.146139626455856,0.243048662048741,0.191696224041749,0.0513524380069914,0.0969090355928848,0.0455565975858933
"80433",0.2661640935222,0.173085074364141,0.218228000232537,-0.0451429258683958,-0.0930790191580595,-0.0479360932896636
"221100",1.76890920714707,0.836078929744893,1.20684314025247,-0.370764210507582,-0.932830277402182,-0.5620660668946
"266347",0.0452909712515082,0.11524886771251,0.0809939006084191,0.0342549671040911,0.0699578964610019,0.0357029293569108
"341361",0.244765757388279,0.744950851042708,0.51210634047072,0.232844510571988,0.500185093654429,0.267340583082441
"40565",0.375290774174668,0.354146106996145,0.364905382019476,-0.0107592750233312,-0.0211446671785235,-0.0103853921551922
"569861",0.0676836327214271,0.152779824730149,0.118951571913456,0.033828252816693,0.0850961920087221,0.051267939192029
"80122",0.340422511529401,0.291397872218029,0.309980375349228,-0.0185825031311992,-0.0490246393113725,-0.0304421361801733
"489144",3.7976589444076,1.20183077679183,1.95706384142415,-0.755233064632327,-2.59582816761578,-1.84059510298345
"259096",0.080463580245981,0.347940578540166,0.216493496910175,0.13144708162999,0.267476998294185,0.136029916664194
"377060",0.883268720978449,0.651226653288592,0.746419002901283,-0.0951923496126912,-0.232042067689857,-0.136849718077166
"462894",0.0071104182970218,0.0415926099611752,0.0246015192265574,0.0169910907346178,0.0344821916641534,0.0174911009295356
"241315",0.710841476856122,1.20885930739389,1.0136268451313,0.195232462262589,0.498017830537769,0.302785368275181
"118046",0.303769493837474,0.266973691301192,0.285017586080337,-0.0180438947791454,-0.0367958025362821,-0.0187519077571367
"374367",0.292542953527081,0.549206172204088,0.439583960513662,0.109622211690427,0.256663218677007,0.14704100698658
"259984",0.418313173090135,0.580050454128486,0.506352224206384,0.0736982299221022,0.161737281038351,0.0880390511162493
"502790",0.655050132819021,0.392649505521893,0.506900401443356,-0.114250895921463,-0.262400627297127,-0.148149731375665
"521019",0.424091176056659,0.601596806837776,0.520379196442315,0.081217610395461,0.177505630781117,0.0962880203856562
"40981",0.167467274424034,0.18349502485582,0.17577116946635,0.0077238553894699,0.0160277504317859,0.00830389504231605
"117146",10,2.76024210456938,6.53535260576387,-3.77511050119449,-7.23975789543062,-3.46464739423613
"127015",2.41861127305278,0.816258704531678,1.31556359646959,-0.499304891937913,-1.6023525685211,-1.10304767658319
"467436",10,2.86221096799318,5.17213718749867,-2.30992621950549,-7.13778903200682,-4.82786281250133
"560998",10,2.71048474296465,5.07146179882285,-2.3609770558582,-7.28951525703535,-4.92853820117715
"9742",0.385228998287568,0.427500253561884,0.409492511361604,0.01800774220028,0.0422712552743159,0.0242635130740359
"512576",0.122120726812588,0.203862802473706,0.164538871327484,0.0393239311462215,0.0817420756611179,0.0424181445148965
"206067",0.5087722947899,0.243250512516839,0.371525006209834,-0.128274493692995,-0.265521782273061,-0.137247288580066
"205206",0.628944941381611,0.305347215848243,0.439551692970908,-0.134204477122665,-0.323597725533369,-0.189393248410703
"151066",0.0974713353796389,0.352798872211997,0.228533912265431,0.124264959946566,0.255327536832358,0.131062576885792
"484999",0.364623600994714,0.316373119225793,0.340015436839638,-0.0236423176138457,-0.0482504817689213,-0.0246081641550756
"160390",0.231631932113599,0.24473096711798,0.238359983635812,0.00637098348216786,0.0130990350043808,0.00672805152221295
"567283",5.37296208711974,2.7299284432047,3.54255612421773,-0.812627681013027,-2.64303364391504,-1.83040596290201
"289711",0.88274332883531,0.523635985375007,0.65834591607434,-0.134709930699333,-0.359107343460303,-0.22439741276097
"214891",0.0267281711975692,0.0467507561033192,0.0371478485075881,0.00960290759573108,0.02002258490575,0.010419677310019
"94820",0.0928192148625301,0.23309462070821,0.166351212129722,0.0667434085784887,0.14027540584568,0.0735319972671916
"145852",1.98247049902884,0.642128229034125,1.14587200587851,-0.503743776844388,-1.34034226999472,-0.836598493150331
"54721",1.01703440019658,0.470000565093812,0.684887534801651,-0.214886969707839,-0.547033835102773,-0.332146865394934
"270905",0.0640239230432244,0.314970448305706,0.182464278064498,0.132506170241208,0.250946525262482,0.118440355021274
"272027",0.0443945649677151,0.123015102326944,0.0823238904262994,0.0406912119006441,0.0786205373592284,0.0379293254585843
"481656",3.70627447471888,1.98379423780965,2.5840150200959,-0.600220782286249,-1.72248023690924,-1.12225945462299
"357907",1.19328189149526,1.40368076038729,1.31373318369726,0.0899475766900302,0.210398868892034,0.120451292202003
"82777",4.01119006424865,1.5142058955088,2.32300954551205,-0.808803650003244,-2.49698416873985,-1.68818051873661
"310004",0.0620267185007061,0.146009322377891,0.105018814728871,0.0409905076490196,0.0839826038771849,0.0429920962281653
"395634",0.0331113462087038,0.152254030632546,0.0967702283202412,0.0554838023123051,0.119142684423843,0.0636588821115375
"59388",3.34170736909288,0.652406015667013,3.34170736909288,-2.68930135342587,-2.68930135342587,0
"342054",3.80577151813303,0.481559679500308,3.80577151813303,-3.32421183863272,-3.32421183863272,0
"29012",0.281859035981656,0.340099289437277,0.30988349206523,0.0302157973720472,0.0582402534556203,0.0280244560835732
"40413",1.06831604257459,0.663961383857467,0.837961991260051,-0.174000607402584,-0.404354658717122,-0.230354051314538
"306709",0.0768159954730651,0.150294152922169,0.113350597677055,0.0369435552451141,0.0734781574491041,0.03653460220399
"449192",2.83817031948526,1.24755453104494,1.85253035000129,-0.604975818956346,-1.59061578844031,-0.985639969483968
"369156",0.0211297735526025,0.136741228187131,0.0864282187763569,0.050313009410774,0.115611454634528,0.0652984452237544
"438042",0.01035855725812,0.0609515991968562,0.0374824989149685,0.0234691002818877,0.0505930419387362,0.0271239416568485
"103414",3.40458450858729,1.81026843875069,2.34407244744952,-0.533804008698834,-1.5943160698366,-1.06051206113776
"356877",2.21521115653215,1.45697109356997,1.75044874861747,-0.293477655047505,-0.75824006296218,-0.464762407914675
"513327",0.438362789180689,0.311356857677008,0.374835917846345,-0.0634790601693365,-0.12700593150368,-0.0635268713343437
"86219",0.0156814769427918,0.0734649680075394,0.0465007500608661,0.0269642179466733,0.0577834910647476,0.0308192731180743
"177494",0.349270799336097,0.232972460668699,0.273018391467216,-0.0400459307985169,-0.116298338667398,-0.0762524078688815
"272044",1.4571537985743,0.914061754015868,1.12326773342977,-0.209205979413903,-0.543092044558432,-0.333886065144529
"321454",1.36451632243312,0.731083543023006,0.95649826385282,-0.225414720829813,-0.633432779410117,-0.408018058580303
"113288",0.610678839164828,0.435116783322662,0.511286207086333,-0.0761694237636714,-0.175562055842166,-0.0993926320784951
"527117",4.8677020096691,1.45083093530554,2.27898108780869,-0.828150152503143,-3.41687107436355,-2.58872092186041
"108462",0.0687447166352881,0.240339922750196,0.155646201266448,0.0846937214837475,0.171595206114908,0.08690148463116
"331982",0.688584273276455,0.681141660902422,0.684113139481542,-0.00297147857911972,-0.00744261237403343,-0.00447113379491371
"252653",4.64565340928827,0.914616194185153,4.64565340928827,-3.73103721510311,-3.73103721510311,0
"505779",3.06195006207995,2.10751978807186,2.43907410896797,-0.331554320896104,-0.954430274008087,-0.622875953111983
"185142",2.53293536952547,1.17021148163557,1.67839190396552,-0.508180422329952,-1.36272388788991,-0.854543465559956
"27133",5.61753377281529,1.8112403509357,2.8398990218914,-1.0286586709557,-3.80629342187959,-2.77763475092389
"269687",1.48080722687359,1.27001479847624,1.34210158218075,-0.0720867837045114,-0.210792428397347,-0.138705644692836
"369334",4.98110169087716,0.70638698732598,4.98110169087716,-4.27471470355118,-4.27471470355118,0
"549869",1.0580287338263,0.46972659378942,0.695550930277391,-0.225824336487971,-0.588302140036876,-0.362477803548905
"140278",0.214512884599968,0.193633821947137,0.202811022643838,-0.00917720069670067,-0.0208790626528314,-0.0117018619561307
"494217",1.21378436380686,0.804492173471341,0.949580209568957,-0.145088036097615,-0.409292190335514,-0.264204154237899
"460183",2.15345629894671,0.590146461573318,1.1783084967804,-0.588162035207086,-1.5633098373734,-0.975147802166311
"400327",1.04773199420176,1.0463289182188,1.04693525726378,-0.000606339044983084,-0.00140307598296752,-0.000796736937984432
"528487",0.0844030314973622,0.256603928720032,0.172488570306217,0.0841153584138149,0.17220089722267,0.0880855388088552
"222952",5.44764127793591,2.1566879055184,3.07722011628298,-0.920532210764577,-3.29095337241751,-2.37042116165293
"42942",0.182438802337378,0.264222652535926,0.237930816720242,0.0262918358156838,0.0817838501985473,0.0554920143828635
"545927",0.236462469601738,0.602066281938276,0.434482925565491,0.167583356372786,0.365603812336539,0.198020455963753
"249886",0.672325682627986,0.484546579759305,0.552688663275113,-0.0681420835158087,-0.187779102868681,-0.119637019352872
"167470",0.468508449570649,0.450120450247175,0.458183470850928,-0.00806302060375264,-0.0183879993234739,-0.0103249787197213
"2563",3.96333562950922,1.37837829829527,2.20160479063207,-0.823226492336799,-2.58495733121395,-1.76173083887715
"347015",0.495433181551202,0.498726562095093,0.497317516831652,0.00140904526344066,0.00329338054389028,0.00188433528044962
"149980",0.107280016653832,0.124725857147222,0.116270236288674,0.00845562085854794,0.0174458404933892,0.00899021963484122
"93988",0.674353728129004,0.464286127762526,0.55825868782596,-0.0939725600634342,-0.210067600366478,-0.116095040303044
"576485",7.56869837319777,1.99715615906454,2.99246376622076,-0.995307607156223,-5.57154221413323,-4.57623460697701
"489763",0.0851904683883426,0.280382003493509,0.182151476925997,0.0982305265675121,0.195191535105167,0.0969610085376544
"210586",2.2175379659918,1.26376169160649,1.61042748353364,-0.346665791927149,-0.95377627438531,-0.607110482458161
"514211",0.0437537670409142,0.136734938775775,0.0923855466312465,0.0443493921445283,0.0929811717348606,0.0486317795903323
"431131",0.339046638340381,0.18289213502557,0.257309369331094,-0.0744172343055244,-0.156154503314811,-0.0817372690092867
"78648",0.126156223055676,0.293528900105677,0.232441372980757,0.0610875271249197,0.16737267705,0.106285149925081
"505401",0.138297633969613,0.68538592647127,0.421869800826288,0.263516125644982,0.547088292501656,0.283572166856674
"337396",0.396353486017769,0.505847090266737,0.446269466786409,0.0595776234803277,0.109493604248967,0.0499159807686397
"392670",0.388321020385643,0.775521812926557,0.584146916533749,0.191374896392808,0.387200792540914,0.195825896148106
"230122",5.49386174294469,2.76277360753934,3.59191868344206,-0.829145075902722,-2.73108813540535,-1.90194305950263
"346221",0.0716020972224463,0.314595003574315,0.196950043670759,0.117644959903557,0.242992906351869,0.125347946448312
"210617",0.690554366184245,0.578712306596698,0.632478343569007,-0.0537660369723091,-0.111842059587547,-0.0580760226152375
"547708",0.0634769141794105,0.136920025596749,0.100914970060364,0.036005055536385,0.073443111417339,0.0374380558809539
"419657",0.779846086391035,1.01369055692991,0.929390253530889,0.0843003033990227,0.233844470538877,0.149544167139854
"198927",1.90795156058309,1.68980717696663,1.77591709484618,-0.086109917879545,-0.218144383616457,-0.132034465736912
"334796",2.13110556425921,1.35917997662744,1.64112910554509,-0.281949128917651,-0.771925587631773,-0.489976458714122
"68475",0.266191647763928,0.584854753208342,0.467099245488578,0.117755507719764,0.318663105444414,0.20090759772465
"565001",0.249590839997746,0.353862176791492,0.312908783669969,0.0409533931215232,0.104271336793746,0.0633179436722231
"258900",0.037724129088124,0.1115820490172,0.0740656549854786,0.0375163940317211,0.0738579199290757,0.0363415258973546
"272766",0.311716670532791,0.275439536400801,0.293260528216481,-0.0178209918156804,-0.0362771341319901,-0.0184561423163097
"467847",1.35735303113866,0.883340320255016,1.06481998206815,-0.181479661813133,-0.474012710883642,-0.292533049070509
"470425",0.0592130356533963,0.0564366321915559,0.0576766893867393,-0.00124005719518338,-0.00277640346184042,-0.00153634626665704
"479268",0.0353636441245324,0.0888634472326348,0.0643315657108243,0.0245318815218105,0.0534998031081024,0.028967921586292
"225992",3.78301282919701,1.55537501679923,2.27911363524694,-0.723738618447714,-2.22763781239778,-1.50389919395007
"236877",0.521893902495058,0.374805061534946,0.434592785005252,-0.0597877234703065,-0.147088840960112,-0.0873011174898053
"98897",1.56380565742238,0.477850539494972,0.932587465116926,-0.454736925621954,-1.08595511792741,-0.631218192305455
"37585",1.58563655273727,0.933500795359295,1.19428415841762,-0.26078336305833,-0.652135757377976,-0.391352394319646
"536409",5.25279425605086,2.38192174253256,3.17312571279456,-0.791203970262001,-2.8708725135183,-2.07966854325629
"359099",1.63617034883484,1.31128497462269,1.45445722249247,-0.143172247869785,-0.324885374212157,-0.181713126342372
"138415",0.736523070500011,0.535940699607492,0.608887400832591,-0.0729467012250989,-0.200582370892519,-0.12763566966742
"292172",1.07606175305613,0.654440474044103,0.833949424974912,-0.179508950930809,-0.421621279012032,-0.242112328081223
"506428",1.90691286531472,0.685672893359751,1.15492783466575,-0.469254941306004,-1.22123997195497,-0.751985030648963
"380831",0.378411943369508,0.427002045982422,0.406382480766356,0.0206195652160662,0.0485901026129135,0.0279705373968473
"100197",3.35357791635837,1.17119273843449,1.78111268341381,-0.60991994497932,-2.18238517792388,-1.57246523294456
"206173",1.23805422920144,0.817695374225473,0.975284721518651,-0.157589347293178,-0.42035885497597,-0.262769507682792
"82665",0.0746925390584626,0.0951347700633396,0.0854196416061597,0.00971512845717989,0.0204422310048769,0.010727102547697
"136495",2.95141478153952,0.989022533358535,1.53860511890499,-0.549582585546455,-1.96239224818099,-1.41280966263453
"213357",0.122806381067742,0.436171378287344,0.274158846045425,0.162012532241919,0.313364997219603,0.151352464977684
"263615",0.122843645550885,0.317448605748881,0.229739516154778,0.0877090895941031,0.194604960197996,0.106895870603893
"300647",1e-08,0.439938958963749,0.242745386822537,0.197193572141213,0.439938948963749,0.242745376822537
"83722",0.16616107238495,0.106660975157309,0.132067077733374,-0.0254061025760653,-0.0595000972276409,-0.0340939946515756
"247010",0.68366929636687,0.711220587836705,0.700189926831174,0.011030661005531,0.0275512914698348,0.0165206304643039
"447895",3.95478348583992,1.36135478304982,2.18328385445282,-0.821929071402998,-2.5934287027901,-1.7714996313871
"301211",1.28349050606587,0.977421556235825,1.09588165991967,-0.11846010368385,-0.306068949830041,-0.187608846146191
"559037",0.419367437387281,0.550558001485197,0.493876961271008,0.0566810402141888,0.131190564097916,0.0745095238837274
"144755",0.871914708038076,0.658116152746089,0.745699478114086,-0.0875833253679965,-0.213798555291987,-0.12621522992399
"569347",0.0813739633236986,0.2219840816979,0.151811471816684,0.0701726098812161,0.140610118374201,0.0704375084929851
"189504",1.05886494778462,0.397329650995066,0.641294185821741,-0.243964534826675,-0.661535296789558,-0.417570761962883
"481882",0.108817468381487,0.178481520663909,0.144926747052284,0.0335547736116251,0.0696640522824216,0.0361092786707965
"4371",0.905761780661992,0.565123173802109,0.698051854622984,-0.132928680820875,-0.340638606859883,-0.207709926039007
"362177",0.401436344518251,0.265513758736505,0.315820219569602,-0.050306460833097,-0.135922585781746,-0.0856161249486489
"374693",1.51244019141067,1.14701147896288,1.26377754895899,-0.116766069996109,-0.365428712447797,-0.248662642451689
"161252",4.98556908730337,1.21011533765361,2.4259939650112,-1.21587862735759,-3.77545374964976,-2.55957512229217
"256284",1.77083556181701,0.90004979706416,1.24831795454907,-0.348268157484913,-0.870785764752848,-0.522517607267935
"144600",0.102870990443843,0.42621983587497,0.261303843485558,0.164915992389412,0.323348845431127,0.158432853041715
"500734",1.08551652316207,1.12783491153658,1.11127572867874,0.0165591828578435,0.0423183883745126,0.0257592055166691
"146073",0.0737829920661498,0.0506907090893844,0.061475379631807,-0.0107846705424226,-0.0230922829767654,-0.0123076124343428
"151127",0.097068161797724,0.21097260475703,0.15460863016216,0.0563639745948699,0.113904442959306,0.0575404683644357
"407795",0.401222020009075,0.133050146086027,0.251541676015976,-0.118491529929949,-0.268171873923048,-0.149680343993099
"558359",2.19071708822709,0.848207118624517,1.2823926910829,-0.434185572458385,-1.34250996960257,-0.908324397144186
"81477",4.13524722679374,1.08961515152139,1.99975389917153,-0.910138747650142,-3.04563207527235,-2.13549332762221
"88391",2.42835348078455,1.06928533950306,1.55676487234647,-0.487479532843412,-1.3590681412815,-0.871588608438084
"133129",0.355490985908813,0.379993290090335,0.370503874918876,0.00948941517145968,0.0245023041815223,0.0150128890100626
"202006",1.12009277532746,0.648982965041277,0.85168922322259,-0.202706258181313,-0.471109810286184,-0.268403552104871
"522001",0.942044869975243,0.640760119603279,0.764387985676372,-0.123627866073094,-0.301284750371965,-0.177656884298871
"55418",3.41552447792051,1.38958623242621,2.01142381132955,-0.621837578903338,-2.0259382454943,-1.40410066659096
"96623",0.0681730806120358,0.136860517868415,0.102912255895309,0.0339482619731057,0.0686874372563792,0.0347391752832735
"50804",0.0740649384685163,0.223296034387685,0.148777234851922,0.0745187995357625,0.149231095919169,0.0747122963834061
"512342",1.25812268087726e-08,0.126975810608526,0.0698649911451362,0.0571108194633899,0.126975798027299,0.0698649785639094
"520607",0.964667223418618,0.285943527596369,0.577387012503534,-0.291443484907165,-0.678723695822249,-0.387280210915084
"158401",0.013405502705427,0.117505397466661,0.0710247649026225,0.0464806325640388,0.104099894761234,0.0576192621971955
"135132",0.975085219927566,0.383548235989211,0.594820336932272,-0.211272100943061,-0.591536983938355,-0.380264882995294
"146216",3.92377480089634,1.12814689888291,1.96814898697864,-0.840002088095725,-2.79562790201343,-1.9556258139177
"394555",0.0653868745521302,0.184389043851796,0.123537096363827,0.0608519474879681,0.119002169299665,0.0581502218116973
"151888",1e-08,0.242320720006121,0.137993312578687,0.104327407427435,0.242320710006121,0.137993302578687
"410243",6.62300530437986,2.19529487482286,3.44746738891024,-1.25217251408738,-4.427710429557,-3.17553791546962
"295715",1.28269756671955,0.769469301824184,0.952134585242201,-0.182665283418016,-0.513228264895366,-0.33056298147735
"14290",0.277510342095224,0.363732935194206,0.323130298842907,0.0406026363512992,0.0862225930989822,0.0456199567476829
"3091",1.50319464537634,0.244142155489564,1.50319464537634,-1.25905248988677,-1.25905248988677,0
"49173",0.337929732996804,0.233397520805406,0.271324903767396,-0.0379273829619902,-0.104532212191398,-0.0666048292294078
"122666",1.11987999608813,1.35949234367894,1.26026559404763,0.0992267496313115,0.239612347590812,0.1403855979595
"177496",0.0782649169871466,0.113867306634742,0.0972291971036945,0.0166381095310474,0.0356023896475953,0.0189642801165479
"529462",10,2.60165537371468,4.9435963275575,-2.34194095384281,-7.39834462628532,-5.0564036724425
"86725",2.91486549087351,0.904570424884626,1.60918770821105,-0.704617283326421,-2.01029506598889,-1.30567778266247
"418761",0.603200742751345,0.801672447254167,0.721723609956055,0.0799488372981124,0.198471704502823,0.11852286720471
"214601",0.478750013954481,0.590536839329054,0.538384572253583,0.0521522670754715,0.111786825374574,0.059634558299102
"522054",0.0651063722716616,0.237709862338143,0.154254640070173,0.0834552222679698,0.172603490066481,0.0891482677985114
"278464",2.7636804891834,1.07295643541639,1.68624045445612,-0.61328401903973,-1.690724053767,-1.07744003472727
"503555",5.21396113865046,2.87489656222311,3.56248326280663,-0.687586700583523,-2.33906457642735,-1.65147787584383
"522447",0.26639354062064,0.479865667490636,0.363885527258592,0.115980140232044,0.213472126869995,0.0974919866379518
"320473",1.01062462373873,0.513826659209595,0.715186449893009,-0.201359790683414,-0.49679796452914,-0.295438173845725
"237551",0.111886690660754,0.392376684965418,0.249061118111413,0.143315566854006,0.280489994304664,0.137174427450659
"474075",0.526423620814075,0.332802207513951,0.411611097485751,-0.0788088899718004,-0.193621413300124,-0.114812523328324
"435451",1.42457604180667,0.721439283037757,0.971163618480349,-0.249724335442592,-0.703136758768912,-0.45341242332632
"206284",1.11357112877173,1.10607810504907,1.10917364378393,-0.00309553873485924,-0.00749302372266025,-0.00439748498780101
"479976",1.74574833348782,1.63052040747646,1.67331586152971,-0.0427954540532509,-0.115227926011363,-0.0724324719581122
"482863",1.5983374521026,0.768025933456639,1.07901263901856,-0.310986705561922,-0.83031151864596,-0.519324813084038
"29486",1.0756701614562,1.11171386306976,1.09756565227751,0.0141482107922524,0.036043701613568,0.0218954908213156
"180383",0.669614383764282,0.261850315174363,0.424216820156628,-0.162366504982265,-0.407764068589919,-0.245397563607654
"456526",3.12875326513546,1.23880047015481,1.97033689969315,-0.731536429538342,-1.88995279498066,-1.15841636544231
"93777",0.0241716536543171,0.0559234893646224,0.0413257231697316,0.0145977661948908,0.0317518357103053,0.0171540695154145
"396341",0.083690360575801,0.327016959653667,0.198778343141684,0.128238616511983,0.243326599077866,0.115087982565883
"57752",0.0167840043020597,0.0315693810703229,0.0243643253449763,0.00720505572534659,0.0147853767682633,0.00758032104291666
"203089",0.109624520513288,0.169602774421982,0.141888553347393,0.0277142210745893,0.0599782539086946,0.0322640328341053
"373075",0.0918293499317802,0.118454427093892,0.106632592118897,0.011821834974995,0.0266250771621118,0.0148032421871168
"140315",1.27988615636922,0.485383649666295,0.808685828319622,-0.323302178653328,-0.794502506702927,-0.471200328049599
"7900",0.934920873983606,1.25663123610342,1.12678501973252,0.129846216370909,0.321710362119819,0.19186414574891
"32343",0.0706436191884086,0.20472448787091,0.132986003798342,0.0717384840725682,0.134080868682501,0.062342384609933
"129658",0.648471117499164,1.07598573683046,0.874370332720481,0.201615404109976,0.427514619331294,0.225899215221317
"576091",0.0734372740777727,0.128504283043033,0.101393713917272,0.0271105691257614,0.0550670089652603,0.0279564398394989
"80653",10,1.15812146645922,10,-8.84187853354078,-8.84187853354078,0
"398768",2.59092014118049,1.22554655233031,1.728991154979,-0.503444602648692,-1.36537358885018,-0.86192898620149
"226420",0.262664840115116,0.28007281246925,0.273648746331272,0.00642406613797802,0.0174079723541337,0.0109839062161556
"275004",0.967168361536394,0.600025746291546,0.749245126573251,-0.149219380281705,-0.367142615244848,-0.217923234963143
"277458",1.99312819610566,1.36744203931006,1.6029036600396,-0.235461620729539,-0.625686156795603,-0.390224536066064
"540515",1.46626939216617,0.576035274158583,0.875849944390136,-0.299814670231553,-0.890234118007586,-0.590419447776033
"329766",3.45832366262873,1.94973900843577,2.4655157061907,-0.515776697754925,-1.50858465419296,-0.992807956438035
"182145",0.155489081725237,0.157974896924037,0.156683687587362,0.00129120933667468,0.00248581519879926,0.00119460586212458
"138025",0.486384726457749,0.688486486116134,0.607143416785372,0.081343069330762,0.202101759658384,0.120758690327622
"39705",0.092994565240267,0.114152041121799,0.103667762711255,0.0104842784105443,0.0211574758815322,0.0106731974709879
"371020",1e-08,0.13924554173356,0.0717451452090767,0.0675003965244833,0.13924553173356,0.0717451352090767
"59369",1.07853306085107,0.671354304009685,0.849719680799984,-0.178365376790299,-0.407178756841382,-0.228813380051083
"429093",0.263680532058448,0.491218112098645,0.369938297316587,0.121279814782058,0.227537580040197,0.106257765258139
"315501",0.617509183498084,0.802463444575809,0.725202611841891,0.0772608327339177,0.184954261077724,0.107693428343807
"504774",1.58614734805111,0.696624650465275,1.01948402124415,-0.322859370778875,-0.889522697585831,-0.566663326806956
"300283",2.68922949985692,1.04375622276183,1.64264352469588,-0.598887301934048,-1.64547327709509,-1.04658597516104
"180917",5.88886795881097,0.55142631269749,5.88886795881097,-5.33744164611348,-5.33744164611348,0
"506888",0.104408826557411,0.218875911119013,0.165055452615133,0.0538204585038797,0.114467084561602,0.060646626057722
"206542",3.94661706346773,1.57467150229176,2.35909054908921,-0.784419046797449,-2.37194556117597,-1.58752651437852
"106010",0.890111944238897,0.820713134775276,0.849943583379502,-0.0292304486042269,-0.0693988094636211,-0.0401683608593942
"95254",0.202083096936875,0.193628558760635,0.196338760164586,-0.00271020140395106,-0.00845453817623976,-0.00574433677228869
"198124",1.0896216375239,1.05911014450263,1.07052614202303,-0.0114159975204011,-0.0305114930212658,-0.0190954955008646
"7149",0.491239294415917,0.711678863633238,0.631486329210074,0.0801925344231642,0.220439569217322,0.140247034794157
"531223",0.251886456525808,0.322437442592944,0.296360761446262,0.0260766811466818,0.0705509860671358,0.0444743049204541
"328511",0.713915089235607,0.188131346457605,0.393487872588117,-0.205356526130513,-0.525783742778002,-0.320427216647489
"245499",0.0644287761434035,0.241080308104767,0.155384770328174,0.0856955377765929,0.176651531961364,0.0909559941847706
"39738",0.490717619935549,0.812292599694264,0.683715391154961,0.128577208539303,0.321574979758716,0.192997771219412
"419527",2.21068568433327,1.1463634964131,1.52244783037702,-0.376084333963923,-1.06432218792017,-0.688237853956248
"498484",0.309773504322785,0.296833804039169,0.302752229143938,-0.00591842510476936,-0.0129397002836156,-0.00702127517884626
"229935",5.35018337445798,0.926771463815934,5.35018337445798,-4.42341191064205,-4.42341191064205,0
"16765",0.209100135838383,0.216105238042996,0.212913435250039,0.00319180279295708,0.00700510220461334,0.00381329941165626
"576130",0.174606539911747,0.196149833629665,0.186011441862125,0.0101383917675401,0.0215432937179175,0.0114049019503774
"365258",0.407712610948737,0.178974371821134,0.253931158024021,-0.0749567862028871,-0.228738239127603,-0.153781452924716
"296501",0.181095677311596,0.255654555922217,0.218971487881049,0.0366830680411677,0.0745588786106205,0.0378758105694529
"81358",0.323647292965684,0.436698117850695,0.39004819587693,0.0466499219737653,0.113050824885011,0.0664009029112458
"78422",0.439432850860241,0.714729205846298,0.57901142688387,0.135717778962428,0.275296354986057,0.139578576023629
"123343",0.00272209355375645,0.0313324341823267,0.0171963190538562,0.0141361151284705,0.0286103406285703,0.0144742255000998
"82356",0.243478709594175,0.32376693620123,0.283487317739652,0.0402796184615783,0.0802882266070549,0.0400086081454765
"262293",0.365962836688482,1.12315128152306,0.776678205350389,0.34647307617267,0.757188444834577,0.410715368661907
"315176",0.33698216966543,0.446020869632666,0.408597361046706,0.0374235085859602,0.109038699967236,0.0716151913812756
"247776",0.0250657572199786,0.106614202887303,0.0662088219938673,0.0404053808934358,0.0815484456673245,0.0411430647738887
"334795",0.0312976983303616,0.0489956153623929,0.040801767329763,0.00819384803262997,0.0176979170320313,0.00950406899940137
"446500",0.914074713815654,0.848220191636796,0.874155099926972,-0.0259349082901756,-0.0658545221788577,-0.039919613888682
"332155",0.049772730180524,0.130695674035469,0.0936983475084894,0.0369973265269793,0.0809229438549447,0.0439256173279654
"283713",0.211564765272807,0.0958777077359211,0.14991764914933,-0.0540399414134087,-0.115687057536886,-0.0616471161234769
"253069",0.0421497298506571,0.0585545852322539,0.0507139611235637,0.00784062410869018,0.0164048553815968,0.00856423127290659
"276732",1.49204415437794,1.74620279988317,1.66846558486949,0.0777372150136835,0.25415864550523,0.176421430491546
"395617",0.135238857051911,0.227254386941951,0.186019706922471,0.04123468001948,0.0920155298900394,0.0507808498705595
"133312",1.44575061135471,0.965755521527683,1.1549055805806,-0.189150059052914,-0.479995089827031,-0.290845030774117
"318793",1e-08,0.227144806799663,0.131601824557835,0.0955429822418276,0.227144796799663,0.131601814557835
"401424",0.234889866073758,0.39004937366105,0.311627708324325,0.0784216653367251,0.155159507587292,0.0767378422505668
"485643",0.124693499923355,0.219510892390221,0.172315984468193,0.0471949079220279,0.0948173924668656,0.0476224845448377
"556527",0.0952176737453402,0.100413222631159,0.0982240565246288,0.00218916610652999,0.00519554888581855,0.00300638277928857
"188706",0.103924374136666,0.266005974333032,0.188836962793427,0.0771690115396041,0.162081600196366,0.0849125886567619
"528509",0.243810650289012,0.182859927452099,0.208236953898002,-0.0253770264459036,-0.0609507228369128,-0.0355736963910091
"141758",0.275371302935666,0.401925559164754,0.349141349441644,0.0527842097231096,0.126554256229087,0.0737700465059778
"125184",1.45652112849673,0.76047888292307,1.02335575060378,-0.262876867680712,-0.696042245573659,-0.433165377892947
"513910",0.179319396689262,0.0522156640986313,0.109052033629682,-0.056836369531051,-0.127103732590631,-0.0702673630595799
"146580",0.0563367469125454,0.103217660496035,0.0810162158058224,0.0222014446902131,0.0468809135834901,0.024679468893277
"280592",1.41520701712599,0.947223432436848,1.13070571548068,-0.183482283043827,-0.467983584689144,-0.284501301645317
"203101",0.018334679183359,0.109756582921292,0.0650339143750587,0.0447226685462332,0.0914219037379329,0.0466992351916997
"571862",0.827522973209725,0.591592072318204,0.686062453173765,-0.0944703808555613,-0.235930900891521,-0.14146052003596
"301919",0.0222415575618511,0.0997862161410444,0.0619524133139125,0.037833802827132,0.0775446585791934,0.0397108557520614
"463505",0.0886023092033012,0.191682672875849,0.141827993088658,0.049854679787191,0.103080363672547,0.0532256838853564
"276972",0.18350556421994,0.335404233843001,0.25682574281151,0.0785784910314907,0.151898669623061,0.0733201785915706
"415735",3.25560971413812,0.20378752010301,3.25560971413812,-3.05182219403511,-3.05182219403511,0
"334231",0.0291593212466665,0.122101283018805,0.0800151892228287,0.0420860937959766,0.0929419617721388,0.0508558679761622
"282173",0.170308452443903,0.45963318004558,0.309271050501937,0.150362129543643,0.289324727601676,0.138962598058034
"436552",0.157484441688671,0.18145451854944,0.169403000357525,0.0120515181919154,0.0239700768607694,0.0119185586688539
"534141",1.29554044775737,0.876570722973476,1.03108889315844,-0.154518170184965,-0.418969724783893,-0.264451554598928
"427134",0.873274607111391,0.866519928502599,0.86930970382814,-0.0027897753255417,-0.00675467860879253,-0.00396490328325083
"538601",1.36687290279601,0.807219601504042,1.00968933647965,-0.202469734975611,-0.559653301291964,-0.357183566316353
"576983",0.0144767866538472,0.0992014083971082,0.0581810650147418,0.0410203433823664,0.0847246217432609,0.0437042783608945
"470664",0.00722313549723478,0.135528251874558,0.0778206909371458,0.057707560937412,0.128305116377323,0.070597555439911
"295239",0.205330628251138,0.439982631258897,0.341337167023128,0.0986454642357699,0.234652003007759,0.136006538771989
"10625",0.0653470972584328,0.0957874774358497,0.0815395683524722,0.0142479090833775,0.0304403801774169,0.0161924710940395
"163872",0.0510091327483233,0.0295690140144758,0.0404754650909763,-0.0109064510765005,-0.0214401187338475,-0.0105336676573471
"95536",0.624089613357812,0.608444285992335,0.616353172893069,-0.00790888690073377,-0.0156453273654769,-0.00773644046474309
"71950",1.12728743245705,0.518290709820701,0.760949577074625,-0.242658867253924,-0.608996722636345,-0.366337855382421
"24943",4.17183227238525,1.24615961418743,2.15488466711108,-0.908725052923652,-2.92567265819782,-2.01694760527417
"318075",1.37872006959403,1.20555216355703,1.27811599346999,-0.0725638299129603,-0.173167906036994,-0.100604076124034
"183120",0.946945436750182,0.609133546187519,0.775848012578381,-0.166714466390862,-0.337811890562663,-0.171097424171801
"503805",0.362712446721274,0.549363705928355,0.467039333969584,0.0823243719587708,0.186651259207081,0.10432688724831
"524593",0.012467879329341,0.0692445278057659,0.0454334621168273,0.0238110656889386,0.056776648476425,0.0329655827874864
"502193",0.164605149924432,0.100393454442977,0.129118292184644,-0.0287248377416669,-0.0642116954814559,-0.0354868577397889
"137822",0.0327080991851093,0.0834027677689411,0.0594848050657165,0.0239179627032246,0.0506946685838318,0.0267767058806072
"554499",0.0718936527194047,0.115662625482295,0.0945375274084836,0.0211250980738111,0.04376897276289,0.0226438746890789
"378119",0.0503990230470753,0.184623755874527,0.117701074191758,0.0669226816827687,0.134224732827452,0.067302051144683
"201156",0.94150680925982,0.554781938057306,0.706387007814886,-0.15160506975758,-0.386724871202514,-0.235119801444934
"375533",0.365303759201562,0.558214785341636,0.473468908763836,0.0847458765778002,0.192911026140075,0.108165149562275
"171353",0.507671128830775,0.447485952689964,0.475150593976648,-0.0276646412866843,-0.060185176140811,-0.0325205348541267
"229627",2.33848413287316,1.14887407755945,1.5682049312414,-0.419330853681952,-1.18961005531371,-0.770279201631754
"564503",0.70011866399657,0.614486685360102,0.646374904361011,-0.0318882190009089,-0.0856319786364678,-0.0537437596355589
"213960",0.305224598551612,0.49623509237279,0.414697561717737,0.0815375306550528,0.191010493821178,0.109472963166125
"541360",1e-08,0.158357847171987,0.0860305623015332,0.0723272848704535,0.158357837171987,0.0860305523015333
"315610",0.0386731632647962,0.0794090610313365,0.0619534450907186,0.017455615940618,0.0407358977665403,0.0232802818259224
"263429",0.555087212373431,0.491972503491265,0.512334915829823,-0.0203624123385581,-0.0631147088821657,-0.0427522965436077
"323417",1.23729696241961,1.0517436954868,1.1230609169616,-0.0713172214747939,-0.185553266932805,-0.114236045458012
"176773",0.734439732610141,0.690366650029614,0.708540062991356,-0.0181734129617422,-0.044073082580527,-0.0258996696187848
"379319",0.0989319054291697,0.238778253753198,0.165158717194883,0.0736195365583151,0.139846348324028,0.0662268117657131
"433030",1.35652471030339,0.623063037067378,0.869738858077869,-0.246675821010492,-0.733461673236011,-0.486785852225519
"239107",1.03333350101289,0.687245010486602,0.834176026259452,-0.146931015772849,-0.346088490526291,-0.199157474753441
"413348",0.0639587034500182,0.339984700338265,0.200681194922404,0.139303505415861,0.276025996888247,0.136722491472386
"499066",2.32390080207952,1.29856571135294,1.67235778243326,-0.373792071080311,-1.02533509072658,-0.651543019646269
"432585",0.42956904395948,1.14456492191172,0.765353251626182,0.379211670285534,0.714995877952237,0.335784207666702
"272658",0.555724545492469,0.7349217225782,0.66519494512789,0.0697267774503103,0.179197177085731,0.109470399635421
"567171",1e-08,0.227808145004878,0.120415222316555,0.107392922688324,0.227808135004878,0.120415212316555
"54769",0.0763506908735594,0.239303624867683,0.157961235907407,0.0813423889602768,0.162952933994124,0.0816105450338471
"507277",1.12044896311056,0.751634029084142,0.913213730664825,-0.161579701580683,-0.368814934026418,-0.207235232445735
"69018",2.54508161115773,1.15961104441741,1.66680426062287,-0.507193216205457,-1.38547056674032,-0.878277350534863
"374522",1e-08,0.15714995164242,0.0877673719066304,0.0693825797357891,0.15714994164242,0.0877673619066304
"77677",0.234465034171283,0.272885328836694,0.254657652865001,0.0182276759716929,0.0384202946654108,0.0201926186937179
"69966",0.0426624768952146,0.143162425555008,0.104581168518741,0.0385812570362675,0.100499948659794,0.0619186916235261
"374085",0.328242640786858,0.591990188480195,0.469015898049838,0.122974290430357,0.263747547693338,0.140773257262981
"546991",0.651249356813083,0.421439712597828,0.52342010048247,-0.101980387884642,-0.229809644215255,-0.127829256330613
"345746",3.272535780088,0.865885156539196,1.72011802177665,-0.854232865237454,-2.4066506235488,-1.55241775831135
"149031",0.63785767885822,0.518181838415025,0.559628591303456,-0.0414467528884308,-0.119675840443195,-0.0782290875547641
"56383",0.654523460235742,0.21178044962617,0.38494399793825,-0.17316354831208,-0.442743010609572,-0.269579462297492
"32632",0.188460678862119,0.221015725033566,0.20619621572323,0.0148195093103357,0.0325550461714464,0.0177355368611107
"548449",0.621026726409358,0.928858947378977,0.795804076132302,0.133054871246676,0.30783222096962,0.174777349722944
"381928",10,2.44043121691533,4.58329766663197,-2.14286644971664,-7.55956878308467,-5.41670233336803
"3721",0.156510087603405,0.334496456782252,0.242403613665107,0.0920928431171452,0.177986369178847,0.0858935260617018
"525823",0.343275777391389,0.401241697444101,0.378012088723938,0.0232296087201633,0.0579659200527126,0.0347363113325492
"314010",0.925058817438609,0.668305048833979,0.775669093636369,-0.10736404480239,-0.256753768604631,-0.149389723802241
"152548",0.157993719480049,0.247720653259396,0.203350599395549,0.0443700538638475,0.0897269337793473,0.0453568799154998
"103513",0.0659306594488499,0.155179418677664,0.109075478362364,0.0461039403153007,0.0892487592288144,0.0431448189135137
"205333",0.598809579474434,0.965804054175974,0.806120139049787,0.159683915126188,0.36699447470154,0.207310559575353
"77530",1.42763634431547,0.635363833296845,0.902970802788702,-0.267606969491857,-0.792272511018622,-0.524665541526766
"483147",0.595524935141822,0.650307291639087,0.632204295812874,0.0181029958262128,0.0547823564972649,0.0366793606710522
"333052",0.0799920384690058,0.179113982703434,0.134440405497185,0.0446735772062494,0.0991219442344286,0.0544483670281792
"539567",0.00134557529358889,0.171177721216811,0.0904446640887379,0.0807330571280732,0.169832145923222,0.089099088795149
"282858",1.12892694093788,0.631041520587185,0.841643745068378,-0.210602224481194,-0.497885420350693,-0.2872831958695
"530340",3.55287238984445,1.81068126207441,2.39377418163286,-0.583092919558456,-1.74219112777005,-1.15909820821159
"528774",3.067389893329,0.718122131776527,1.49735243363269,-0.77923030185616,-2.34926776155247,-1.57003745969631
"135236",0.582473553856373,0.899056611703821,0.764465983841623,0.134590627862197,0.316583057847448,0.18199242998525
"126000",0.0816109024990019,0.430377922267211,0.307295785479959,0.123082136787252,0.348767019768209,0.225684882980957
"412314",1.25004857308909,0.835697194555602,0.988352546304027,-0.152655351748425,-0.41435137853349,-0.261696026785064
"449039",0.700563051281038,0.303275032801091,0.466098355452739,-0.162823322651648,-0.397288018479947,-0.2344646958283
"455946",1.36897140554149,0.772020114241164,1.00058788237109,-0.228567768129926,-0.596951291300323,-0.368383523170397
"547685",0.0186484017336373,0.0763399045234412,0.047518880484621,0.0288210240388202,0.057691502789804,0.0288704787509838
"368187",1.31365126269097,0.525465382280677,0.850932190021298,-0.325466807740622,-0.78818588041029,-0.462719072669669
"437795",0.258898024587509,0.397434977829408,0.325173072491174,0.0722619053382336,0.138536953241898,0.0662750479036647
"412587",0.898690897835232,0.618637394387657,0.730774327079265,-0.112136932691608,-0.280053503447575,-0.167916570755968
"337821",0.345782924843202,0.656422962157443,0.541328072897534,0.115094889259909,0.310640037314241,0.195545148054332
"275853",0.367405773979393,0.128815819657416,0.236992757749192,-0.108176938091776,-0.238589954321977,-0.130413016230201
"256891",1.39561147819863,0.781155738278587,1.01995999566249,-0.238804257383906,-0.614455739920039,-0.375651482536133
"76407",0.808530726644559,0.703026134081032,0.746889700364504,-0.0438635662834715,-0.105504592563527,-0.0616410262800557
"55747",0.625129525834877,0.46540258996558,0.537845953397024,-0.0724433634314438,-0.159726935869297,-0.0872835724378532
"466752",4.52007662848558,1.14978167032082,2.19178659541221,-1.04200492509139,-3.37029495816476,-2.32829003307337
"500946",0.186356441505231,0.216786586248465,0.20080904372978,0.0159775425186855,0.0304301447432342,0.0144526022245486
"280707",5.49871270621601,1.04955062885306,5.49871270621601,-4.44916207736295,-4.44916207736295,0
"355907",0.314253932395529,0.25786360296654,0.285386630892158,-0.0275230279256175,-0.056390329428989,-0.0288673015033715
"181748",10,2.58796255726888,4.06412461469854,-1.47616205742966,-7.41203744273112,-5.93587538530146
"71652",0.562280811104148,0.40521465883659,0.456549053668425,-0.0513343948318351,-0.157066152267557,-0.105731757435722
"116238",0.0364970514999698,0.165703887854582,0.107044552354978,0.0586593354996037,0.129206836354612,0.0705475008550084
"128538",0.144583135130492,0.222698667339645,0.188248742036627,0.0344499253030173,0.0781155322091528,0.0436656069061355
"463531",0.457611029210762,0.384268024496875,0.415792786685457,-0.031524762188582,-0.0733430047138875,-0.0418182425253055
"22779",0.499603794091887,0.930354680967553,0.737514647448937,0.192840033518616,0.430750886875666,0.23791085335705
"200906",0.174963335992641,0.148396516967686,0.160978231158684,-0.0125817141909979,-0.0265668190249552,-0.0139851048339574
"393460",0.131273586840648,0.286647684770902,0.21015397807473,0.0764937066961724,0.155374097930255,0.0788803912340824
"227929",0.25124852418018,0.345408133962533,0.308414046929512,0.0369940870330212,0.0941596097823534,0.0571655227493323
"407910",0.920174927833442,0.527521062133649,0.680087414234655,-0.152566352101006,-0.392653865699793,-0.240087513598787
"154543",0.36223825161959,0.444553534815617,0.401980723354177,0.0425728114614402,0.0823152831960273,0.0397424717345871
"370211",0.13705536832981,0.490774477768973,0.355159340598922,0.135615137170051,0.353719109439163,0.218103972269111
"438806",3.09410218862306,1.94013708520302,2.32258023220579,-0.382443147002767,-1.15396510342004,-0.771521956417268
"273609",1.68317528194968,1.00691186087659,1.29024931275909,-0.2833374518825,-0.676263421073093,-0.392925969190593
"572917",0.558827928821663,0.541908179389272,0.550174438493916,-0.00826625910464407,-0.0169197494323913,-0.0086534903277472
"21941",0.0862973444126134,0.213415773444019,0.154588040127577,0.0588277333164421,0.127118429031406,0.0682906957149635
"237756",1.04379829770459,0.576033058572169,0.766015007204662,-0.189981948632492,-0.467765239132425,-0.277783290499932
"506065",0.542103930568881,0.783353609235004,0.713554631041377,0.0697989781936272,0.241249678666124,0.171450700472496
"533346",0.477288756040715,0.570121813408062,0.528234955993855,0.0418868574142068,0.0928330573673467,0.0509461999531399
"271956",0.545067744604475,0.743024674359165,0.665389644770303,0.077635029588862,0.197956929754689,0.120321900165827
"500703",1.52598336372613,0.672124621647261,0.975542634482709,-0.303418012835449,-0.853858742078869,-0.55044072924342
"427009",0.0148733043331749,0.243132737616811,0.141137736487239,0.101995001129572,0.228259433283636,0.126264432154064
"54007",0.592207421859156,0.526286602844889,0.550239524203044,-0.0239529213581553,-0.0659208190142673,-0.041967897656112
"42654",0.201351058062732,0.312742774400095,0.257440673561472,0.055302100838623,0.111391716337363,0.0560896154987399
"467098",6.29927578118871,2.3452742548047,3.48935693262283,-1.14408267781812,-3.95400152638401,-2.80991884856589
"18878",5.19605864290891,1.70556694106561,2.64332243310909,-0.937755492043478,-3.4904917018433,-2.55273620979983
"354488",0.299657281304135,0.430048913909891,0.375977381824851,0.0540715320850401,0.130391632605756,0.076320100520716
"195404",0.000130062638068144,0.0978021025850121,0.0548239775966061,0.0429781249884059,0.0976720399469439,0.054693914958538
"116062",1.27607774934279,0.973817899834884,1.09080904902413,-0.11699114918925,-0.302259849507909,-0.185268700318659
"432366",0.00882914945677871,0.0773889698883132,0.0502694139256502,0.027119555962663,0.0685598204315345,0.0414402644688715
"163099",0.163684566847645,0.274902809835202,0.225412119629926,0.0494906902052764,0.111218242987557,0.0617275527822806
"347644",0.119392256636403,0.0949584400436289,0.107096942058008,-0.0121385020143795,-0.024433816592774,-0.0122953145783945
"117432",0.858978149362484,1.13216428901252,1.00355379509452,0.128610493917995,0.273186139650033,0.144575645732038
"202481",1e-08,0.0713046302703497,0.0402880078419786,0.0310166224283711,0.0713046202703497,0.0402879978419786
"279762",2.74627639775951,1.27016252245636,1.8332744561554,-0.563111933699044,-1.47611387530315,-0.913001941604105
"458952",1.09442876173323,0.785319415173235,0.922742596887302,-0.137423181714067,-0.309109346559992,-0.171686164845925
"271358",0.769604319555331,0.24556019641067,0.450607998940502,-0.205047802529831,-0.524044123144661,-0.31899632061483
"59301",0.0528939570707464,0.121932851297875,0.0897715080256018,0.0321613432722727,0.0690388942271282,0.0368775509548554
"80059",1.46149915096536,0.718431136076913,0.993070063931556,-0.274638927854643,-0.743068014888443,-0.468429087033799
"299147",0.456074608164624,0.675693381261444,0.573385943193519,0.102307438067925,0.219618773096819,0.117311335028895
"512868",0.355438165462138,0.352998599767557,0.354039729200495,-0.00104112943293788,-0.00243956569458159,-0.00139843626164371
"485185",0.306642434325759,0.480007197764665,0.404931442056848,0.075075755707817,0.173364763438906,0.0982890077310892
"182715",3.48495980730269,0.457601445553982,3.48495980730269,-3.02735836174871,-3.02735836174871,0
"345791",0.277135257190924,0.292176343255059,0.286818739829498,0.00535760342556196,0.0150410860641353,0.00968348263857333
"445256",0.17447589105203,0.645435894368421,0.43173690915783,0.213698985210591,0.470960003316391,0.257261018105801
"210817",0.256875724306484,0.15712572048375,0.202559001160992,-0.0454332806772416,-0.0997500038227342,-0.0543167231454926
"544675",2.46139491881128,1.15934515610543,1.63170890435212,-0.47236374824669,-1.30204976270584,-0.829686014459154
"475039",0.153787116886162,0.120321033978311,0.136205111082671,-0.0158840771043604,-0.0334660829078517,-0.0175820058034913
"375732",0.0777443355991763,0.422876524139859,0.240196177296755,0.182680346843104,0.345132188540683,0.162451841697579
"55353",1.01399993761068,0.549188319385268,0.735231024651444,-0.186042705266176,-0.464811618225412,-0.278768912959237
"39310",0.223686544263023,0.209513837823272,0.216186219386535,-0.0066723815632625,-0.0141727064397506,-0.00750032487648813
"529634",0.0880570749826299,0.051803697773453,0.0687171750329234,-0.0169134772594704,-0.0362533772091769,-0.0193398999497065
"237843",0.538016275482684,0.646750288100443,0.604466391895535,0.042283896204908,0.108734012617759,0.0664501164128505
"495052",0.060494504212881,0.28858355449254,0.174957954237628,0.113625600254911,0.228089050279659,0.114463450024747
"181060",0.0655096919557921,0.200868540728745,0.135963147313123,0.0649053934156219,0.135358848772952,0.0704534553573306
"327631",10,3.94189344924837,5.80096813521241,-1.85907468596403,-6.05810655075163,-4.19903186478759
"340469",1.73991688340512,0.991865028380734,1.24147918529304,-0.249614156912309,-0.748051855024383,-0.498437698112075
"416341",10,4.01748187219951,7.43375039413897,-3.41626852193947,-5.98251812780049,-2.56624960586103
"141833",0.0867504318983598,0.12885279202064,0.108667051828385,0.0201857401922554,0.0421023601222802,0.0219166199300248
"196914",1.3122315662478,0.328815390155371,0.687761914290289,-0.358946524134918,-0.983416176092428,-0.62446965195751
"459788",0.0790958525153199,0.175178787388343,0.126109706978419,0.0490690804099238,0.0960829348730227,0.047013854463099
"115446",0.169740720649638,0.354653595512321,0.261860872189016,0.0927927233233054,0.184912874862683,0.0921201515393778
"456427",0.64241176209725,0.155669611518907,0.384984886224786,-0.229315274705879,-0.486742150578343,-0.257426875872464
"211204",1e-08,0.254053157372813,0.13302151425195,0.121031643120863,0.254053147372813,0.13302150425195
"320337",0.00854836828557542,0.0684329168160886,0.0403127722426927,0.0281201445733959,0.0598845485305132,0.0317644039571173
"96612",0.867993156616766,0.445417261390333,0.641729759955052,-0.196312498564719,-0.422575895226433,-0.226263396661714
"122239",0.319439594340922,0.443901154290644,0.393931319039372,0.049969835251272,0.124461559949723,0.0744917246984508
"382910",2.76753469632742,0.993683665047614,1.62968287868383,-0.635999213636211,-1.7738510312798,-1.13785181764359
"333948",0.181871565241257,0.308672914968946,0.243316693834411,0.0653562211345344,0.126801349727688,0.0614451285931539
"159489",1.53452355711961,0.674401009611815,0.987188382532349,-0.312787372920534,-0.860122547507797,-0.547335174587263
"374694",0.810239255265713,0.453612715514462,0.585556535441122,-0.131943819926661,-0.356626539751251,-0.224682719824591
"439678",0.219355409202469,0.21306865475346,0.21595340040739,-0.00288474565392996,-0.00628675444900875,-0.00340200879507879
"455259",0.157529210377805,0.158113935783564,0.158038951756199,7.49840273647773e-05,0.000584725405758851,0.000509741378394074
"569142",0.340766254810765,0.223789835198231,0.279798460985732,-0.0560086257875002,-0.116976419612533,-0.0609677938250333
"61252",0.432691019635672,0.27325022585587,0.335027055076709,-0.0617768292208387,-0.159440793779802,-0.097663964558963
"467278",1.05980419926257,0.374341581958555,0.618432801284158,-0.244091219325603,-0.685462617304017,-0.441371397978415
"312473",4.4129316551783,1.10354140406932,2.10817334264256,-1.00463193857324,-3.30939025110898,-2.30475831253574
"316551",2.26444764993271,1.24201152157694,1.61089000852735,-0.368878486950417,-1.02243612835578,-0.653557641405359
"142066",0.793151874292872,0.391886880867344,0.575054617830122,-0.183167736962778,-0.401264993425529,-0.21809725646275
"76083",2.17782557683021,1.3667139768979,1.66810175507944,-0.301387778181543,-0.811111599932311,-0.509723821750768
"393791",0.418711474365531,0.236256286442343,0.306305049059448,-0.0700487626171047,-0.182455187923188,-0.112406425306083
"144949",1.09552976377881,0.897991274956292,0.988558241525563,-0.0905669665692711,-0.197538488822513,-0.106971522253242
"155994",0.0408145118188405,0.0876180244733595,0.0651594174672052,0.0224586070061544,0.046803512654519,0.0243449056483647
"157958",3.11966040414981,1.70585870566454,2.17887500650764,-0.473016300843104,-1.41380169848527,-0.940785397642165
"296989",0.455839498123249,0.248231386980278,0.326704520335067,-0.0784731333547896,-0.207608111142971,-0.129134977788182
"117358",0.78888981017397,0.346178485781226,0.485344501217062,-0.139166015435836,-0.442711324392744,-0.303545308956908
"470442",0.660616238093115,0.801259850959663,0.743153341365934,0.0581065095937291,0.140643612866548,0.0825371032728189
"166207",0.270394552564174,0.307884239843178,0.294510835066364,0.013373404776814,0.0374896872790033,0.0241162825021893
"87795",1.50535031724344,0.722249486945283,1.00944207712224,-0.28719259017696,-0.783100830298158,-0.495908240121198
"436651",1.26845258871197,0.461044881631836,0.788710435745119,-0.327665554113283,-0.807407707080139,-0.479742152966855
"295176",0.127369867327284,0.174203804435337,0.151030040542261,0.0231737638930761,0.046833937108053,0.0236601732149769
"317752",3.56022168708363,1.53502596170404,2.1734834255216,-0.638457463817567,-2.02519572537959,-1.38673826156202
"325807",3.44912602684643,2.0619845124488,2.54540939140394,-0.483424878955133,-1.38714151439763,-0.903716635442499
"122167",0.0968969711828804,0.548052507129364,0.35485434985958,0.193198157269785,0.451155535946484,0.257957378676699
"519726",0.0437800541390035,0.146827497842487,0.0963861262337585,0.0504413716087285,0.103047443703483,0.052606072094755
"314928",1.67240426110509,1.05450166887927,1.31101422134833,-0.256512552469059,-0.617902592225821,-0.361390039756762
"9317",3.40180107455241,1.74327204983626,2.28532711809402,-0.542055068257762,-1.65852902471615,-1.11647395645839
"517092",10,2.27923300773518,4.56820170909507,-2.28896870135989,-7.72076699226482,-5.43179829090493
"11912",0.313831059493844,0.352579556752651,0.333144213501326,0.0194353432513243,0.0387484972588067,0.0193131540074825
"320149",0.573246276336509,0.580599148247095,0.577308561959004,0.00329058628809098,0.00735287191058587,0.00406228562249489
"466447",0.00938633950572401,0.0884747944284576,0.0528702386445073,0.0356045557839503,0.0790884549227336,0.0434838991387833
"18364",0.40942228191585,0.191947790847492,0.287313616579296,-0.0953658257318043,-0.217474491068359,-0.122108665336555
"391690",1.35097017052788,0.559535715145307,0.899132662656952,-0.339596947511645,-0.791434455382572,-0.451837507870927
"308430",0.126251882772653,0.235720446054778,0.201553451213511,0.0341669948412669,0.109468563282125,0.0753015684408582
"8136",6.97713662693769,1.45066239853285,2.84926062751226,-1.39859822897941,-5.52647422840485,-4.12787599942543
"50929",0.517356950304203,0.392237682030183,0.446113453057655,-0.053875771027472,-0.12511926827402,-0.0712434972465478
"314051",1.36563475925334,0.691610997785587,0.932382969926232,-0.240771972140645,-0.674023761467751,-0.433251789327106
"125230",1.54167487826092,0.818991641281697,1.09647520077072,-0.277483559489026,-0.72268323697922,-0.445199677490194
"204958",2.67102588407162,1.1425357754067,1.70012880469326,-0.557593029286555,-1.52849010866492,-0.970897079378365
"362047",0.0260042369020854,0.154973152006324,0.0933962703201595,0.061576881686165,0.128968915104239,0.0673920334180741
"490998",0.368751639760309,0.324516647502418,0.34219631461144,-0.0176796671090226,-0.0442349922578911,-0.0265553251488685
"310033",0.524698937440878,0.758630094294707,0.643577248654725,0.115052845639982,0.233931156853829,0.118878311213847
"24571",0.666245153935302,1.16863734358259,0.934300769246829,0.234336574335758,0.502392189647285,0.268055615311528
"480943",2.59476670297722,0.961162079398307,1.55102669809173,-0.58986461869342,-1.63360462357892,-1.0437400048855
"318690",1.62837051306086,0.423706368332368,0.783894092780816,-0.360187724448448,-1.20466414472849,-0.844476420280045
"124573",0.04546020709805,0.0475741706172738,0.0468709115571977,0.000703259060076074,0.00211396351922376,0.00141070445914768
"424073",3.90877515520908,0.197572683277089,3.90877515520908,-3.71120247193199,-3.71120247193199,0
"475660",0.838168988698347,1.07843757869217,0.964578659513318,0.113858919178851,0.240268589993823,0.126409670814972
"299141",1.11356513785544,0.569652239587915,0.790218696104794,-0.220566456516879,-0.543912898267526,-0.323346441750647
"418137",2.04359989508899,1.9843684573819,2.0082321105274,-0.023863653145505,-0.0592314377070904,-0.0353677845615854
"90491",1.64565620148301,1.85648521972069,1.77428174243608,0.0822034772846052,0.210829018237679,0.128625540953074
"314136",0.031710408585038,0.103086196806382,0.0673876831763642,0.0356985136300181,0.0713757882213443,0.0356772745913262
"485547",0.450016296772571,0.169851826484584,0.264770302627424,-0.0949184761428403,-0.280164470287987,-0.185245994145146
"442252",2.39503018833152,1.05413149122289,1.52451201222058,-0.470380520997684,-1.34089869710863,-0.870518176110943
"540796",2.31171886521668,0.995407003729169,1.44346336217021,-0.448056358441045,-1.31631186148751,-0.868255503046468
"497747",0.930533880586065,0.483858168716165,0.654034509540619,-0.170176340824455,-0.4466757118699,-0.276499371045446
"555800",0.0861802583876774,0.193281736321108,0.142494177255877,0.0507875590652309,0.10710147793343,0.0563139188681993
"261910",2.38886589542913,1.02973506718608,1.50081140378451,-0.471076336598428,-1.35913082824305,-0.888054491644619
"71334",0.0760592447241414,0.267214241337465,0.176570618404554,0.0906436229329116,0.191154996613324,0.100511373680412
"2515",4.02842463002469,1.21543110970441,2.05732606061515,-0.841894950910742,-2.81299352032028,-1.97109856940954
"171914",2.03766524624712,0.700348629901006,1.21782008027149,-0.517471450370481,-1.33731661634611,-0.81984516597563
"459049",0.0759620113699523,0.306861112584741,0.190793643882723,0.116067468702018,0.230899101214788,0.114831632512771
"540710",0.715909706482705,0.577742788418713,0.629383920524184,-0.0516411321054711,-0.138166918063992,-0.086525785958521
"76257",0.279613555633898,0.627341143140985,0.470871615943006,0.15646952719798,0.347727587507088,0.191258060309108
"233918",0.185434996759046,0.304838435901463,0.24917148587049,0.0556669500309732,0.119403439142416,0.0637364891114432
"398557",0.100021413115682,0.250166451849792,0.174914684302994,0.075251767546798,0.15014503873411,0.0748932711873118
"457878",6.93705902677538,3.50390253208815,4.22554996901372,-0.721647436925573,-3.43315649468723,-2.71150905776166
"43652",0.0326326176607076,0.113782008101971,0.0774286820078716,0.0363533260940995,0.0811493904412635,0.044796064347164
"483244",0.911451365485574,0.421607747648181,0.598480913184406,-0.176873165536225,-0.489843617837394,-0.312970452301169
"349661",1.5632772554123,0.657798212579443,0.977946491355767,-0.320148278776324,-0.905479042832854,-0.585330764056531
"475017",0.0631273942658192,0.127429356251662,0.0947980683320149,0.032631287919647,0.0643019619858427,0.0316706740661957
"300666",0.375910374005844,0.302848152171651,0.339963496681751,-0.0371153445101001,-0.0730622218341932,-0.0359468773240931
"132023",4.69827657697507,0.788196230275032,4.69827657697507,-3.91008034670004,-3.91008034670004,0
"517574",1.29367600292336,0.718846318548056,0.91360100757995,-0.194754689031894,-0.574829684375303,-0.380074995343409
"550061",1.23232521218374,1.13775910235826,1.17639733340101,-0.0386382310427513,-0.0945661098254824,-0.0559278787827311
"465078",10,2.71220988593241,4.9067350386983,-2.19452515276588,-7.28779011406759,-5.0932649613017
"401000",3.15685659262619,1.05188277205306,1.83288249585437,-0.780999723801311,-2.10497382057313,-1.32397409677182
"433229",4.05666956894829,0.315600938224093,4.05666956894829,-3.74106863072419,-3.74106863072419,0
"408019",0.0683175188050277,0.219929046953225,0.148370186025539,0.0715588609276857,0.151611528148197,0.0800526672205113
"366176",5.89180717529576,1.84258233396073,2.93755197836394,-1.09496964440321,-4.04922484133503,-2.95425519693182
"542896",1.18438788874015,0.800270100378907,0.974032403954924,-0.173762303576018,-0.384117788361244,-0.210355484785226
"433214",0.763538426242909,0.321503257804463,0.51251218483458,-0.191008927030117,-0.442035168438447,-0.251026241408329
"60214",8.37728995319971,1.32611957493937,8.37728995319971,-7.05117037826034,-7.05117037826034,0
"268910",2.73709568579233,0.720731951987308,1.37107988602762,-0.650347934040315,-2.01636373380503,-1.36601579976471
"422297",0.246178526782222,0.316242495573156,0.291239861225118,0.0250026343480382,0.0700639687909337,0.0450613344428955
"137774",1.18560281327718,1.14573391638804,1.16142034398547,-0.0156864275974302,-0.039868896889139,-0.0241824692917088
"326682",1.37084624241705,0.746624243512802,0.96849545188807,-0.221871208375268,-0.624221998904248,-0.40235079052898
"329687",1.5376572641794,0.999427189938428,1.21633196697678,-0.216904777038352,-0.538230074240974,-0.321325297202622
"367936",3.97531316790138,1.83160727501015,2.57104038286843,-0.739433107858279,-2.14370589289123,-1.40427278503295
"398335",0.0954312564568198,0.236687115778385,0.164740452723621,0.0719466630547643,0.141255859321565,0.0693091962668008
"462409",1.30754462766377,0.821762254390603,1.00047259544063,-0.178710341050024,-0.485782373273162,-0.307072032223138
"133247",1.71015511572737,1.81192533539672,1.77180562248795,0.0401197129087703,0.101770219669346,0.0616505067605755
"266845",3.22105473182323,2.89133914077634,3.0193256024335,-0.127986461657163,-0.329715591046893,-0.201729129389729
"4428",1.05729405212193,0.628597950319151,0.806274103496416,-0.177676153177265,-0.42869610180278,-0.251019948625515
"312430",0.267508528429344,0.384603113298334,0.324851522834331,0.0597515904640027,0.117094584868989,0.0573429944049865
"412037",0.547197558086532,0.280415156399753,0.383698028957492,-0.103282872557739,-0.266782401686779,-0.16349952912904
"55156",2.71161252758164,1.1658666259729,1.74625646567064,-0.580389839697745,-1.54574590160874,-0.965356061910995
"94129",0.0805617358871793,0.261570678131853,0.168497760370626,0.0930729177612266,0.181008942244673,0.0879360244834466
"238362",0.181500025895515,0.274088992262172,0.229629685455564,0.0444593068066077,0.0925889663666565,0.0481296595600488
"300524",3.86996326572158,1.30465834819035,2.0834967866623,-0.778838438471956,-2.56530491753123,-1.78646647905927
"361997",0.137928256465609,0.178942190283095,0.160367893308581,0.0185742969745139,0.0410139338174859,0.022439636842972
"565827",0.416314671662641,0.510251463424531,0.467515237941933,0.042736225482598,0.0939367917618907,0.0512005662792927
"358777",0.0753374275809616,0.135757731058762,0.10535807242511,0.0303996586336517,0.0604203034778,0.0300206448441483
"46337",1.22128094237671,0.813521981201356,1.00010722283365,-0.186585241632293,-0.407758961175354,-0.221173719543061
"72787",1.47659908064115,1.02145673431626,1.20250708866484,-0.181050354348581,-0.455142346324892,-0.274091991976311
"221853",0.026471297646751,0.072255537377046,0.0523444741902006,0.0199110631868453,0.045784239730295,0.0258731765434497
"28784",1.49665068483139,1.04978949793513,1.2305731352152,-0.180783637280075,-0.446861186896258,-0.266077549616183
"126970",0.118015536550684,0.227154745615921,0.175134921835629,0.0520198237802914,0.109139209065236,0.0571193852849446
"323631",1e-08,0.0611733468305976,0.032871179755094,0.0283021670755036,0.0611733368305976,0.032871169755094
"82355",1e-08,0.0730662169965103,0.0405405121494469,0.0325257048470634,0.0730662069965103,0.0405405021494469
"335037",1.91624667489185,1.39316575790328,1.58075777208852,-0.187592014185245,-0.523080916988572,-0.335488902803326
"127450",0.653064717161377,0.518851872193091,0.566744017430533,-0.0478921452374425,-0.134212844968287,-0.0863206997308443
"449750",0.191569748873931,0.21881173313992,0.204870439539292,0.0139412936006272,0.0272419842659883,0.0133006906653611
"47139",4.3109620410412,1.3365285149819,2.28776453515925,-0.951236020177356,-2.97443352605931,-2.02319750588195
"92286",4.49059400472175,1.18290366396856,2.21851426205922,-1.03561059809066,-3.30769034075319,-2.27207974266253
"530490",2.66029407851953,1.25091238269623,1.78025797458225,-0.529345591886017,-1.40938169582329,-0.880036103937276
"247009",1e-08,0.112807524365339,0.0590459696699035,0.0537615546954351,0.112807514365339,0.0590459596699035
"121993",10,2.45052042270174,4.14655211930758,-1.69603169660583,-7.54947957729826,-5.85344788069242
"342226",1.04845661697894,0.380142542166348,0.620428395694197,-0.240285853527849,-0.668314074812596,-0.428028221284747
"65734",0.0185153871131674,0.148564842198087,0.0862620812666917,0.0623027609313955,0.13004945508492,0.0677466941535243
"347621",1.92682260588235,0.605344895503693,1.10029769194619,-0.494952796442497,-1.32147771037866,-0.826524913936162
"261681",4.54882111429453,1.33702773570282,2.37405667029997,-1.03702893459714,-3.21179337859171,-2.17476444399457
"286609",0.864242930329373,0.676705782159798,0.751473042624666,-0.0747672604648686,-0.187537148169576,-0.112769887704707
"302487",1.68207144918815,0.773088452624484,1.11603244754081,-0.342943994916323,-0.908982996563666,-0.566039001647343
"94227",0.841013541482259,0.615224768342252,0.704793717772696,-0.0895689494304439,-0.225788773140007,-0.136219823709563
"422581",0.192328464641092,0.333956041789319,0.263882332261956,0.070073709527363,0.141627577148227,0.071553867620864
"94439",0.0913695603706354,0.255837496367257,0.176274469500589,0.079563026866668,0.164467935996622,0.0849049091299541
"259638",0.0485126936671281,0.0797063954370549,0.0647615705972788,0.0149448248397761,0.0311937017699269,0.0162488769301508
"419878",0.0276896457501824,0.0518309022869268,0.0397568983753789,0.0120740039115478,0.0241412565367444,0.0120672526251965
"289150",0.948986100728279,0.775255134930038,0.85058846890923,-0.0753333339791922,-0.173730965798241,-0.0983976318190493
"135396",0.0941189111496078,0.227884782994123,0.165287234767528,0.0625975482265955,0.133765871844515,0.0711683236179199
"441045",6.30860630650568,1.20405643619018,6.30860630650568,-5.1045498703155,-5.1045498703155,0
"142260",1.04390968518646,0.790338817484564,0.907947287025679,-0.117608469541115,-0.253570867701901,-0.135962398160786
"214410",3.15410516682279,0.7480042775859,1.56979030814673,-0.821786030560828,-2.40610088923689,-1.58431485867606
"11018",0.285198178926583,0.537764025500779,0.428632080194001,0.109131945306778,0.252565846574197,0.143433901267419
"336199",2.37476643439856,1.23986681680855,1.65455572291196,-0.414688906103409,-1.13489961759001,-0.720210711486602
"234730",2.81448473063798,1.14911791450361,1.76630610550132,-0.617188190997711,-1.66536681613437,-1.04817862513666
"156939",5.71099822479126,2.41390934745875,3.34893435830396,-0.935025010845212,-3.29708887733251,-2.3620638664873
"240322",3.64476136983831,1.7669324597675,2.40597906352886,-0.639046603761354,-1.87782891007081,-1.23878230630945
"413829",4.86721582153489,3.58743344000242,3.98731657686398,-0.399883136861559,-1.27978238153247,-0.879899244670912
"518550",0.0898804890816762,0.259633645268608,0.172054718322756,0.0875789269458522,0.169753156186932,0.0821742292410798
"471732",0.19218469027467,0.212658763933923,0.203657105937606,0.00900165799631719,0.0204740736592526,0.0114724156629354
"287192",0.0906825135854092,0.169814293473413,0.132032577392154,0.0377817160812589,0.0791317798880037,0.0413500638067448
"155779",0.343856370713492,0.487984675996857,0.428351044927108,0.0596336310697495,0.144128305283366,0.0844946742136161
"321467",0.223394991315948,0.280727821833319,0.252708734715693,0.0280190871176262,0.0573328305173709,0.0293137433997447
"436386",0.411675142910594,0.484408500010124,0.452370434680656,0.0320380653294679,0.0727333570995303,0.0406952917700624
"108238",0.585199057606787,0.391408668051409,0.475454547841811,-0.0840458797904013,-0.193790389555378,-0.109744509764977
"340574",0.465037176339866,0.471006820942277,0.468456847017826,0.0025499739244505,0.00596964460241123,0.00341967067796073
"459303",0.519874487067176,0.558938617380556,0.540519487623409,0.0184191297571474,0.0390641303133802,0.0206450005562328
"514713",0.304895689100542,0.425800867547047,0.373298653000796,0.0525022145462516,0.120905178446505,0.0684029639002534
"483676",1.10537467147411,0.455751441072812,0.70585340610078,-0.250101965027969,-0.649623230401295,-0.399521265373326
"331245",1.00231837407479,0.482457877013707,0.683376796580445,-0.200918919566738,-0.519860497061088,-0.318941577494349
"383781",0.00811114170583377,0.0697723446130987,0.0406206940422542,0.0291516505708445,0.061661202907265,0.0325095523364205
"543181",1.81784450961111,2.54661601498317,2.34401794681843,0.202598068164741,0.728771505372054,0.526173437207313
"414824",0.205231215620584,0.717163788284505,0.468024739967971,0.249139048316533,0.511932572663921,0.262793524347387
"95215",0.50884323934836,0.257615992840853,0.352003521802809,-0.0943875289619565,-0.251227246507507,-0.15683971754555
"338997",0.067467983846128,0.301321228803403,0.185454138004093,0.115867090799309,0.233853244957275,0.117986154157965
"351247",0.0573696480373854,0.219323888224984,0.139642473872509,0.0796814143524748,0.161954240187599,0.0822728258351239
"500866",0.614762746434505,0.294175689875432,0.427227631329933,-0.133051941454501,-0.320587056559073,-0.187535115104572
"470741",0.297533183853047,0.343743379965492,0.320337719734803,0.0234056602306884,0.0462101961124448,0.0228045358817565
"177929",0.442659935304593,0.302347044028349,0.359382439669628,-0.0570353956412789,-0.140312891276244,-0.0832774956349649
"92285",4.48848511253569,0.233714162774318,4.48848511253569,-4.25477094976137,-4.25477094976137,0
"507885",0.441398106206929,0.387500081146801,0.408880046879155,-0.0213799657323543,-0.053898025060128,-0.0325180593277737
"505276",1.46732145431613,0.583913339275291,0.874880239613233,-0.290966900337942,-0.883408115040843,-0.592441214702901
"93661",0.100280950926836,0.221476800248193,0.164578246487361,0.0568985537608314,0.121195849321357,0.0642972955605253
"40202",4.80444578708304,1.00819110515222,2.16183904388751,-1.15364793873529,-3.79625468193082,-2.64260674319552
"343753",1.298430777422,0.514701614154743,0.834792811194584,-0.320091197039841,-0.783729163267255,-0.463637966227414
"170277",0.69771923007237,0.677468266638182,0.685436589884479,-0.00796832324629726,-0.0202509634341876,-0.0122826401878904
"142235",1.12378871014871,0.599643731230197,0.784565117627951,-0.184921386397754,-0.524144978918509,-0.339223592520755
"151996",0.117188807485017,0.259273598749717,0.194896030786361,0.0643775679633568,0.142084791264701,0.0777072233013439
"450279",4.92388936769787,2.11889950054184,2.88843331338462,-0.769533812842782,-2.80498986715603,-2.03545605431325
"452795",6.1405035146722,1.70437938355173,2.86299910358904,-1.15861972003731,-4.43612413112047,-3.27750441108316
"223772",0.0872356037076412,0.368620519731313,0.231675540163958,0.136944979567355,0.281384916023672,0.144439936456317
"458995",0.0381751847864834,0.0974816999322387,0.0676582293442198,0.0298234705880189,0.0593065151457553,0.0294830445577364
"479790",0.308899409012429,0.504949272655161,0.400903093381074,0.104046179274087,0.196049863642732,0.0920036843686445
"199648",0.120306401759795,0.250956623248929,0.18645910534321,0.0644975179057188,0.130650221489134,0.0661527035834155
"415530",3.77715084515075,1.30683083359434,2.07990107099608,-0.773070237401742,-2.47032001155642,-1.69724977415468
"55092",0.424258477553693,0.494748388251323,0.464279242572028,0.0304691456792949,0.0704899106976299,0.0400207650183351
"127382",0.468548056339684,0.643084865734155,0.572778102266774,0.0703067634673809,0.174536809394471,0.10423004592709
"239156",5.40127272308699,4.11811964079078,4.38303102625449,-0.26491138546371,-1.2831530822962,-1.0182416968325
"94438",1.10743809145814,0.64574419401055,0.838854889905842,-0.193110695895292,-0.461693897447589,-0.268583201552298
"73522",0.0550477253787299,0.337860996311377,0.19804281900912,0.139818177302257,0.282813270932647,0.14299509363039
"133044",0.542908836545283,0.733872875185335,0.658249008303245,0.0756238668820897,0.190964038640053,0.115340171757963
"437806",1.86603532731366,0.621082079681812,1.07944106638365,-0.458358986701841,-1.24495324763185,-0.786594260930008
"316108",0.110791188476908,0.233166134291037,0.180074722861639,0.0530914114293976,0.122374945814129,0.0692835343847313
"88196",0.245180680418363,0.333586505901144,0.28895374031619,0.0446327655849537,0.0884058254827803,0.0437730598978266
"319071",3.7255983841409,1.47261386799134,2.18577369421704,-0.713159826225696,-2.25298451614956,-1.53982468992386
"297782",0.647241073742341,0.224128589384922,0.389340128066006,-0.165211538681084,-0.423112484357418,-0.257900945676334
"241906",0.332403588272803,0.401277614997747,0.373031323551423,0.0282462914463242,0.0688740267249446,0.0406277352786204
"304900",0.547873183200929,0.655543973556966,0.603793774334118,0.051750199222848,0.107670790356037,0.0559205911331887
"246775",0.197392224730645,0.44418425664134,0.337632002582575,0.106552254058765,0.246792031910695,0.140239777851931
"204065",0.0148698355070723,0.0481304489921796,0.0314184321709223,0.0167120168212573,0.0332606134851072,0.0165485966638499
"307862",1.56785713267052,0.929413342007429,1.11551214054569,-0.186098798538259,-0.638443790663089,-0.452344992124829
"447580",2.77055574582127,1.34420034104132,1.89531791490284,-0.551117573861523,-1.42635540477995,-0.875237830918431
"393469",0.045469763663287,0.04174438577526,0.0435273004570647,-0.00178291468180471,-0.00372537788802704,-0.00194246320622232
"419025",0.141825267259405,0.129907126725467,0.13550340124541,-0.00559627451994288,-0.0119181405339377,-0.00632186601399487
"369624",1.16009666088292,0.504773158687275,0.766707861318256,-0.261934702630981,-0.655323502195648,-0.393388799564668
"57624",1e-08,0.268310507066156,0.148658276202919,0.119652230863236,0.268310497066156,0.148658266202919
"257148",0.386982691001195,0.592219970076845,0.501279756011438,0.090940214065407,0.205237279075649,0.114297065010242
"303926",0.418421736050464,0.137080539658848,0.224640299516897,-0.0875597598580486,-0.281341196391616,-0.193781436533567
"512375",5.64449161416161,2.73915869382111,3.61423241845303,-0.875073724631916,-2.90533292034049,-2.03025919570858
"346976",0.0308586808972953,0.120503651412357,0.0770236548413034,0.0434799965710534,0.0896449705150616,0.0461649739440081
"218589",0.00982896970048274,0.0834280848964084,0.0477804039532283,0.0356476809431801,0.0735991151959256,0.0379514342527456
"546374",1.19972905917968,0.651035854104951,0.887704447052961,-0.23666859294801,-0.548693205074734,-0.312024612126724
"171266",0.239549071770755,0.391491459962062,0.331532726520986,0.0599587334410758,0.151942388191307,0.0919836547502308
"113726",2.14099827208311,1.16499524611769,1.50731309521063,-0.342317849092938,-0.976003025965417,-0.633685176872479
"513243",0.416058152909152,0.389956719695851,0.401029473557925,-0.0110727538620739,-0.0261014332133007,-0.0150286793512268
"126642",0.762888488978705,0.473764053678162,0.574676248190607,-0.100912194512445,-0.289124435300543,-0.188212240788098
"5505",2.13424101811195,1.73879829235141,1.89304260126049,-0.154244308909077,-0.395442725760543,-0.241198416851466
"480574",0.559942202607924,0.405982818447381,0.473395494741768,-0.0674126762943875,-0.153959384160544,-0.0865467078661564
"25256",0.1391167472137,0.370833266534988,0.252107824770346,0.118725441764642,0.231716519321288,0.112991077556646
"528876",1.48534038115483,0.551076375612242,0.952272859015019,-0.401196483402778,-0.934264005542592,-0.533067522139815
"439627",0.610999881023071,0.496395041144706,0.549534022965227,-0.053138981820521,-0.114604839878365,-0.061465858057844
"245748",1.3837193237622,0.898398137502692,1.08455833502471,-0.186160197522021,-0.485321186259509,-0.299160988737488
"135493",0.0558253257217447,0.232717955783232,0.152084259945018,0.080633695838214,0.176892630061488,0.0962589342232735
"279108",0.676471755462498,0.375150660053698,0.507895888220518,-0.13274522816682,-0.3013210954088,-0.16857586724198
"486899",4.7045553935865,0.827366872089308,4.7045553935865,-3.87718852149719,-3.87718852149719,0
"4283",0.995181705096854,1.48260474199629,1.27200082075863,0.210603921237665,0.487423036899441,0.276819115661776
"316723",0.576904617151136,0.676804635574252,0.62837992101395,0.048424714560302,0.0999000184231151,0.0514753038628132
"438566",2.61996601640352,1.18336100757368,1.71700198694716,-0.533640979373476,-1.43660500882983,-0.902964029456358
"371984",0.524485602647681,0.446779461005233,0.481073495186135,-0.0342940341809018,-0.0777061416424478,-0.0434121074615461
"287062",0.0291433211105285,0.0938205201691691,0.0622373463918317,0.0315831737773374,0.0646771990586406,0.0330940252813032
"28623",1.04259229465086,0.716354790507931,0.856211444489593,-0.139856653981662,-0.326237504142931,-0.186380850161269
"256076",4.79737143180703,2.29443845300089,2.99948832871672,-0.705049875715831,-2.50293297880614,-1.79788310309031
"331911",2.94981929723803,1.04184455343057,1.73754928959987,-0.695704736169296,-1.90797474380746,-1.21227000763816
"554100",0.0471991264733195,0.162168278668836,0.105296202072454,0.0568720765963815,0.114969152195516,0.0580970755991347
"470862",3.14616627194448,0.633319160183271,1.44319093753588,-0.809871777352605,-2.51284711176121,-1.7029753344086
"59150",0.0178684719045847,0.164244519848181,0.0966507271911042,0.0675937926570767,0.146376047943596,0.0787822552865194
"215328",0.264945693984744,0.188101786392908,0.22564059477725,-0.0375388083843428,-0.0768439075918362,-0.0393050992074934
"399417",4.00395446251616,1.6467856467796,2.44754365143223,-0.800758004652633,-2.35716881573657,-1.55641081108393
"223811",0.129203187359181,0.262455629757572,0.204130135032551,0.0583254947250205,0.13325244239839,0.07492694767337
"109365",1e-08,0.084261661583821,0.0457602846793467,0.0385013769044743,0.084261651583821,0.0457602746793467
"197652",0.803669183109215,0.593800769722586,0.673632083333804,-0.0798313136112175,-0.209868413386629,-0.130037099775411
"51388",2.68120360926893,0.861251374696089,1.4787403592987,-0.617488984602611,-1.81995223457284,-1.20246324997023
"116558",1.86581853250606,1.49188915999695,1.63174309286067,-0.139853932863722,-0.373929372509118,-0.234075439645396
"244587",5.46842966667667,2.77066632534817,3.56859360282611,-0.797927277477944,-2.6977633413285,-1.89983606385056
"578057",0.190376732866646,0.155775411033115,0.17070566460796,-0.0149302535748449,-0.0346013218335302,-0.0196710682586853
"56651",0.0694847301893549,0.0769779003129655,0.0733228200978184,0.00365508021514707,0.00749317012361056,0.00383808990846349
"413004",0.17725697151071,0.296154616525931,0.252065080631589,0.0440895358943421,0.118897645015221,0.0748081091208791
"6658",0.0897554735664886,0.158131857760782,0.124338647624156,0.0337932101366256,0.0683763841942931,0.0345831740576675
"178689",0.654054299016854,0.776386787024307,0.727224764350924,0.0491620226733837,0.122332488007454,0.0731704653340701
"526273",0.0440522829167449,0.291872343372782,0.171097031634455,0.120775311738327,0.247820060456037,0.12704474871771
"245071",2.34947507768149,1.10989916327706,1.55183555087298,-0.441936387595927,-1.23957591440443,-0.797639526808507
"93014",4.4478274413807,1.23483715085043,2.25278969723745,-1.01795254638702,-3.21299029053028,-2.19503774414325
"536642",1.28778342816809,0.704957381554757,0.901975147139389,-0.197017765584632,-0.58282604661333,-0.385808281028698
"357895",0.662579916075624,0.369998823815692,0.498190014303922,-0.12819119048823,-0.292581092259932,-0.164389901771702
"342464",0.0276464003862326,0.137169538997779,0.0826770263735282,0.0544925126242506,0.109523138611546,0.0550306259872956
"106559",1.13994415139797,0.525216109831085,0.772759685224953,-0.247543575393868,-0.614728041566884,-0.367184466173016
"276469",3.39716796436401,1.53651097340586,2.12881978132768,-0.592308807921818,-1.86065699095815,-1.26834818303633
"301915",0.587043318110189,0.369448107879603,0.465125629278029,-0.0956775213984263,-0.217595210230586,-0.12191768883216
"508984",0.273782955736531,0.486125322718717,0.397674521310182,0.088450801408535,0.212342366982186,0.123891565573651
"187208",1.20589088711518,0.897615253769582,1.01720727094451,-0.119592017174925,-0.308275633345593,-0.188683616170668
"490647",0.0516700874475875,0.257693795159619,0.151928462223616,0.105765332936002,0.206023707712031,0.100258374776029
"296085",3.27643710914094,1.68119653006299,2.18988426501133,-0.508687734948339,-1.59524057907795,-1.08655284412961
"182846",0.664634477597217,0.820966669844144,0.754188587481318,0.066778082362826,0.156332192246927,0.0895541098841006
"504738",0.837782692733335,0.628694604323829,0.713161691425047,-0.0844670871012178,-0.209088088409506,-0.124621001308288
"318011",0.671094422032656,0.668489163180659,0.669522974027852,-0.00103381084719245,-0.00260525885199647,-0.00157144800480402
"142048",1.97818318747575,1.58338764287154,1.7323433890503,-0.148955746178763,-0.394795544604212,-0.245839798425449
"468982",0.129379001799603,0.240557003507216,0.184814470905474,0.0557425326017413,0.111178001707613,0.0554354691058718
"290575",0.0487206032789771,0.127311975708922,0.0864940843942903,0.0408178913146314,0.0785913724299446,0.0377734811153132
"569410",0.669927979828813,0.388142010836237,0.513526843527767,-0.12538483269153,-0.281785968992576,-0.156401136301046
"319714",0.0642127241890035,0.106384060062486,0.0847321007489409,0.021651959313545,0.0421713358734825,0.0205193765599375
"323518",0.0215770189106997,0.0751840367921331,0.0500013296915897,0.0251827071005434,0.0536070178814334,0.02842431078089
"351797",0.137470571798768,0.168566038800003,0.154274439607999,0.0142915991920043,0.0310954670012348,0.0168038678092305
"20879",2.47857167121636,1.27420699525657,1.65058327498332,-0.376376279726742,-1.20436467595979,-0.827988396233043
"27487",0.422329393883299,0.250202144026122,0.314012659489749,-0.0638105154636268,-0.172127249857177,-0.10831673439355
"213563",0.148054189629829,0.325127181593565,0.236785776612169,0.0883414049813961,0.177072991963736,0.0887315869823402
"299324",1.47383037353502,0.737983094058289,1.00677573711627,-0.268792643057982,-0.735847279476734,-0.467054636418752
"323134",0.227279807268633,0.31114023096044,0.270234104855384,0.0409061261050558,0.0838604236918071,0.0429542975867512
"33820",0.852975601496388,0.92315132874515,0.891829136800376,0.0313221919447741,0.0701757272487624,0.0388535353039883
"74693",3.65435714184966,1.83530925179835,2.46375226822631,-0.628443016427955,-1.81904789005131,-1.19060487362336
"292309",1e-08,0.147907472825458,0.0771919557752759,0.0707155170501817,0.147907462825458,0.0771919457752759
"35303",0.641941657020774,0.904338742643257,0.792218713127823,0.112120029515434,0.262397085622483,0.150277056107049
"426648",3.59055862975904,0.386424440609182,3.59055862975904,-3.20413418914985,-3.20413418914985,0
"8181",4.68397895368744,0.975421120205036,2.08119285023448,-1.10577173002944,-3.7085578334824,-2.60278610345296
"367924",0.288191167839711,0.174702066397402,0.210887976394511,-0.0361859099971087,-0.113489101442308,-0.0773031914451996
"355332",4.05260288536026,1.05260995922227,1.91164966297902,-0.859039703756758,-2.99999292613799,-2.14095322238123
"514580",0.319924669616472,0.508709215860683,0.408042779018887,0.100666436841796,0.18878454624421,0.0881181094024144
"386645",0.994832252254016,0.493664407863576,0.689136860154592,-0.195472452291016,-0.50116784439044,-0.305695392099424
"366093",1.66020092349358,0.443787019550189,0.83165018759113,-0.387863168040941,-1.21641390394339,-0.828550735902448
"525952",1.01526402351643,0.436970706939144,0.652355126260442,-0.215384419321299,-0.578293316577285,-0.362908897255986
"391779",6.31302671626707,2.42251684546686,3.54852214286315,-1.12600529739628,-3.89050987080021,-2.76450457340392
"489567",3.70420133025978,1.67813872850219,2.35746450077019,-0.679325772268006,-2.02606260175759,-1.34673682948958
"333353",0.0113669459703955,0.0575337780364949,0.0349907336945363,0.0225430443419586,0.0461668320660994,0.0236237877241409
"80683",1.7559915675212,0.898412208705463,1.23791024959142,-0.339498040885959,-0.857579358815737,-0.518081317929778
"507973",5.89079896423547,3.23002124040311,4.06144542844111,-0.831424188038002,-2.66077772383236,-1.82935353579436
"216928",0.741244766499373,0.657828094980164,0.690562485559935,-0.0327343905797715,-0.083416671519209,-0.0506822809394375
"540772",1.84906722265493,1.38433607574052,1.55432090046928,-0.16998482472876,-0.464731146914408,-0.294746322185649
"395622",0.649701295386726,0.533371827665876,0.574711410186198,-0.0413395825203225,-0.116329467720851,-0.074989885200528
"146747",1.44052413483672,1.40568789451185,1.42124162731849,-0.0155537328066355,-0.0348362403248674,-0.0192825075182319
"236609",7.31489607075893,1.38256403445658,7.31489607075893,-5.93233203630235,-5.93233203630235,0
"258935",0.02368934289105,0.135579041609944,0.078682166042494,0.0568968755674505,0.111889698718895,0.054992823151444
"145137",1.55822898545623,0.591695024681142,0.919759112169548,-0.328064087488406,-0.966533960775089,-0.638469873286683
"158638",1.3905666645721,1.1980128613423,1.27856330824288,-0.0805504469005738,-0.192553803229793,-0.112003356329219
"422112",0.789435812505237,0.449862489510813,0.604103703568508,-0.154241214057695,-0.339573322994425,-0.18533210893673
"533763",0.580950855349133,0.389980989853558,0.473117381154804,-0.0831363913012458,-0.190969865495575,-0.107833474194329
"293791",1.35948218856452,1.08723701773089,1.19832734414343,-0.111090326412539,-0.272245170833633,-0.161154844421094
"125354",0.23945359165439,0.308460849326761,0.274036168705712,0.0344246806210489,0.0690072576723703,0.0345825770513215
"467877",10,3.25714508312977,5.04417127504087,-1.7870261919111,-6.74285491687023,-4.95582872495913
"440675",1e-08,0.0964640720420141,0.0532267614235183,0.0432373106184958,0.0964640620420141,0.0532267514235183
"72675",0.117016199813476,0.225076566905194,0.175676979821886,0.0493995870833085,0.108060367091718,0.0586607800084095
"433695",0.0875443903947079,0.135682960387473,0.111407816354932,0.0242751440325408,0.0481385699927653,0.0238634259602245
"172614",2.61181947388669,0.658646324274514,1.24819541668162,-0.589549092407111,-1.95317314961218,-1.36362405720507
"506786",0.056921727929434,0.127594138843107,0.0946344395714687,0.0329596992716383,0.0706724109136729,0.0377127116420347
"311964",0.674020760364791,0.574386592118845,0.615392692919719,-0.0410061008008742,-0.099634168245946,-0.0586280674450718
"371269",0.315134203474999,0.418431112362428,0.374469850696246,0.0439612616661817,0.103296908887429,0.0593356472212469
"160772",1.24304642593133,0.287807135809071,0.619006906967451,-0.33119977115838,-0.95523929012226,-0.62403951896388
"116407",1.55717283663989,0.664204068368965,0.975494197846215,-0.31129012947725,-0.892968768270928,-0.581678638793678
"207009",0.364342217475016,0.659618942645544,0.52173698383697,0.137881958808574,0.295276725170528,0.157394766361954
"413633",0.0476727455993372,0.312932640746199,0.184618381346119,0.12831425940008,0.265259895146861,0.136945635746782
"121365",0.198534719951902,0.143428026852046,0.169230358866242,-0.025802332014196,-0.0551066930998568,-0.0293043610856608
"61296",2.76494252245774,1.15957250423727,1.7634273224788,-0.603854818241535,-1.60537001822047,-1.00151519997894
"137793",10,2.12533852332979,4.67215763027278,-2.54681910694299,-7.87466147667021,-5.32784236972722
"73519",10,2.05033010985193,5.8471592946529,-3.79682918480097,-7.94966989014807,-4.1528407053471
"412165",2.73979416827543,0.739664520572979,1.38759841222272,-0.647933891649744,-2.00012964770245,-1.3521957560527
"180982",0.180572560323434,0.225084870616641,0.210105034626748,0.0149798359898939,0.0445123102932073,0.0295324743033134
"220291",1.98440808925707,0.587135114782672,1.09632421236548,-0.509189097582811,-1.39727297447439,-0.888083876891583
"141699",0.478555987778382,0.81628952281705,0.682447511632491,0.133842011184559,0.337733535038668,0.203891523854109
"136547",0.927022331789244,0.433817108616366,0.623630420485378,-0.189813311869012,-0.493205223172878,-0.303391911303866
"325360",0.0752927965914049,0.153217950089803,0.118794372024692,0.0344235780651107,0.077925153498398,0.0435015754332873
"115097",0.107507893169044,0.177906298557981,0.142601876983869,0.035304421574112,0.0703984053889366,0.0350939838148246
"398816",1.13066252375461,0.943692504443287,1.01123199325899,-0.067539488815706,-0.186970019311324,-0.119430530495618
"82636",0.0932183729228384,0.434945398853798,0.262152495306134,0.172792903547664,0.34172702593096,0.168934122383296
"274572",0.0519243863585535,0.186994087239323,0.118675901630697,0.0683181856086259,0.135069700880769,0.0667515152721436
"70098",0.377620957565455,0.17080081278222,0.236354711593384,-0.0655538988111639,-0.206820144783235,-0.141266245972071
"293920",0.0582607652973626,0.151415074113844,0.102662561371297,0.0487525127425472,0.0931543088164818,0.0444017960739346
"255334",0.0403200027240581,0.192076893992154,0.116885746719332,0.0751911472728224,0.151756891268096,0.076565743995274
"116048",1e-08,0.174362827993251,0.0858798704222426,0.088482957571008,0.174362817993251,0.0858798604222426
"530000",1e-08,0.0758240625326503,0.038238339648207,0.0375857228844433,0.0758240525326503,0.038238329648207
"573737",0.0569416589055216,0.142770026040257,0.0987453940082314,0.0440246320320252,0.085828367134735,0.0418037351027098
"80351",0.27700274631872,0.46347789293704,0.366901779923908,0.0965761130131323,0.18647514661832,0.0898990336051875
"313015",6.6766531888825,1.28289928023163,6.6766531888825,-5.39375390865087,-5.39375390865087,0
"351501",1.11291049447398,0.936804704027042,1.00244301604475,-0.0656383120177129,-0.176105790446936,-0.110467478429223
"178567",0.0738721669434332,0.149817542294316,0.117275604390997,0.0325419379033185,0.0759453753508824,0.0434034374475639
"79580",0.0329484138893976,0.0979690506721387,0.0668963820264009,0.0310726686457378,0.0650206367827411,0.0339479681370033
"550028",0.818251850788954,0.516920867279327,0.629059440790484,-0.112138573511157,-0.301330983509628,-0.18919240999847
"420234",1.48874873570208,0.738137744992338,1.01373049345812,-0.275592748465784,-0.750610990709743,-0.475018242243959
"261851",1.33339112720379,0.847265793629138,1.02836009590458,-0.18109430227544,-0.486125333574649,-0.305031031299209
"260300",0.278384472596093,0.348679252717469,0.320461078247293,0.0282181744701767,0.070294780121376,0.0420766056511993
"145639",8.94234266683097,3.54599957269369,4.70890278983921,-1.16290321714552,-5.39634309413728,-4.23343987699176
"361116",2.18814445419099,1.32504801327116,1.64695746177563,-0.321909448504479,-0.863096440919837,-0.541186992415358
"517586",0.597758214323417,0.469025401378385,0.526193179108462,-0.0571677777300763,-0.128732812945031,-0.0715650352149551
"22742",0.517844124065973,0.465422452942461,0.488061919498403,-0.022639466555942,-0.0524216711235125,-0.0297822045675705
"260307",1.54537136470009,0.913918696190228,1.16655417331451,-0.25263547712428,-0.63145266850986,-0.37881719138558
"394975",1.22612175516582,0.752074343895335,0.962298793712149,-0.210224449816814,-0.474047411270488,-0.263822961453674
"247416",1.16520925659432,0.719032057040503,0.901370680622666,-0.182338623582163,-0.446177199553818,-0.263838575971655
"311010",1.9254306330584,1.93750633397423,1.93220988459287,0.00529644938136431,0.0120757009158303,0.00677925153446601
"352842",0.197604394318033,0.354499584579161,0.279911327476289,0.0745882571028713,0.156895190261128,0.0823069331582564
"473482",2.53240659405769,1.12848081370957,1.63751991988132,-0.50903910617175,-1.40392578034811,-0.894886674176365
"482985",4.55920077010973,1.61822622153204,2.6249428505021,-1.00671662897006,-2.94097454857769,-1.93425791960763
"301512",0.475420627683401,0.706344638756876,0.609949173103214,0.0963954656536616,0.230924011073475,0.134528545419813
"833",2.74811911219119,1.02189862310054,1.63457620571969,-0.612677582619156,-1.72622048909065,-1.11354290647149
"239259",0.2753055581384,0.48315644547132,0.392967336583558,0.0901891088877613,0.20785088733292,0.117661778445159
"507252",1.32211191934755,0.593676631606422,0.828366638378492,-0.23469000677207,-0.728435287741125,-0.493745280969056
"174018",0.0886653056877891,0.141972755970164,0.115616634597395,0.0263561213727689,0.0533074502823745,0.0269513289096056
"261190",3.23711600040306,0.616686902871763,3.23711600040306,-2.6204290975313,-2.6204290975313,0
"335041",0.0765344716563403,0.133534449954548,0.10532247812278,0.028211971831768,0.0569999782982077,0.0287880064664397
"510096",3.62087021957207,1.43200297817169,2.12726877503393,-0.695265796862237,-2.18886724140038,-1.49360144453815
"332619",0.281171020091677,0.289017190622704,0.285319100155016,0.00369809046768882,0.00784617053102687,0.00414808006333806
"477924",0.142305424631831,0.248462375284283,0.198492314041602,0.049970061242681,0.106156950652452,0.0561868894097712
"190814",10,2.06236684384748,4.18795489224308,-2.12558804839559,-7.93763315615252,-5.81204510775692
"209783",2.81048972315009,0.986001566105891,1.63780254720599,-0.651800981100104,-1.8244881570442,-1.17268717594409
"351768",1e-08,0.119775969124927,0.0662900783059846,0.0534858908189422,0.119775959124927,0.0662900683059846
"127433",1.21235016296606,0.402298162000219,0.704604145033702,-0.302305983033484,-0.810052000965846,-0.507746017932362
"433301",0.0393708547790242,0.219225456687393,0.128392780579641,0.0908326761077515,0.179854601908368,0.0890219258006169
"243355",1.01126678241976,0.597790915198244,0.764083912778131,-0.166292997579887,-0.413475867221518,-0.247182869641631
"164421",0.464909246482863,0.520845774974229,0.49581958348541,0.0250261914888196,0.0559365284913657,0.0309103370025461
"356582",0.180321958838978,0.181815669748142,0.181154583844587,0.000661085903554848,0.00149371090916409,0.000832625005609239
"82775",0.0761338103945831,0.134221149769363,0.106525771480805,0.0276953782885576,0.0580873393747795,0.0303919610862219
"403938",1.39516843209904,0.858511740754242,1.06425392920068,-0.205742188446437,-0.536656691344797,-0.33091450289836
"373332",0.570776319162008,0.455749937602382,0.50715418697026,-0.0514042493678778,-0.115026381559626,-0.0636221321917477
"171532",0.426658685749686,0.463205046937172,0.443331812981057,0.0198732339561148,0.0365463611874854,0.0166731272313707
"60204",1.49561353888844,0.7036761538276,0.992298866186264,-0.288622712358664,-0.791937385060839,-0.503314672702175
"164320",0.563200397485867,0.506685440566194,0.531927244077465,-0.0252418035112705,-0.0565149569196721,-0.0312731534084016
"320825",0.220921442646779,0.560445464249009,0.415301072429901,0.145144391819108,0.33952402160223,0.194379629783122
"336759",0.0816403667747022,0.354456564901675,0.215248444957809,0.139208119943865,0.272816198126972,0.133608078183107
"487938",1.1377224766464,0.631480504675479,0.852352260887634,-0.220871756212155,-0.506241971970925,-0.285370215758771
"561348",1.19146003234732,0.36452591705835,0.671755723618512,-0.307229806560162,-0.826934115288966,-0.519704308728804
"277733",0.0643525861219096,0.189335981658416,0.127201112273698,0.0621348693847174,0.124983395536506,0.0628485261517888
"203466",2.43072184013907,1.27999734538989,1.71169564391678,-0.431698298526884,-1.15072449474917,-0.719026196222287
"20692",0.0597969534487342,0.28384564761989,0.175623980816826,0.108221666803064,0.224048694171156,0.115827027368091
"477775",1.54407990226542,0.563407715344789,0.922289949142199,-0.35888223379741,-0.980672186920631,-0.62178995312322
"89546",0.0683868784777643,0.183751737721958,0.129923995685284,0.0538277420366739,0.115364859244193,0.0615371172075196
"475792",2.86776233280034,2.58843517234167,2.69410297166514,-0.10566779932347,-0.279327160458666,-0.173659361135196
"528823",4.37941727792014,3.31067223923683,3.64378106407353,-0.3331088248367,-1.0687450386833,-0.735636213846604
"106217",3.69992766779046,1.43194922080533,2.14593648116366,-0.713987260358326,-2.26797844698513,-1.5539911866268
"498698",4.27596603333669,1.44549506222161,2.38022078296479,-0.93472572074318,-2.83047097111508,-1.8957452503719
"17890",0.0597672250921394,0.307647809293274,0.187017953621309,0.120629855671965,0.247880584201135,0.12725072852917
"368542",1.5388693078571,0.862423602007082,1.12980737805681,-0.267383776049728,-0.676445705850021,-0.409061929800292
"22516",0.0138037682628712,0.056763450443115,0.0374153734079259,0.019348077035189,0.0429596821802438,0.0236116051450548
"155991",0.034596272691614,0.215637839392999,0.131732988050515,0.0839048513424837,0.181041566701385,0.097136715358901
"7833",3.0522322096511,0.52841869365257,3.0522322096511,-2.52381351599853,-2.52381351599853,0
"467700",0.35910886774525,0.173094120492883,0.259752354364762,-0.0866582338718787,-0.186014747252367,-0.099356513380488
"374677",0.346593303714054,0.349039729078159,0.348034751709412,0.00100497736874722,0.00244642536410561,0.00144144799535839
"190698",0.607191591290511,0.344445593429292,0.454209621168461,-0.109764027739169,-0.262745997861218,-0.152981970122049
"541714",0.00719292880960128,0.227009060215734,0.122299636682583,0.104709423533151,0.219816131406132,0.115106707872982
"268004",0.603377625424546,0.155606744721744,0.358920113541097,-0.203313368819353,-0.447770880702802,-0.244457511883449
"25956",0.716455467179201,0.362648337721433,0.51528225167937,-0.152633913957937,-0.353807129457769,-0.201173215499832
"81216",1.97434988404343,0.741938597051684,1.22025006175441,-0.478311464702727,-1.23241128699175,-0.754099822289022
"205602",1.05160508772328,0.740308018847518,0.875730212441417,-0.135422193593899,-0.311297068875766,-0.175874875281867
"222604",0.338809704771141,0.341873290687824,0.340591491777372,0.00128179891045233,0.0030635859166831,0.00178178700623077
"356930",0.012958622870298,0.0658769053635079,0.0402815618744033,0.0255953434891046,0.0529182824932099,0.0273229390041053
"222941",0.122190149219337,0.380903263749999,0.246710768320787,0.134192495429212,0.258713114530662,0.12452061910145
"238310",0.0398167955262854,0.124502926169209,0.0808402028533285,0.0436627233158809,0.084686130642924,0.0410234073270431
"562922",1.98301813010502,1.35448904479775,1.57968979533553,-0.225200750537782,-0.628529085307265,-0.403328334769483
"125054",0.120784079650563,0.326722755078961,0.248446517464783,0.0782762376141781,0.205938675428398,0.12766243781422
"256401",0.783687946541983,0.831105822529986,0.810279901714238,0.0208259208157479,0.0474178759880027,0.0265919551722549
"27343",0.0710174777321955,0.348933695664619,0.216095688214599,0.13283800745002,0.277916217932424,0.145078210482403
"527930",5.28197821369452,1.13455461216932,2.46584732140743,-1.33129270923811,-4.1474236015252,-2.81613089228709
"501954",5.81164570490883,2.07954015971655,3.13784373797014,-1.05830357825359,-3.73210554519228,-2.67380196693869
"329156",0.0258540140311238,0.0861384859613362,0.0586252682130568,0.0275132177482794,0.0602844719302124,0.032771254181933
"62479",0.468502831444495,0.873832304171254,0.711083843585097,0.162748460586157,0.405329472726759,0.242581012140601
"302569",0.14251251409692,0.33235613907447,0.234054951321384,0.0983011877530857,0.18984362497755,0.0915424372244642
"54630",0.883639783960678,0.583971224410116,0.703503815610977,-0.119532591200861,-0.299668559550562,-0.180135968349701
"579193",0.293323169928001,0.274713836737053,0.283964193179753,-0.0092503564427,-0.0186093331909475,-0.00935897674824748
"378705",0.222757415325694,0.181101035597468,0.201546658220407,-0.0204456226229388,-0.0416563797282253,-0.0212107571052865
"527938",0.749260078753846,1.48521440120464,1.20349140178539,0.281722999419247,0.735954322450794,0.454231323031546
"263779",2.77874535944505,2.26706286285713,2.44124053240959,-0.174177669552467,-0.51168249658792,-0.337504827035453
"256200",0.148984382528948,0.221232267746268,0.187619297782304,0.0336129699639642,0.0722478852173201,0.0386349152533559
"163276",3.3796077660208,2.73933384598837,2.98106627980823,-0.241732433819854,-0.640273920032429,-0.398541486212575
"196299",10,5.0666603398031,7.29379051209596,-2.22713017229285,-4.9333396601969,-2.70620948790404
"152892",0.119889742238356,0.320221379521968,0.222288721744858,0.0979326577771101,0.200331637283611,0.102398979506501
"474239",0.0796356162371375,0.311705223512974,0.19557235733778,0.116132866175194,0.232069607275836,0.115936741100642
"328776",0.056668599287164,0.171641413478729,0.119090071415935,0.0525513420627934,0.114972814191565,0.0624214721287713
"260184",1.64724301917431,0.802617812405589,1.12990057852538,-0.327282766119795,-0.844625206768722,-0.517342440648927
"306450",0.56947703757698,0.839121251065405,0.72629120934513,0.112830041720275,0.269644213488426,0.156814171768151
"303248",0.384522133610865,0.403540361146755,0.395547286188676,0.00799307495807905,0.0190182275358901,0.011025152577811
"239318",0.667977835130896,0.655349399973048,0.660399994210896,-0.00505059423784826,-0.0126284351578485,-0.00757784092000025
"200831",2.06416152274388,1.35678990294287,1.62710969543927,-0.270319792496405,-0.707371619801015,-0.43705182730461
"202044",1e-08,0.129907987801657,0.0636571633843782,0.066250824417279,0.129907977801657,0.0636571533843782
"431851",6.15894105894775,1.72613681996678,2.91304357741086,-1.18690675744408,-4.43280423898096,-3.24589748153689
"570152",0.423555313486687,0.899255295415932,0.70291849207244,0.196336803343492,0.475699981929245,0.279363178585752
"284574",2.02564549506697,1.27396055896046,1.54481247699075,-0.270851918030292,-0.751684936106506,-0.480833018076214
"379701",2.06924798855047,1.44540620600328,1.6800065289027,-0.234600322899421,-0.623841782547194,-0.389241459647773
"497886",6.25605576718061,2.28802139771912,3.40848103808352,-1.1204596403644,-3.96803436946148,-2.84757472909708
"70404",0.516254831358737,0.68973466204755,0.621088224882014,0.0686464371655358,0.173479830688813,0.104833393523277
"241239",0.29997606121103,0.44318192502829,0.368962224799554,0.0742197002287364,0.143205863817261,0.0689861635885243
"548371",0.0870719792871545,0.263592372503166,0.174699549046455,0.0888928234567102,0.176520393216011,0.0876275697593008
"404792",3.35576177661248,1.61042455650442,2.17219904076344,-0.561774484259018,-1.74533722010806,-1.18356273584904
"214322",0.966713678243405,0.241438021949584,0.546106115747365,-0.304668093797782,-0.725275656293822,-0.42060756249604
"135143",1.69758088281165,1.60910600115546,1.64161671033336,-0.0325107091779056,-0.088474881656194,-0.0559641724782884
"160420",0.650284129543879,0.936224649693516,0.813745521688497,0.122479128005019,0.285940520149636,0.163461392144618
"372140",1.00856537771907,1.18231012422826,1.1145672069524,0.0677429172758597,0.173744746509187,0.106001829233327
"307883",0.684587768160799,0.667595731251563,0.674280706386379,-0.0066849751348157,-0.0169920369092355,-0.0103070617744198
"308970",0.129902281852208,0.189544947963763,0.160187669695102,0.0293572782686609,0.0596426661115544,0.0302853878428936
"523387",1.04155942233697,0.48462478268766,0.702222280597133,-0.217597497909473,-0.556934639649309,-0.339337141739836
"224551",0.0722001055249327,0.201602180446515,0.137574207654155,0.0640279727923607,0.129402074921583,0.0653741021292221
"413606",0.541075126678217,0.570837361974177,0.557292389078683,0.0135449728954942,0.0297622352959607,0.0162172624004665
"161852",0.0513919240391612,0.156938650968182,0.106491277342288,0.0504473736258947,0.105546726929021,0.0550993533031265
"491654",0.832215357362946,0.57325013069843,0.673380981351154,-0.100130850652724,-0.258965226664516,-0.158834376011792
"183176",0.0270317175545301,0.129141570324749,0.0783613839139495,0.0507801864107996,0.102109852770219,0.0513296663594194
"340140",0.0198932919989236,0.043355758508458,0.0309744851037113,0.0123812734047467,0.0234624665095345,0.0110811931047877
"235110",0.607415713155425,0.852785386616589,0.744759911764625,0.108025474851965,0.245369673461165,0.1373441986092
"240846",0.133805123833612,0.179813792320791,0.156270030792913,0.0235437615278776,0.0460086684871794,0.0224649069593018
"306694",0.0107954561385996,0.122570860278195,0.0683756899043063,0.0541951703738887,0.111775404139595,0.0575802337657067
"283050",0.0224786695805378,0.195857513581267,0.123997582778233,0.0718599308030339,0.173378844000729,0.101518913197696
"231928",1.27500208620253,1.37459860730445,1.34079944690111,0.0337991604033316,0.099596521101917,0.0657973606985853
"463207",0.278306321870458,0.317602165090221,0.302661937640062,0.0149402274501588,0.0392958432197625,0.0243556157696038
"81495",1.08624464087373,1.40330846604796,1.26920151003586,0.134106956012103,0.317063825174233,0.182956869162129
"544832",1.99356931520071,0.317494199706138,1.99356931520071,-1.67607511549457,-1.67607511549457,0
"223387",0.0399864357432035,0.152259308482867,0.0956358157493085,0.0566234927335582,0.112272872739663,0.0556493800061049
"487157",0.0450075951349408,0.195259598452004,0.125396885973212,0.0698627124787912,0.150252003317063,0.0803892908382716
"34761",0.269823984889053,0.388028188036961,0.327101244010251,0.0609269440267102,0.118204203147908,0.0572772591211981
"401961",1.21211500836804,1.06007574949232,1.11941200304526,-0.0593362535529351,-0.152039258875714,-0.0927030053227793
"176264",0.686369612685698,0.632587940140996,0.658723546564865,-0.0261356064238685,-0.0537816725447013,-0.0276460661208329
"41809",0.0948732876684762,0.256575237072247,0.18493139973719,0.0716438373350566,0.161701949403771,0.0900581120687141
"371137",0.0276927007502694,0.129254135414552,0.0809372328904502,0.0483169025241018,0.101561434664283,0.0532445321401808
"123673",0.0849015406898819,0.267303423955065,0.175614150036271,0.0916892739187933,0.182401883265183,0.0907126093463893
"31782",1.67978658287561,0.693067799985075,1.06098798662255,-0.367920186637471,-0.986718782890539,-0.618798596253068
"482894",0.148033518636017,0.181911407837868,0.16434792716197,0.0175634806758978,0.0338778892018508,0.0163144085259531
"358820",1.5095792101798,0.816867684539045,1.07873754324918,-0.261869858710139,-0.692711525640756,-0.430841666930617
"546567",0.545406085744397,0.413512074279085,0.469328736510276,-0.0558166622311911,-0.131894011465313,-0.0760773492341216
"97787",0.160932348052006,0.111109536521582,0.134950050580667,-0.023840514059085,-0.0498228115304241,-0.0259822974713391
"376473",0.0829752194961673,0.132359703568267,0.10791311049629,0.0244465930719771,0.0493844840720996,0.0249378910001226
"185918",1.01850852808734,0.729918223990447,0.852741505331294,-0.122823281340847,-0.288590304096888,-0.165767022756041
"406933",1e-08,0.194583974827555,0.108183856927078,0.086400117900477,0.194583964827555,0.108183846927078
"303810",0.841928042232768,1.46100383222698,1.20402125194461,0.256982580282374,0.619075789994216,0.362093209711842
"484405",0.0708839550660977,0.258023628109435,0.165733015013264,0.092290613096171,0.187139673043337,0.0948490599471664
"202043",0.600237100991691,0.35319269410571,0.459763925461161,-0.106571231355451,-0.247044406885981,-0.140473175530531
"416885",1.16991954859488,0.979487947322596,1.05084702886232,-0.0713590815397288,-0.19043160127228,-0.119072519732551
"329155",3.28548912806337,1.73670940409769,2.23637822519943,-0.499668821101742,-1.54877972396568,-1.04911090286394
"356766",1e-08,0.353433605855064,0.189887621827608,0.163545984027456,0.353433595855064,0.189887611827608
"422740",0.354125036401613,0.249355854109339,0.2971771718509,-0.0478213177415611,-0.104769182292274,-0.056947864550713
"430680",3.71526949249958,1.34885287064142,2.08165459998532,-0.732801729343905,-2.36641662185817,-1.63361489251426
"159099",0.344138183272483,0.3278035690253,0.333932385905224,-0.00612881687992367,-0.0163346142471831,-0.0102057973672595
"509264",0.0935674407720316,0.24362152311138,0.172354728689786,0.0712667944215938,0.150054082339348,0.0787872879177546
"273009",1.26214820295059,0.955400668526734,1.07543993472966,-0.120039266202927,-0.306747534423853,-0.186708268220926
"453429",1.80191393133515,1.53864484257664,1.63493261466105,-0.0962877720844024,-0.26326908875851,-0.166981316674108
"23049",0.157044581159152,0.131747952601389,0.142702408768516,-0.0109544561671273,-0.0252966285577627,-0.0143421723906355
"33561",4.12205819792477,1.29405315157093,2.16050669589692,-0.866453544325991,-2.82800504635384,-1.96155150202785
"281856",0.0611678590581212,0.142106846605908,0.104017161118402,0.0380896854875059,0.0809389875477868,0.0428493020602809
"480402",2.8429301437832,1.89004259393755,2.21121546281978,-0.321172868882231,-0.952887549845657,-0.631714680963426
"233777",0.17108051784304,0.651388179374501,0.429332848464651,0.222055330909851,0.480307661531461,0.25825233062161
"556427",2.64602026077045,0.508032362578581,2.64602026077045,-2.13798789819187,-2.13798789819187,0
"535871",0.841875469240023,0.764718604982835,0.79671074574853,-0.0319921407656958,-0.0771568642571887,-0.0451647234914929
"447247",0.0633619180879845,0.30070842790438,0.219634433217956,0.0810739946864235,0.237346509816395,0.156272515129972
"396312",0.0446465351154779,0.253872405363693,0.157958400200339,0.0959140051633546,0.209225870248215,0.113311865084861
"481594",0.860001129641952,0.682111692022887,0.756385433907975,-0.0742737418850875,-0.177889437619065,-0.103615695733977
"557028",0.792686433551402,0.559088201773074,0.654850164111672,-0.095761962338598,-0.233598231778329,-0.13783626943973
"174015",0.115739160867341,0.196357540518886,0.162978922905643,0.0333786176132431,0.0806183796515445,0.0472397620383015
"67939",0.95437314161851,0.689113524001399,0.799302650160268,-0.110189126158869,-0.265259617617111,-0.155070491458242
"407891",2.13932372827416,0.756507037504266,1.31115676745914,-0.554649729954871,-1.38281669076989,-0.828166960815022
"520177",2.37218293548324,1.61263803703297,1.91541025490906,-0.302772217876084,-0.759544898450272,-0.456772680574189
"27850",0.0696964851872096,0.230199322416883,0.157139929781845,0.0730593926350386,0.160502837229674,0.0874434445946353
"356662",1.81851258985508,0.54134492218505,0.988531109354519,-0.447186187169469,-1.27716766767003,-0.829981480500565
"98565",0.923207415153134,0.401100555821165,0.590508061756658,-0.189407505935493,-0.522106859331969,-0.332699353396476
"114211",4.95980317405328,0.962534619472533,4.95980317405328,-3.99726855458075,-3.99726855458075,0
"54401",0.122281695410529,0.260938514474664,0.19053452251216,0.0704039919625035,0.138656819064135,0.0682528271016316
"6083",0.140844123724912,0.316943671344816,0.230166861657079,0.0867768096877365,0.176099547619904,0.0893227379321676
"159292",8.1524550078733,1.06712327433189,8.1524550078733,-7.0853317335414,-7.0853317335414,0
"75704",0.384436903642013,0.375544079762358,0.378974968433944,-0.0034308886715857,-0.00889282387965512,-0.00546193520806942
"231592",1.00624460131612,0.710175784479908,0.836078679102853,-0.125902894622945,-0.296068816836208,-0.170165922213263
"136527",0.608593779365528,0.319604542686193,0.439680628521024,-0.120076085834831,-0.288989236679334,-0.168913150844504
"195466",1e-08,0.0830241471132469,0.0426215016802656,0.0404026454329812,0.0830241371132469,0.0426214916802656
"299913",0.298015270028904,0.491190217613031,0.4085977049658,0.0825925126472308,0.193174947584126,0.110582434936896
"245267",2.29853418925097,1.3727859952032,1.72060460795143,-0.347818612748229,-0.925748194047771,-0.577929581299543
"482102",1.18859522052741,0.777337183366548,0.961005614379523,-0.183668431012975,-0.411258037160857,-0.227589606147882
"252650",1.11960677014241,2.61988680958301,1.93221977671571,0.687667032867301,1.5002800394406,0.812613006573302
"71215",3.38903596890455,0.784298957084677,1.69525453077615,-0.910955573691472,-2.60473701181987,-1.6937814381284
"242640",4.86434461006068,1.38737806219205,2.22992164324997,-0.842543581057922,-3.47696654786863,-2.63442296681071
"374519",3.95583853679098,1.25834315644843,2.09694654893665,-0.838603392488224,-2.69749538034254,-1.85889198785432
"331621",3.08091647307625,1.7760876119899,2.21049820575616,-0.434410593766261,-1.30482886108636,-0.870418267320097
"386616",0.798430971251931,0.307839321320264,0.51457120361397,-0.206731882293706,-0.490591649931667,-0.283859767637961
"549881",0.933061966616166,0.873284401308574,0.900762057037079,-0.0274776557285048,-0.0597775653075924,-0.0322999095790876
"120097",0.0669834141145774,0.2762807180304,0.169978988792074,0.106301729238326,0.209297303915823,0.102995574677497
"558557",3.69313208002238,1.64959515765012,2.32091189717606,-0.671316739525933,-2.04353692237226,-1.37222018284633
"133387",0.218767525158049,0.593460210185705,0.425487040310344,0.167973169875362,0.374692685027657,0.206719515152295
"317548",1.20327326238463,0.557359426484986,0.827390964024249,-0.270031537539263,-0.645913835899645,-0.375882298360382
"335501",0.266757562541016,0.342007438844436,0.312735991652447,0.0292714471919886,0.0752498763034192,0.0459784291114306
"305307",0.173308158602027,0.535416174506733,0.372778576582155,0.162637597924578,0.362108015904706,0.199470417980128
"387868",0.124256840772624,0.141085417011973,0.13242936203532,0.00865605497665259,0.0168285762393488,0.00817252126269626
"112946",1.0178923283647,0.712162889408693,0.84270427265287,-0.130541383244177,-0.305729438956005,-0.175188055711828
"171973",0.838027194864083,0.56076408801037,0.669319491880769,-0.108555403870399,-0.277263106853713,-0.168707702983314
"549871",1.30581155688488,1.05340273971054,1.15707345258683,-0.103670712876288,-0.252408817174339,-0.148738104298051
"29420",0.553415236291052,0.317518072863314,0.413114839489579,-0.0955967666262654,-0.235897163427738,-0.140300396801473
"28622",0.487837942372682,0.508172658584164,0.498886601337808,0.00928605724635595,0.0203347162114826,0.0110486589651266
"339424",0.0215518944802089,0.062000953490274,0.0438976339393922,0.0181033195508818,0.0404490590100651,0.0223457394591833
"121136",0.0986281838638998,0.230216902800287,0.168903615409316,0.0613132873909717,0.131588718936387,0.0702754315454158
"44121",0.202954434671051,0.382287637556398,0.309041503794507,0.0732461337618907,0.179333202885346,0.106087069123456
"216099",0.0623663859052178,0.1940004988304,0.128314352219522,0.0656861466108777,0.131634112925182,0.0659479663143046
"236282",2.29882598391072,1.36256387463193,1.58603757631971,-0.223473701687779,-0.936262109278792,-0.712788407591013
"250624",0.0798381708058018,0.0992784417486783,0.090380898268522,0.00889754348015633,0.0194402709428766,0.0105427274627202
"542054",0.100412365309236,0.0968314585831347,0.0985078070446564,-0.00167634846152169,-0.00358090672610115,-0.00190455826457946
"457362",0.0252043608647071,0.0742126843499827,0.0543445145622317,0.0198681697877511,0.0490083234852757,0.0291401536975246
"455748",0.559840577661126,0.294008274899798,0.39976524224086,-0.105756967341063,-0.265832302761329,-0.160075335420266
"37855",0.0573154747286511,0.15591080236113,0.106215959658207,0.0496948427029223,0.0985953276324787,0.0489004849295563
"414907",0.28765704152154,0.28075941663914,0.283504282294266,-0.00274486565512538,-0.00689762488239964,-0.00415275922727426
"575977",0.0979251841583928,0.32637131322984,0.21152029257738,0.11485102065246,0.228446129071447,0.113595108418987
"393483",1.17156237128916,0.669083846325265,0.887444007971412,-0.218360161646147,-0.502478524963896,-0.284118363317749
"182986",0.979939592142351,0.823486810224165,0.892701525283792,-0.0692147150596273,-0.156452781918186,-0.0872380668585587
"279673",0.358257043092291,0.438435882574477,0.404614436314836,0.033821446259641,0.0801788394821857,0.0463573932225447
"83705",0.340020327587866,0.395794757465933,0.373387543027163,0.0224072144387701,0.0557744298780675,0.0333672154392974
"165045",10,2.55280237590229,5.74448117572117,-3.19167879981888,-7.44719762409771,-4.25551882427883
"299186",0.218866373127291,0.425941125819158,0.344546620607698,0.08139450521146,0.207074752691868,0.125680247480408
"490760",0.128150925064446,0.262305767509777,0.218484064639792,0.0438217028699847,0.134154842445331,0.0903331395753463
"149560",1.12494401946457,1.01373100064838,1.05875774052855,-0.0450267398801714,-0.111213018816192,-0.0661862789360208
"31711",0.175676857746454,0.393472493564603,0.283477223767874,0.109995269796729,0.217795635818149,0.10780036602142
"115669",2.04238269288551,1.45019135095104,1.66769084900599,-0.217499498054952,-0.592191341934479,-0.374691843879527
"262450",0.700892079401806,0.893483218564953,0.811814237786147,0.0816689807788055,0.192591139163147,0.110922158384341
"61749",2.31382394954315,2.00242327583896,2.10605792675077,-0.103634650911801,-0.31140067370418,-0.207766022792379
"397112",0.538711490036306,0.887943603007379,0.743989706488874,0.143953896518505,0.349232112971072,0.205278216452567
"516038",1.41513885949472,1.27004160039068,1.33288845829924,-0.0628468579085575,-0.145097259104036,-0.082250401195479
"232495",0.0266851854019269,0.0748590524130227,0.0524789911495449,0.0223800612634778,0.0481738670110958,0.025793805747618
"55079",1.22959363619192,0.765675722538878,0.926663977628948,-0.160988255090069,-0.46391791365304,-0.302929658562971
"413952",3.98760928046651,1.29595035439122,2.13266162339066,-0.836711268999436,-2.69165892607528,-1.85494765707585
"328649",0.0604384736826982,0.0611888102052437,0.0607590220550005,0.000429788150243277,0.000750336522545587,0.000320548372302311
"52648",0.624890752222715,1.10747909804404,0.886500085676712,0.220979012367328,0.482588345821325,0.261609333453998
"510545",0.0812648700987814,0.185193616316847,0.135634907304258,0.0495587090125893,0.103928746218066,0.0543700372054767
"481703",0.0893615637894064,0.162689548368485,0.128781835915368,0.0339077124531172,0.0733279845790787,0.0394202721259615
"188947",0.867392100336117,0.649388618923712,0.73696824886247,-0.0875796299387575,-0.218003481412405,-0.130423851473647
"92840",0.572356520985636,0.328911865022474,0.429652524849917,-0.100740659827442,-0.243444655963162,-0.142703996135719
"263676",1.52164028221041,0.679512833085853,0.984581033460783,-0.30506820037493,-0.842127449124554,-0.537059248749624
"187842",0.920780509673856,0.726015235392875,0.809144170000104,-0.0831289346072289,-0.194765274280981,-0.111636339673752
"11184",3.15790276007709,0.611846812250656,3.15790276007709,-2.54605594782644,-2.54605594782644,0
"23256",1.01277126797859,0.569792921389127,0.746392848633161,-0.176599927244034,-0.442978346589461,-0.266378419345427
"195714",0.846244056705583,0.78059134944809,0.807797902711609,-0.0272065532635198,-0.0656527072574934,-0.0384461539939736
"560954",2.05955409145097,0.543620182700388,1.0946363359209,-0.551016153220517,-1.51593390875058,-0.964917755530064
"269404",0.020014662088039,0.197783238876803,0.119320682085315,0.0784625567914876,0.177768576788764,0.099306019997276
"116351",10,2.81775568270208,4.86794791190484,-2.05019222920276,-7.18224431729792,-5.13205208809516
"309937",1.95207761520687,0.600807362570291,1.00151281873036,-0.400705456160073,-1.35127025263658,-0.950564796476503
"462317",5.93888256063383,3.21727925643098,4.07697346056792,-0.859694204136936,-2.72160330420285,-1.86190910006591
"540525",5.93519107240564,3.22015466159788,4.07793535254654,-0.857780690948662,-2.71503641080776,-1.85725571985909
"162941",0.0317004985984214,0.147889162151869,0.104312528359336,0.0435766337925336,0.116188663553448,0.0726120297609143
"307907",1.06038554225721,0.547183946011788,0.751503287669805,-0.204319341658017,-0.513201596245427,-0.30888225458741
"518813",0.838724522833119,0.480291105010549,0.611918623793933,-0.131627518783383,-0.35843341782257,-0.226805899039187
"291765",0.327195202976798,0.468271213359316,0.407327921378877,0.0609432919804387,0.141076010382518,0.0801327184020789
"53300",0.44408212953523,0.651909673366178,0.556322210338035,0.0955874630281424,0.207827543830948,0.112240080802805
"25424",0.684027930592702,0.602404136085193,0.634185766671696,-0.0317816305865034,-0.0816237945075088,-0.0498421639210054
"475474",0.214399564711976,0.352586874468944,0.283269185116784,0.0693176893521606,0.138187309756968,0.0688696204048078
"508019",0.68797255835499,0.884939920527611,0.801044440423077,0.0838954801045343,0.196967362172621,0.113071882068087
"279933",3.42351977283079,1.58671523175062,2.17956884869158,-0.592853616940961,-1.83680454108017,-1.24395092413921
"383624",0.179977409668858,0.215080300319237,0.198263455299454,0.0168168450197826,0.0351028906503784,0.0182860456305958
"557300",1.45971501621423,0.521083950520562,0.829880583836207,-0.308796633315645,-0.938631065693672,-0.629834432378026
"9913",0.288779965306232,0.622634783991212,0.46281290137479,0.159821882616422,0.33385481868498,0.174032936068558
"57858",2.03638731720313,1.48420912360763,1.69478674018157,-0.210577616573939,-0.552178193595498,-0.341600577021559
"110970",1.09658671976132,1.16127402252636,1.13589776522697,0.0253762572993861,0.0646873027650345,0.0393110454656485
"315552",7.23721874630885,1.67764463404558,3.16187549137122,-1.48423085732564,-5.55957411226327,-4.07534325493764
"333587",2.41290413195105,1.22643805590471,1.65868279037858,-0.432244734473866,-1.18646607604634,-0.754221341572474
"116878",0.395540903365172,0.602209792748312,0.487613036795301,0.114596755953011,0.20666888938314,0.092072133430129
"34750",0.116487503528153,0.198351315880917,0.158542575093974,0.0398087407869432,0.0818638123527641,0.0420550715658208
"576073",0.829365602528203,0.707962763179088,0.75778499038822,-0.0498222272091322,-0.121402839349116,-0.0715806121399833
"146465",0.073774492430386,0.0732989607081671,0.0735111727306712,-0.00021221202250403,-0.000475531722218842,-0.000263319699714812
"330891",0.218267347250857,0.437725374293894,0.350336081534524,0.0873892927593699,0.219458027043037,0.132068734283667
"576631",0.684073249286604,0.558219203056406,0.618742009181257,-0.0605228061248512,-0.125854046230198,-0.0653312401053471
"52352",1.16755318758346,0.447900208079437,0.730325747603726,-0.282425539524288,-0.719652979504026,-0.437227439979737
"49406",0.108421837537151,0.439179854528436,0.303798976665024,0.135380877863411,0.330758016991284,0.195377139127873
"183390",0.12601204034885,0.344074701076074,0.242668125808008,0.101406575268066,0.218062660727224,0.116656085459158
"114578",0.210889046217742,0.0989204570877785,0.150111066590814,-0.0511906095030358,-0.111968589129964,-0.060777979626928
"505590",2.75882024730314,1.79746627510641,2.09503987320104,-0.297573598094626,-0.961353972196723,-0.663780374102097
"576309",0.970369521026875,0.728415286515026,0.809088868789003,-0.0806735822739776,-0.241954234511849,-0.161280652237871
"290383",1.614544034919,0.835372138074778,1.13540436145625,-0.300032223381472,-0.779171896844226,-0.479139673462755
"436592",0.0615847810288319,0.21937698851156,0.149727828801528,0.0696491597100315,0.157792207482728,0.0881430477726963
"153460",4.33524473529825,0.845930786229248,4.33524473529825,-3.489313949069,-3.489313949069,0
"411620",1.20072257180624,0.201874355505674,1.20072257180624,-0.998848216300564,-0.998848216300564,0
"436017",0.216226048304391,0.395488697509609,0.304032083840755,0.0914566136688539,0.179262649205218,0.0878060355363643
"549190",0.070363459002606,0.274004583633916,0.178388153926242,0.0956164297076743,0.20364112463131,0.108024694923636
"535847",6.72920893976487,1.23654072373865,6.72920893976487,-5.49266821602623,-5.49266821602623,0
"372438",0.0581073630406646,0.0821607345065038,0.0705548201082396,0.0116059143982642,0.0240533714658392,0.012447457067575
"332157",0.986640683840692,0.492636866507444,0.683220657840425,-0.190583791332981,-0.494003817333248,-0.303420026000267
"552689",0.35045761101802,0.516680318616323,0.438795224847671,0.077885093768652,0.166222707598303,0.0883376138296506
"143231",2.75274955030279,1.3868589535057,1.91605064468075,-0.529191691175049,-1.36589059679709,-0.83669890562204
"18905",7.26882747335597,1.98892140825687,3.48238325650515,-1.49346184824828,-5.2799060650991,-3.78644421685081
"358556",0.249491869101646,0.299041106268883,0.274449032471868,0.0245920737970153,0.049549237167237,0.0249571633702217
"435294",0.0736976569597733,0.257759306737892,0.176757345574962,0.0810019611629301,0.184061649778119,0.103059688615189
"77614",0.366824892678425,0.633360928078849,0.512955727669154,0.120405200409695,0.266536035400424,0.146130834990729
"206028",2.38798553296576,1.26976668535197,1.68557178637614,-0.415805101024177,-1.11821884761379,-0.702413746589614
"489556",0.178624367297076,0.378383393757815,0.303610310568161,0.0747730831896538,0.199759026460739,0.124985943271085
"119408",0.524433136554535,0.759034543394596,0.665278759583778,0.0937557838108184,0.234601406840061,0.140845623029243
"33020",10,3.79686848188417,5.66285218915297,-1.8659837072688,-6.20313151811583,-4.33714781084703
"352701",10,2.68392492680923,4.86170743903727,-2.17778251222804,-7.31607507319077,-5.13829256096273
"106502",0.0346050018968926,0.048717833832195,0.0418863777183546,0.00683145611384048,0.0141128319353024,0.00728137582146193
"513378",0.0961448409426619,0.190474265711572,0.149535730108748,0.0409385356028233,0.0943294247689097,0.0533908891660864
"124159",1.58400998065763,0.796004189319531,1.09281638724981,-0.296812197930283,-0.788005791338097,-0.491193593407814
"18837",1.77637754525884,1.02512602878481,1.33694442472505,-0.311818395940232,-0.751251516474022,-0.439433120533791
"52172",3.78527614483716,2.20345262654633,2.77783158888247,-0.574378962336133,-1.58182351829083,-1.0074445559547
"187223",4.82187151470724,4.01538004800705,4.28525326286253,-0.269873214855478,-0.806491466700192,-0.536618251844714
"418483",7.20641325821233,2.46835399497183,3.8793957147785,-1.41104171980667,-4.73805926324051,-3.32701754343383
"75162",9.9189575797032,4.65563226500931,5.91387460654553,-1.25824234153622,-5.26332531469388,-4.00508297315767
"555556",3.63951705940177,0.508838261894804,3.63951705940177,-3.13067879750696,-3.13067879750696,0
"301894",0.0908736352209276,0.232803222194997,0.169434839572159,0.0633683826228382,0.141929586974069,0.0785612043512311
"129510",0.430809542344952,0.206654226417753,0.286008610014442,-0.0793543835966888,-0.224155315927199,-0.14480093233051
"41458",2.38243966600491,0.991456508241243,1.45888787784536,-0.467431369604122,-1.39098315776367,-0.923551788159549
"134015",0.271734757500951,0.474332711464289,0.420536058962495,0.0537966525017944,0.202597953963338,0.148801301461544
"431998",0.182591560539219,0.409801157104474,0.317880027096318,0.0919211300081561,0.227209596565255,0.135288466557099
"425432",0.20178225909688,0.76525259819085,0.491370984015124,0.273881614175726,0.563470339093971,0.289588724918245
"16796",0.217599846566893,0.197514145170286,0.206670656591803,-0.00915651142151702,-0.020085701396607,-0.01092918997509
"3179",0.217329518281259,0.0918677781421754,0.149242680007862,-0.0573749018656864,-0.125461740139083,-0.0680868382733969
"510717",1.36280020163487,0.820138154765596,1.0212922380119,-0.201154083246305,-0.542662046869274,-0.34150796362297
"535231",0.479530530230327,0.450050887896278,0.462878022688993,-0.0128271347927152,-0.0294796423340493,-0.0166525075413341
"238783",1.70821288205527,0.826052426130202,1.17251580692426,-0.346463380794061,-0.882160455925064,-0.535697075131003
"333140",2.26677236831124,1.28231721184637,1.63567668347136,-0.353359471624988,-0.984455156464872,-0.631095684839884
"479605",6.9875255928452,2.12416813605963,3.50634316050397,-1.38217502444434,-4.86335745678557,-3.48118243234123
"533655",2.35023969183578,1.18484766166072,1.5967447987317,-0.411897137070973,-1.16539203017506,-0.753494893104085
"569698",6.12639241762518,2.56166812226608,3.61483395085079,-1.05316582858471,-3.56472429535909,-2.51155846677439
"208268",0.661611358765064,0.949788463469485,0.826655452697791,0.123133010771694,0.288177104704421,0.165044093932727
"194821",0.011854907048385,0.0575790640032584,0.0370120168700336,0.0205670471332248,0.0457241569548734,0.0251571098216486
"561956",0.662636096534942,0.807167886904754,0.746891134728535,0.0602767521762186,0.144531790369812,0.084255038193593
"175584",2.43153604738489,2.21404753920067,2.29029282587078,-0.0762452866701127,-0.217488508184225,-0.141243221514113
"27642",1e-08,0.10408685368763,0.0479357545707955,0.0561510991168347,0.10408684368763,0.0479357445707955
"503407",0.786882274071491,0.540140831272158,0.658092037080684,-0.117951205808525,-0.246741442799332,-0.128790236990807
"345066",2.16062340144941,1.67875846081641,1.8720375800767,-0.193279119260298,-0.481864940633008,-0.28858582137271
"317750",6.70542891209308,2.2932396093177,3.56745357424285,-1.27421396492515,-4.41218930277538,-3.13797533785023
"514314",10,3.56579010808998,5.04472966185616,-1.47893955376618,-6.43420989191002,-4.95527033814384
"363658",1.12965845917075,0.548309961952403,0.787764112496682,-0.239454150544279,-0.581348497218348,-0.341894346674069
"307355",2.32920257211358,1.36759154171396,1.72726026684933,-0.359668725135372,-0.961611030399623,-0.601942305264251
"570505",1.54012485740175,0.374251889174212,0.84513379395207,-0.470881904777859,-1.16587296822754,-0.694991063449684
"416823",0.285572848072677,0.619223188329109,0.470954918933236,0.148268269395873,0.333650340256433,0.185382070860559
"233490",0.216075805093814,0.355945878629836,0.287482380873062,0.0684634977567746,0.139870073536022,0.0714065757792472
"72908",0.263328298821346,0.675253354777876,0.485477140422679,0.189776214355197,0.41192505595653,0.222148841601333
"342769",2.76756113675412,1.29189150023802,1.85491566104492,-0.563024160806899,-1.4756696365161,-0.912645475709203
"154131",0.278567918167818,0.283691491206201,0.281193919218191,0.00249757198801048,0.0051235730383829,0.00262600105037242
"77210",4.58836276418568,0.933182822355829,2.00587426468308,-1.07269144232725,-3.65517994182985,-2.5824884995026
"310075",3.07803098040379,0.785192665994619,1.57320935716831,-0.788016691173694,-2.29283831440917,-1.50482162323547
"103531",1.09026245320829,1.6868696172049,1.41323453744958,0.273635079755328,0.596607163996614,0.322972084241286
"332313",5.65081461141307,3.02129497233973,3.82586987080738,-0.804574898467647,-2.62951963907334,-1.82494474060569
"236259",1.61668869347467,0.775575101893234,1.09023455448442,-0.314659452591189,-0.841113591581441,-0.526454138990252
"53633",1.17249917818534,1.02183566541931,1.07954829085436,-0.0577126254350462,-0.150663512766035,-0.0929508873309883
"342753",0.221876285164419,0.28720154251162,0.26468802851485,0.0225135139967699,0.0653252573472005,0.0428117433504307
"415173",0.278283420509032,0.120052011211487,0.195144555739435,-0.0750925445279479,-0.158231409297545,-0.0831388647695973
"81532",0.112512846096022,0.102910478257695,0.10747289000515,-0.00456241174745582,-0.00960236783832699,-0.00503995609087117
"457849",0.107303083239733,0.188961841855653,0.150624648118917,0.0383371937367361,0.0816587586159199,0.0433215648791838
"366039",0.404413808663694,0.309942353442535,0.346299146960246,-0.0363567935177108,-0.0944714552211591,-0.0581146617034484
"339534",7.0913231213696,1.88764731650348,3.31104480713444,-1.42339749063095,-5.20367580486611,-3.78027831423516
"538539",0.182172705815969,0.70337786580587,0.465693899948352,0.237683965857518,0.521205159989901,0.283521194132383
"275897",0.0447346537526846,0.0958855180536392,0.0694781953618282,0.0264073226918111,0.0511508643009547,0.0247435416091436
"425593",0.226185799712598,0.524005435673041,0.395157498000968,0.128847937672073,0.297819635960443,0.16897169828837
"448369",2.60676142525445,1.17669026964467,1.70347003535576,-0.526779765711085,-1.43007115560978,-0.903291389898695
"241340",0.0739164618223399,0.450260254353391,0.316501182907587,0.133759071445804,0.376343792531051,0.242584721085247
"333395",0.397234056568405,0.425636822886924,0.413421121570198,0.0122157013167261,0.0284027663185185,0.0161870650017924
"267710",1.34928140158911,0.824143085299581,1.01669486831198,-0.192551783012397,-0.525138316289527,-0.33258653327713
"121896",2.52892189772719,0.957157000795577,1.49943768406685,-0.542280683271273,-1.57176489693161,-1.02948421366034
"531636",0.514735930119417,0.377495523333759,0.432497943676513,-0.0550024203427544,-0.137240406785658,-0.0822379864429039
"9702",0.376186272858661,0.27099024736847,0.318803182480002,-0.0478129351115314,-0.105196025490191,-0.0573830903786592
"546822",0.510190215690725,0.602510423541007,0.55899907096436,0.0435113525766476,0.0923202078502821,0.0488088552736344
"376437",0.642947160065654,0.616320094938995,0.628446540442452,-0.0121264455034569,-0.0266270651266594,-0.0145006196232025
"149969",1e-08,0.0527234826245041,0.0274649145261278,0.0252585680983764,0.0527234726245041,0.0274649045261278
"125161",3.78298817103154,1.69205395436219,2.39243104066778,-0.700377086305588,-2.09093421666934,-1.39055713036376
"467291",0.692690633865823,0.503221687238439,0.571846984421263,-0.0686252971828236,-0.189468946627384,-0.12084364944456
"126352",0.0337069732918231,0.154464862155731,0.0996298514057698,0.054835010749961,0.120757888863908,0.0659228781139467
"277417",0.6092896211322,0.544504064395439,0.575054372577608,-0.0305503081821696,-0.0647855567367617,-0.034235248554592
"576764",0.288446220872444,0.579054282699253,0.440020903669953,0.1390333790293,0.290608061826809,0.151574682797509
"222935",0.688987517637349,0.79297173979365,0.749185154757683,0.0437865850359669,0.103984222156301,0.060197637120334
"62637",1.64067507474177,0.709887055004539,1.05450261071729,-0.344615555712755,-0.930788019737231,-0.586172464024477
"337661",1.37729800921584,0.689955493787568,0.93254762480706,-0.242592131019493,-0.687342515428275,-0.444750384408783
"292741",4.16633611114279,1.23038892687976,2.15458518688199,-0.924196260002235,-2.93594718426303,-2.0117509242608
"335651",0.433626057394609,1.05418966996919,0.73532091486375,0.318868755105436,0.620563612574577,0.301694857469141
"194716",0.0831227705127914,0.296758036844818,0.221877554542937,0.0748804823018811,0.213635266332026,0.138754784030145
"479920",1.24958958346838,1.22083656853305,1.23229245930274,-0.0114558907696956,-0.0287530149353328,-0.0172971241656372
"520900",0.161732377654624,0.0492308620928491,0.101913523865622,-0.0526826617727732,-0.112501515561775,-0.0598188537890015
"396188",1.5166096377102,1.30901444442074,1.35227513861622,-0.0432606941954801,-0.207595193289459,-0.164334499093979
"123592",2.39459127458899,0.962510618011593,1.46043843388936,-0.497927815877763,-1.4320806565774,-0.934152840699639
"476349",0.131100807646489,0.217915399450304,0.177496904590311,0.0404184948599928,0.086814591803815,0.0463960969438222
"301907",1.67311168812554,1.18125651242643,1.35275521438042,-0.171498701953987,-0.491855175699116,-0.320356473745128
"138497",0.0215774901526895,0.180323500171931,0.105168570955248,0.0751549292166836,0.158746010019242,0.0835910808025581
"43335",1.1537313189313,1.40879549482673,1.29996365948614,0.108831835340592,0.255064175895427,0.146232340554834
"387196",0.0571799971133018,0.1187896716389,0.0886361458199447,0.0301535258189554,0.0616096745255982,0.0314561487066428
"499573",0.25888917540985,0.31351463972373,0.287600863517331,0.0259137762063998,0.0546254643138803,0.0287116881074805
"509304",0.861057162149198,0.819516696458674,0.834371944005026,-0.0148552475463518,-0.0415404656905236,-0.0266852181441718
"433329",0.167023395701242,0.336994838974344,0.259526308694187,0.0774685302801573,0.169971443273102,0.0925029129929447
"108381",0.0462395136565118,0.204124031080302,0.126706032934145,0.0774179981461574,0.157884517423791,0.0804665192776331
"43888",3.75100414930554,1.30533371118849,2.05802792940947,-0.752694218220976,-2.44567043811705,-1.69297621989607
"529468",1e-08,0.11054815671866,0.0567848272849481,0.0537633294337119,0.11054814671866,0.0567848172849481
"572304",0.371186705429033,0.111999698737255,0.22708030823329,-0.115080609496034,-0.259187006691778,-0.144106397195743
"23056",0.74331286132986,0.723817899440873,0.732823911915198,-0.00900601247432475,-0.0194949618889863,-0.0104889494146615
"405939",1.25456451797693,0.248988107950519,0.586022595274219,-0.3370344873237,-1.00557641002641,-0.668541922702711
"247428",0.558154089393742,0.422213984538291,0.481814463152097,-0.0596004786138068,-0.135940104855451,-0.0763396262416444
"358231",0.546894271314865,0.601734843976337,0.575751782443274,0.0259830615330631,0.0548405726614721,0.0288575111284091
"289741",0.218295536743872,0.318960606029219,0.280333854034847,0.0386267519943717,0.100665069285347,0.0620383172909756
"8434",1.68513220992735,0.575613394277926,0.95317823180573,-0.377564837527804,-1.10951881564943,-0.731953978121624
"559716",2.57785817986567,1.32029787094356,1.79895420537726,-0.4786563344337,-1.25756030892211,-0.77890397448841
"77579",2.79763745097653,1.07062814243029,1.70993714365135,-0.639309001221054,-1.72700930854624,-1.08770030732518
"492016",1.34097255530776,0.596692895164849,0.839731879698915,-0.243038984534065,-0.744279660142907,-0.501240675608842
"124621",7.31284431421052,2.24769376186884,3.71703674721535,-1.46934298534651,-5.06515055234168,-3.59580756699516
"508357",3.18714985125283,2.45947370305283,2.72876655441784,-0.269292851365011,-0.7276761482,-0.458383296834988
"95927",1.51503745757617,0.787897484806596,1.05962134613005,-0.271723861323456,-0.727139972769573,-0.455416111446117
"162643",1.64994277111028,2.16113143355522,1.94710958627794,0.214021847277281,0.511188662444943,0.297166815167662
"383971",5.44716781143361,3.25547382322705,3.93378900012524,-0.678315176898196,-2.19169398820657,-1.51337881130837
"97872",0.591562098088011,0.704862344501457,0.661290405381295,0.0435719391201622,0.113300246413446,0.0697283072932841
"119449",0.439344852432962,0.269742363595748,0.333757502342899,-0.064015138747151,-0.169602488837214,-0.105587350090063
"312910",0.0875376973714606,0.187704989108725,0.140581369734779,0.0471236193739459,0.100167291737264,0.0530436723633185
"412560",1.31115201454114,0.401738941475039,0.75617782587079,-0.354438884395751,-0.909413073066103,-0.554974188670351
"245436",0.261278069128981,0.339583068158228,0.298938591831282,0.0406444763269467,0.0783049990292471,0.0376605227023004
"325718",0.27512393623029,0.433481391131258,0.35276167229314,0.0807197188381173,0.158357454900967,0.0776377360628502
"127180",0.0891852753800115,0.231721996609476,0.165366710561552,0.0663552860479237,0.142536721229465,0.0761814351815409
"477235",0.448961655967259,0.431260675307292,0.437383223274235,-0.00612254796694311,-0.0177009806599671,-0.011578432693024
"365386",0.175734462402914,0.442737941377029,0.334407481206805,0.108330460170224,0.267003478974116,0.158673018803891
"6869",0.0707369042661633,0.172092531740707,0.125634913015357,0.0464576187253498,0.101355627474544,0.0548980087491937
"85455",0.0628770639793462,0.0974298509502384,0.0811057848490379,0.0163240661012005,0.0345527869708921,0.0182287208696916
"81804",0.164169940967759,0.257965021015381,0.211568855599508,0.0463961654158734,0.0937950800476223,0.0473989146317489
"299912",1.41616709793869,0.822477043557573,1.04424147727527,-0.221764433717692,-0.59369005438112,-0.371925620663428
"82118",0.484011870021015,0.791788657868364,0.671494264022424,0.120294393845941,0.307776787847349,0.187482394001409
"67944",0.561346167921316,0.507654504517711,0.531995683677516,-0.0243411791598054,-0.053691663403605,-0.0293504842437996
"570523",0.2928696222088,0.370785322660224,0.339627672541798,0.0311576501184254,0.0779157004514235,0.0467580503329982
"236809",0.34951125713407,0.54790907568384,0.454572719497452,0.0933363561863885,0.198397818549771,0.105061462363382
"567378",1.26535072469931,1.10631838038688,1.16891304906273,-0.0625946686758565,-0.159032344312434,-0.0964376756365779
"339478",2.04273686309026,1.3722541785465,1.61813604933741,-0.245881870790907,-0.670482684543756,-0.424600813752849
"81354",0.237076074535237,0.67875685112873,0.47916547504095,0.199591376087781,0.441680776593493,0.242089400505712
"130427",2.26734438781201,1.06849673689036,1.4821028945016,-0.41360615761124,-1.19884765092165,-0.78524149331041
"90138",7.18063127476343,1.53988595219712,2.99864949058301,-1.45876353838589,-5.64074532256631,-4.18198178418042
"177084",0.331763347102587,0.385791745127098,0.364011427000709,0.0217803181263893,0.0540283980245116,0.0322480798981223
"538988",0.371490819471045,0.314369922839197,0.342702743224493,-0.0283328203852956,-0.0571208966318482,-0.0287880762465526
"67603",0.925791090551551,0.929636722963656,0.927456157696598,0.00218056526705768,0.003845632412105,0.00166506714504733
"203776",0.0751891742196392,0.209243842678574,0.146914169174306,0.0623296735042681,0.134054668458935,0.0717249949546668
"310131",2.57656688595848,1.36795560927087,1.83031665957192,-0.462361050301048,-1.20861127668761,-0.746250226386563
"96466",0.116901014652247,0.145857962814672,0.132967235941542,0.0128907268731305,0.0289569481624253,0.0160662212892948
"120564",0.0614775439406387,0.132291328411878,0.0987352338009726,0.0335560946109056,0.0708137844712395,0.0372576898603339
"337971",0.00849768930566846,0.176804396023931,0.100619104717703,0.0761852913062283,0.168306706718263,0.0921214154120343
"198444",0.200795709959876,0.329112407581708,0.279240716192389,0.0498716913893185,0.128316697621831,0.078445006232513
"509160",0.16476606890445,0.256703542311462,0.213994442241456,0.0427091000700058,0.0919374734070116,0.0492283733370058
"125058",0.0247913649431158,0.130531064016666,0.0833061366935731,0.0472249273230932,0.10573969907355,0.0585147717504573
"251065",0.97322202875926,0.811361571694867,0.870174626643426,-0.0588130549485585,-0.161860457064393,-0.103047402115835
"82344",1e-08,0.085828200952951,0.0463492856996109,0.0394789152533402,0.085828190952951,0.0463492756996109
"348369",0.736347584153789,0.852165333540374,0.802391444709964,0.0497738888304105,0.115817749386585,0.0660438605561745
"256614",1.25996355223592,0.968865869044203,1.07964919964249,-0.11078333059829,-0.291097683191712,-0.180314352593422
"523991",1.63159877852104,0.876567075773914,1.17131775534486,-0.294750679570947,-0.755031702747121,-0.460281023176174
"455229",0.681063422608978,0.805153897397161,0.753615728949728,0.0515381684474324,0.124090474788183,0.0725523063407508
"279399",0.0885463030695616,0.237940472849384,0.171861514946547,0.0660789579028374,0.149394169779823,0.0833152118769852
"498280",0.228528284320119,0.818653511792546,0.541118480030108,0.277535031762438,0.590125227472427,0.312590195709989
"29311",0.117554909663588,0.171439719632737,0.14651101980483,0.024928699827907,0.0538848099691493,0.0289561101412422
"59151",0.496142452877945,0.485927002820038,0.490580863828809,-0.00465386100877196,-0.0102154500579072,-0.00556158904913523
"461947",1e-08,0.0508334929314906,0.0268002086567974,0.0240332842746932,0.0508334829314906,0.0268001986567974
"424335",0.529087539366317,0.258703497112223,0.36245510339691,-0.103751606284687,-0.270384042254095,-0.166632435969407
"424763",1.77051290032788,0.523031619104802,0.949541427203903,-0.426509808099102,-1.24748128122308,-0.820971473123978
"359547",0.073968793806035,0.145000000500257,0.109384301020744,0.0356156994795131,0.0710312066942218,0.0354155072147087
"186870",0.702573373513565,0.631049576718797,0.665374116340068,-0.0343245396212708,-0.0715237967947683,-0.0371992571734975
"277392",1.96307240085936,0.612233208690161,1.11312166208345,-0.500888453393286,-1.35083919216919,-0.849950738775909
"396902",7.11545101176913,1.88544137959071,3.3218468362429,-1.43640545665219,-5.23000963217841,-3.79360417552622
"224110",0.735698678149887,0.990047582290821,0.89244009479559,0.0976074874952304,0.254348904140934,0.156741416645704
"232419",2.33882705992943,1.30382071520723,1.70234276484451,-0.398522049637283,-1.0350063447222,-0.636484295084921
"303245",6.48961085611705,2.26403954764647,3.48782156080719,-1.22378201316072,-4.22557130847057,-3.00178929530985
"72556",3.06134907287227,2.72473256623415,2.85130326289898,-0.126570696664833,-0.336616506638122,-0.210045809973289
"171474",4.14441384596463,2.27604045454025,2.77804181664366,-0.502001362103407,-1.86837339142438,-1.36637202932097
"438645",1.21766099561547,0.789923242194084,0.936749243744036,-0.146826001549953,-0.427737753421382,-0.280911751871429
"353217",0.503670011969479,0.547214238129116,0.526778923064611,0.0204353150645048,0.0435442261596368,0.023108911095132
"86633",0.0201981874344529,0.046221870737172,0.0338613925851235,0.0123604781520485,0.0260236833027191,0.0136632051506707
"340480",0.809934021277139,0.63001519192277,0.702789613838233,-0.0727744219154632,-0.179918829354369,-0.107144407438906
"222200",3.01072318151083,0.82577289719328,1.58544442537815,-0.759671528184868,-2.18495028431755,-1.42527875613268
"474335",0.0311558284297742,0.0327437395745093,0.0319948752590558,0.000748864315453443,0.00158791114473501,0.000839046829281563
"493007",1.2698202977035,0.921973741157844,1.05452788719066,-0.13255414603282,-0.347846556545658,-0.215292410512838
"480277",0.0237616404138078,0.114000652996718,0.0721220612720401,0.0418785917246776,0.0902390125829099,0.0483604208582323
"423810",0.389470986856108,0.291312356889201,0.329575796371854,-0.0382634394826529,-0.0981586299669072,-0.0598951904842542
"400446",0.0272855212847305,0.0898037566688139,0.0626173531433627,0.0271864035254512,0.0625182353840834,0.0353318318586322
"146923",0.0769439636126993,0.165243989472475,0.127092572772098,0.0381514167003768,0.0883000258597753,0.0501486091593984
"165264",2.19494092653346,1.36979072625934,1.67282298240093,-0.303032256141585,-0.82515020027412,-0.522117944132535
"328824",0.316937693887371,0.245523928392268,0.280630363875565,-0.0351064354832971,-0.0714137654951034,-0.0363073300118063
"367100",0.0281675810527894,0.0477252548181318,0.0377952603231751,0.00992999449495674,0.0195576737653424,0.00962767927038564
"397392",0.224058538254761,0.35741972893976,0.303744137448043,0.053675591491717,0.133361190684998,0.0796855991932811
"512510",1.37202570770674,1.08944769262653,1.2054762307337,-0.116028538107167,-0.28257801508021,-0.166549476973044
"36804",0.0988827587420773,0.22873303962982,0.165073103013525,0.0636599366162947,0.129850280887742,0.0661903442714476
"507742",4.98379496554531,0.898944322988091,4.98379496554531,-4.08485064255722,-4.08485064255722,0
"193446",0.206344577712725,0.141704868321578,0.173272640429342,-0.0315677721077633,-0.064639709391147,-0.0330719372833837
"44097",0.165998820651103,0.287566294362477,0.232059985623517,0.05550630873896,0.121567473711374,0.0660611649724139
"195312",0.785296754254516,0.24709882796137,0.463764477785781,-0.216665649824411,-0.538197926293146,-0.321532276468735
"392129",0.115633569826561,0.294511123979566,0.206684996620035,0.0878261273595316,0.178877554153006,0.0910514267934743
"29489",0.0477303365806256,0.196214654147225,0.13615054461344,0.0600641095337847,0.148484317566599,0.0884202080328143
"229149",0.044768296837907,0.279416502104641,0.167822880086481,0.11159362201816,0.234648205266734,0.123054583248574
"545499",0.0170645553728673,0.162109041575132,0.0943997218610032,0.0677093197141288,0.145044486202265,0.0773351664881359
"267058",2.89737601235603,1.78560328738061,2.17421113067996,-0.388607843299349,-1.11177272497542,-0.72316488167607
"545747",1.51372438071733,0.712314981086915,0.996156107465227,-0.283841126378312,-0.801409399630415,-0.517568273252103
"459050",0.0703143163341366,0.242679073964916,0.161416383303102,0.0812626906618142,0.172364757630779,0.0911020669689651
"197104",1.26021881647266,0.818227487236357,0.976672075752266,-0.158444588515909,-0.441991329236303,-0.283546740720394
"398093",2.46977363881775,1.10391121956949,1.5900428611807,-0.486131641611211,-1.36586241924826,-0.879730777637048
"172098",1.77721812307673,0.702919744996058,1.10776334253917,-0.404843597543109,-1.07429837808067,-0.669454780537562
"156621",2.9005884117351,2.56351030935389,2.68547890129129,-0.121968591937398,-0.33707810238121,-0.215109510443812
"71033",0.097442417079505,0.205755538479304,0.159344840591006,0.0464106978882979,0.108313121399799,0.0619024235115015
"425605",0.067572184826693,0.186895782039495,0.127481842769928,0.0594139392695676,0.119323597212802,0.0599096579432346
"230024",0.286152015606458,0.148027660317715,0.208406409752433,-0.0603787494347181,-0.138124355288743,-0.0777456058540249
"489365",0.647417012819565,0.239764079938475,0.404830611240664,-0.165066531302189,-0.40765293288109,-0.242586401578901
"290418",1e-08,0.16417307359349,0.0913556458934007,0.0728174277000897,0.16417306359349,0.0913556358934007
"256808",0.62202903345039,0.408960452803344,0.502110606030494,-0.0931501532271504,-0.213068580647047,-0.119918427419896
"37222",0.160940797882998,0.348258931127783,0.25576833931948,0.0924905918083028,0.187318133244784,0.0948275414364817
"149015",0.749278169216882,1.342815341478,1.11239765103177,0.230417690446237,0.593537172261122,0.363119481814886
"422218",0.118832150757636,0.299419596068319,0.208595727175899,0.0908238688924198,0.180587445310683,0.089763576418263
"40499",0.660997018184703,1.10701973841353,0.947908566100451,0.159111172313079,0.446022720228827,0.286911547915748
"78671",0.912821025104286,0.954965483507943,0.938689905409773,0.0162755780981702,0.0421444584036564,0.0258688803054863
"549999",0.0478419192235061,0.105199380038751,0.0771757586242474,0.0280236214145031,0.0573574608152444,0.0293338394007413
"459711",0.841640821393311,0.496654173478568,0.660352274263625,-0.163698100785057,-0.344986647914743,-0.181288547129686
"355842",0.768335923391625,0.514250494255566,0.634609913085548,-0.120359418829983,-0.254085429136059,-0.133726010306077
"369226",0.241912298666809,0.376020377884731,0.308816644068443,0.0672037338162876,0.134108079217922,0.0669043454016347
"227621",0.340236766760882,0.435610874571106,0.398386938206464,0.0372239363646422,0.095374107810224,0.0581501714455818
"79486",0.338538667104421,0.353434690595637,0.345391761715532,0.0080429288801051,0.0148960234912164,0.00685309461111133
"154727",0.246589094604092,0.536011345690641,0.380866900684428,0.155144445006212,0.289422251086548,0.134277806080336
"24519",0.735197943149398,0.787762643549369,0.76848957773543,0.0192730658139385,0.0525647003999702,0.0332916345860317
"152605",1e-08,0.0999753386082434,0.0472453592937134,0.05272997931453,0.0999753286082434,0.0472453492937134
"107678",0.200928910220232,0.451839118813808,0.318570393392556,0.133268725421252,0.250910208593576,0.117641483172324
"433449",0.246077310028753,0.11481884940701,0.175807233265158,-0.0609883838581488,-0.131258460621743,-0.0702700767635944
"493733",0.0165949794434509,0.0247616287490486,0.0206963093830738,0.0040653193659748,0.00816664930559768,0.00410132993962288
"490234",2.81060723948982,1.93631361935488,2.24014304656558,-0.303829427210698,-0.874293620134938,-0.57046419292424
"19389",0.606708884199516,0.580645516839056,0.59037446394281,-0.00972894710375383,-0.0260633673604598,-0.016334420256706
"191985",2.79115817976259,1.24501468923603,1.82580917291401,-0.580794483677979,-1.54614349052656,-0.965349006848585
"5484",0.0703073372366077,0.186529945358729,0.136816013047695,0.0497139323110343,0.116222608122121,0.066508675811087
"137467",0.0327400018245718,0.104406354827416,0.070062212258501,0.0343441425689155,0.0716663530028447,0.0373222104339292
"50772",0.42811910241245,0.684322886507021,0.594557181375219,0.0897657051318024,0.256203784094571,0.166438078962769
"63068",2.26408253788027,1.22687883178169,1.6035030517704,-0.37662421998871,-1.03720370609857,-0.660579486109865
"376280",0.125098874475143,0.272561812535084,0.20142829199141,0.0711335205436737,0.147462938059941,0.076329417516267
"139315",3.21783052478024,0.595055742178217,3.21783052478024,-2.62277478260202,-2.62277478260202,0
"32063",2.39409478771048,0.490975170482633,1.19915302799991,-0.708177857517282,-1.90311961722785,-1.19494175971056
"254925",2.59227339232884,0.913776991366197,1.48108314123128,-0.567306149865079,-1.67849640096264,-1.11119025109756
"172898",0.228100554420298,0.517298690810922,0.385258398051173,0.132040292759749,0.289198136390624,0.157157843630874
"323137",0.927894348128572,0.306116895810618,0.506931935312714,-0.200815039502097,-0.621777452317954,-0.420962412815857
"524123",0.208680331580347,0.817058888223668,0.516848292288424,0.300210595935244,0.608378556643321,0.308167960708077
"553354",1.16786570992859,1.32401827409443,1.25851450462398,0.0655037694704472,0.156152564165837,0.09064879469539
"173470",1.60560902822336,0.822740525660056,1.12256142102663,-0.29982089536657,-0.782868502563305,-0.483047607196734
"448464",0.410537429576798,0.759610303704422,0.587297217697731,0.172313086006691,0.349072874127624,0.176759788120933
"579400",0.0637363650133303,0.13432443991241,0.0986332781184993,0.0356911617939105,0.0705880748990795,0.034896913105169
"31148",0.00644276738193898,0.027509099335986,0.0167935289349157,0.0107155704010703,0.0210663319540471,0.0103507615529768
"317152",0.0556016106965155,0.238497760639903,0.151399887454429,0.0870978731854737,0.182896149943387,0.0957982767579134
"556320",0.0217787996226974,0.0401523171237517,0.0318046758132426,0.00834764131050913,0.0183735175010542,0.0100258761905451
"80291",0.0900182446471692,0.250700817058039,0.167981129117173,0.082719687940866,0.16068257241087,0.0779628844700041
"318898",0.100056268385353,0.224314761362794,0.169388459126512,0.0549263022362821,0.124258492977441,0.0693321907411585
"27811",0.379722234047794,0.907835052160018,0.692183034276855,0.215652017883163,0.528112818112223,0.31246080022906
"107875",4.27278710710412,1.02739992819182,2.01626681557733,-0.988866887385511,-3.2453871789123,-2.25652029152679
"201517",0.00894003202510617,0.122392042035916,0.070873955384656,0.0515180866512596,0.113452010010809,0.0619339233595498
"438356",0.0647203025870825,0.1457547897762,0.107035477184232,0.038719312591968,0.0810344871891178,0.0423151745971498
"150474",0.0191993233027745,0.125168360401221,0.0743092004806852,0.0508591599205354,0.105969037098446,0.0551098771779107
"246202",0.0807618713054602,0.203535857696018,0.148487258068635,0.0550485996273836,0.122773986390558,0.0677253867631746
"495650",2.35858872772814,1.55857526543246,1.87338413358097,-0.314808868148512,-0.800013462295679,-0.485204594147167
"577940",0.576741598526682,0.944768421655132,0.789187436351914,0.155580985303218,0.36802682312845,0.212445837825233
"308861",0.239815659682542,0.138958020299809,0.185753061332346,-0.0467950410325374,-0.100857639382734,-0.0540625983501964
"111236",2.06203588575033,0.572872816747599,1.11803558834135,-0.545162771593752,-1.48916306900273,-0.944000297408982
"133456",0.128469130727696,0.350073896235753,0.243453455322966,0.106620440912787,0.221604765508057,0.11498432459527
"438025",4.32065441554397,3.1980569524547,3.52231153609973,-0.324254583645028,-1.12259746308927,-0.798342879444238
"86551",0.371277616335814,0.780099508040524,0.607624111881574,0.17247539615895,0.40882189170471,0.23634649554576
"337986",0.627076977908473,1.12175785160938,0.889420171452444,0.232337680156931,0.494680873700903,0.262343193543972
"351035",0.0836476026792043,0.16845734905029,0.128630624774532,0.0398267242757575,0.0848097463710857,0.0449830220953281
"574826",1.6142618128674,0.993333091081781,1.24813705433641,-0.254803963254631,-0.620928721785618,-0.366124758530987
"393940",0.736147981914118,1.00868704213716,0.887135603021138,0.121551439116027,0.272539060223047,0.15098762110702
"265454",0.0758206796539014,0.268748320274512,0.179489185306185,0.0892591349683271,0.192927640620611,0.103668505652284
"538787",0.164821229280053,0.227150829280603,0.198650082358339,0.0285007469222634,0.0623296000005497,0.0338288530782863
"27102",0.0927760221536447,0.509161256003555,0.290274468042891,0.218886787960664,0.416385233849911,0.197498445889247
"439973",1e-08,0.110078873410362,0.0535036887953741,0.0565751846149876,0.110078863410362,0.0535036787953741
"469335",1.36824316483237,1.15732798542705,1.24450917343558,-0.0871811880085342,-0.210915179405327,-0.123733991396792
"23914",0.0453493715961602,0.187681955049172,0.117223876499547,0.070458078549625,0.142332583453011,0.0718745049033863
"139733",0.233970617509314,0.436203527704409,0.333328966623952,0.102874561080457,0.202232910195095,0.0993583491146374
"68036",3.15625580879418,0.695137044793417,1.51432938929723,-0.819192344503817,-2.46111876400076,-1.64192641949694
"57957",0.362020378291048,0.356010864784106,0.358361883294912,-0.00235101851080532,-0.00600951350694201,-0.00365849499613669
"118295",1.01582813961003,1.21049707887213,1.13457633030481,0.0759207485673186,0.194668939262102,0.118748190694783
"381809",0.111341756328144,0.139151191518788,0.125213271267637,0.0139379202511503,0.027809435190644,0.0138715149394937
"17651",3.40203304250342,1.69571711680741,2.25353664264025,-0.557819525832839,-1.70631592569601,-1.14849639986317
"359853",2.15383083665751,1.28805627061083,1.61152725197713,-0.323470981366296,-0.865774566046678,-0.542303584680382
"139224",0.164866385027154,0.605933471046872,0.42077147304477,0.185161998002102,0.441067086019718,0.255905088017616
"214295",1.80639737330814,0.595888381360202,1.03095549806481,-0.435067116704609,-1.21050899194794,-0.775441875243331
"351207",0.169625766161932,0.839304486488418,0.497001869386324,0.342302617102094,0.669678720326486,0.327376103224392
"107727",0.0468651751085956,0.095990177201673,0.0732148061830247,0.0227753710186483,0.0491250020930774,0.026349631074429
"469671",0.12076416289327,0.514307458469021,0.341734597678327,0.172572860790694,0.393543295575752,0.220970434785058
"338734",1.33279600199695,0.816324507350794,1.00710765340675,-0.190783146055958,-0.516471494646153,-0.325688348590195
"97194",3.39028864379662,1.51070847215723,2.10285801788606,-0.592149545728827,-1.87958017163939,-1.28743062591056
"504679",0.39773980669549,0.248310785957192,0.30167228392516,-0.0533614979679677,-0.149429020738297,-0.0960675227703296
"253087",0.241093152488903,0.461292952747202,0.368335501649611,0.0929574510975903,0.220199800258299,0.127242349160709
"431022",2.7094492501988,1.08634481913103,1.68067438179827,-0.594329562667237,-1.62310443106777,-1.02877486840053
"474050",1.93148609820226,0.853409949042335,1.28902610462659,-0.435616155584258,-1.07807614915992,-0.642459993575665
"267196",0.115380877485695,0.154986994253786,0.137027733438404,0.0179592608153819,0.0396061167680908,0.0216468559527089
"429417",0.0376470254214265,0.139572633171507,0.0902426999226561,0.0493299332488512,0.101925607750081,0.0525956745012296
"484605",0.294755510207233,0.574509989781464,0.447222208665901,0.127287781115563,0.27975447957423,0.152466698458667
"136407",0.825517085167382,0.532927231893668,0.645997335993804,-0.113070104100136,-0.292589853273714,-0.179519749173578
"511152",0.217186869191959,0.319127736653888,0.270173631111361,0.048954105542527,0.101940867461929,0.0529867619194023
"131915",0.599959774133093,0.23227668286864,0.37363107222031,-0.14135438935167,-0.367683091264453,-0.226328701912783
"222532",0.408099856123158,0.449144525908472,0.431784354190083,0.0173601717183891,0.0410446697853134,0.0236844980669244
"299963",0.025946996963336,0.177933911442153,0.106740706438643,0.0711932050035098,0.151986914478817,0.0807937094753074
"121392",1.67584598709287,0.34415238594252,0.772976460006944,-0.428824074064424,-1.33169360115035,-0.902869527085927
"5818",1.69142491491764,0.865435022827093,1.19447776832949,-0.329042745502401,-0.825989892090547,-0.496947146588146
"498568",2.9909304150507,0.942431704147791,1.67263040235519,-0.730198698207402,-2.04849871090291,-1.31830001269551
"199685",1.2763039368946,1.0425415889135,1.13535698972877,-0.092815400815274,-0.233762347981099,-0.140946947165825
"113725",1.88142272031065,0.894755095687395,1.2954118640414,-0.400656768354001,-0.986667624623251,-0.58601085626925
"126695",0.555530403407921,0.770934487638744,0.663642303440363,0.107292184198381,0.215404084230822,0.108111900032442
"577379",7.04599169288419,1.66791587342288,3.11077406318987,-1.44285818976699,-5.37807581946131,-3.93521762969432
"56000",5.09337990429084,2.57582574409587,3.32434375455626,-0.748518010460392,-2.51755416019497,-1.76903614973458
"72868",0.126929364672018,0.143797798437917,0.135669078065344,0.00812872037257337,0.0168684337658989,0.00873971339332555
"380708",1.97689872468989,0.687685846186268,1.18067288337023,-0.492987037183958,-1.28921287850362,-0.796225841319665
"89",0.0540451177969059,0.0653210983018753,0.0598840005205405,0.00543709778133476,0.0112759805049693,0.00583888272363455
"88016",1.12168260433442,1.02336462334999,1.06947883683471,-0.0461142134847154,-0.0983179809844341,-0.0522037674997187
"485960",0.00953761822311339,0.0960586994246404,0.0556365820548163,0.0404221173698242,0.086521081201527,0.0460989638317029
"317892",0.117646865149526,0.341817779936134,0.232638862432184,0.109178917503951,0.224170914786608,0.114991997282658
"489081",1.66988399589713,1.14586799977301,1.36558112873021,-0.219713128957201,-0.524015996124124,-0.304302867166924
"222086",0.440128607717392,0.168675540767426,0.252297481261772,-0.0836219404943465,-0.271453066949966,-0.187831126455619
"59487",0.0419804860687359,0.16191292689717,0.100699841460088,0.0612130854370824,0.119932440828434,0.0587193553913521
"487393",0.137500145278215,0.27547447738191,0.207171245304847,0.0683032320770633,0.137974332103695,0.069671100026632
"431852",0.102812284098666,0.602360748539573,0.33656448042032,0.265796268119252,0.499548464440906,0.233752196321654
"445786",1.97502678837021,1.53807272033902,1.70537430200393,-0.167301581664912,-0.436954068031191,-0.269652486366279
"456026",6.54042014112844,2.82871904286321,3.53413012760532,-0.705411084742118,-3.71170109826524,-3.00629001352312
"208704",10,2.51719989942887,4.2834114471127,-1.76621154768383,-7.48280010057113,-5.7165885528873
"566377",10,2.51719989942887,4.2834114471127,-1.76621154768383,-7.48280010057113,-5.7165885528873
"316040",0.648626689065846,0.508489549996159,0.572764186787116,-0.0642746367909564,-0.140137139069687,-0.0758625022787305
"469437",0.0993187643068545,0.330001357597361,0.208796759471048,0.121204598126313,0.230682593290506,0.109477995164193
"431170",0.117453869222713,0.246980887442201,0.18457911154458,0.0624017758976213,0.129527018219489,0.0671252423218673
"249129",2.85354002358174,1.07571378138021,1.73102473902419,-0.655310957643982,-1.77782624220154,-1.12251528455756
"85984",1e-08,0.083058448184839,0.0441859645591928,0.0388724836256462,0.083058438184839,0.0441859545591928
"290376",0.0880704254178517,0.156141315662064,0.12188073000612,0.0342605856559442,0.0680708902442123,0.0338103045882681
"252878",0.090629942910599,0.249650663953527,0.17002784450056,0.0796228194529678,0.159020721042928,0.0793979015899606
"549818",4.36524044110066,1.12497831938945,2.11184181557502,-0.986863496185575,-3.24026212171122,-2.25339862552564
"285939",10,1.97382830409285,3.95825849428922,-1.98443019019636,-8.02617169590715,-6.04174150571078
"428774",0.0552702119129789,0.234169919240963,0.149041572535215,0.085128346705748,0.178899707327985,0.0937713606222365
"458950",0.316048962137703,0.833316962292625,0.580673897917106,0.252643064375519,0.517268000154921,0.264624935779402
"206433",8.38574374267786,4.2105015809943,5.13637935410611,-0.925877773111801,-4.17524216168356,-3.24936438857176
"333947",3.4350631784729,1.95352740553238,2.46041223277776,-0.506884827245384,-1.48153577294052,-0.974650945695136
"377136",1.73883226162962,1.66725860804531,1.69444461396753,-0.0271860059222162,-0.0715736535843094,-0.0443876476620932
"377791",4.30688866235652,1.13541667628432,2.11759627124892,-0.982179594964593,-3.1714719860722,-2.18929239110761
"273957",0.026266519864227,0.164003085084895,0.0984575478038506,0.0655455372810442,0.137736565220668,0.0721910279396236
"563704",5.72077882726545,2.22862415607831,3.21460481933781,-0.985980663259495,-3.49215467118713,-2.50617400792764
"388446",0.36321106164014,0.496390645268411,0.43789399881357,0.0584966464548417,0.133179583628271,0.0746829371734294
"578510",3.47795180693134,1.67104189814829,2.25324432182852,-0.582202423680226,-1.80690990878305,-1.22470748510282
"467486",3.17975740248045,1.97128377524122,2.37588081375632,-0.404597038515108,-1.20847362723923,-0.80387658872412
"518387",0.632177888062277,0.592980650800198,0.607510716154454,-0.0145300653542552,-0.039197237262079,-0.0246671719078239
"408624",0.205141661248188,0.339867389147048,0.276301472725044,0.0635659164220045,0.13472572789886,0.0711598114768559
"258357",1.05403218754243,0.429188099641151,0.660678796100385,-0.231490696459233,-0.624844087901279,-0.393353391442046
"324338",2.43610057711247,0.821282295037769,1.35294987473964,-0.531667579701866,-1.6148182820747,-1.08315070237284
"200666",0.157733518386745,0.178475259391082,0.16925466163367,0.00922059775741271,0.0207417410043375,0.0115211432469248
"227545",3.7264091457928,1.17268650377131,1.92213837366662,-0.749451869895311,-2.55372264202149,-1.80427077212618
"141755",3.00301968889639,2.02878863849587,2.35322323872092,-0.324434600225054,-0.974231050400522,-0.649796450175468
"6267",0.860002046973002,1.23982486132064,1.09007633976212,0.149748521558519,0.379822814347635,0.230074292789117
"87986",1.69871643657773,0.724074191517838,1.08868572020146,-0.364611528683621,-0.974642245059892,-0.610030716376271
"278067",0.0884039034952958,0.275606619657245,0.181194379320038,0.0944122403372072,0.18720271616195,0.0927904758247425
"302992",10,2.20645471247228,4.4744306252978,-2.26797591282552,-7.79354528752772,-5.5255693747022
"377901",6.76260386757673,0.901148385090477,6.76260386757673,-5.86145548248626,-5.86145548248626,0
"67617",5.0603360190904,1.20288516127744,2.44443651240932,-1.24155135113188,-3.85745085781296,-2.61589950668108
"215099",0.311638852732809,0.507737052291052,0.421524653479374,0.0862123988116788,0.196098199558243,0.109885800746564
"175885",0.109251366628548,0.169550558041927,0.140657036004812,0.0288935220371143,0.0602991914133782,0.0314056693762639
"42392",1.66535256125117,1.90400658869969,1.81087613574183,0.0931304529578609,0.238654027448517,0.145523574490656
"561991",10,2.40980886204336,5.73060149312063,-3.32079263107727,-7.59019113795664,-4.26939850687937
"171891",6.83624213952341,1.98433331744083,2.79608800494659,-0.811754687505764,-4.85190882208259,-4.04015413457682
"546301",0.769428809010112,0.509370028882647,0.602884607312033,-0.0935145784293868,-0.260058780127465,-0.166544201698078
"117393",0.68469166682121,0.402881790950026,0.52564578214721,-0.122763991197185,-0.281809875871184,-0.159045884673999
"60401",2.94132758798097,1.613898751813,2.0139150475767,-0.400016295763706,-1.32742883616798,-0.92741254040427
"558069",0.503489453315445,0.642438255932613,0.576423472129884,0.0660147838027297,0.138948802617168,0.0729340188144384
"448193",0.201950092215363,0.106014540625638,0.148693051830925,-0.0426785112052863,-0.0959355515897248,-0.0532570403844385
"345821",1e-08,0.082295924620689,0.0439143041494563,0.0383816204712326,0.082295914620689,0.0439142941494563
"554625",0.0223132756508022,0.0355069161056117,0.0290607668425615,0.00644614926305016,0.0131936404548095,0.00674749119175936
"114703",0.0433946180363428,0.0972520438560115,0.0723098382754371,0.0249422055805743,0.0538574258196687,0.0289152202390943
"190853",1e-08,0.175516060373966,0.0905284193294479,0.0849876410445176,0.175516050373966,0.0905284093294479
"489372",0.0146561681619977,0.101971812256534,0.0598837766016078,0.042088035654926,0.0873156440945361,0.0452276084396101
"521533",0.953224127397144,1.56184683001871,1.29773963543438,0.264107194584322,0.608622702621561,0.34451550803724
"11217",0.651029864224986,0.690713170062468,0.675499905548378,0.0152132645140898,0.0396833058374813,0.0244700413233915
"574818",1.17735559759899,1.09197879905888,1.12763115630944,-0.0356523572505658,-0.0853767985401168,-0.049724441289551
"457092",5.95486317287381,2.00197992555066,3.08180015702359,-1.07982023147293,-3.95288324732315,-2.87306301585022
"350825",1.16195395403554,0.947274701826506,1.02771778559566,-0.0804430837691582,-0.214679252209033,-0.134236168439875
"385044",1.43051070138632,0.732397887256493,0.99067890641138,-0.258281019154887,-0.698112814129831,-0.439831794974944
"250940",1.56225141558562,0.888428972833057,1.15227687888587,-0.263847906052812,-0.673822442752558,-0.409974536699746
"476091",1.18196023357726,0.600804972598439,0.840569081220803,-0.239764108622363,-0.581155260978823,-0.34139115235646
"309686",0.0411249816485582,0.188172489117991,0.11367695452496,0.0744955345930316,0.147047507469433,0.0725519728764014
"382233",0.166616299802464,0.19137509450344,0.17921615433147,0.0121589401719707,0.0247587947009762,0.0125998545290056
"62037",0.0171634699561965,0.15314516371783,0.0890706809340694,0.0640744827837609,0.135981693761634,0.0719072109778729
"408760",2.83716662934135,2.43507222628294,2.57806165274978,-0.142989426466844,-0.402094403058411,-0.259104976591568
"425369",0.00940400522136117,0.104894205360666,0.0624910029851368,0.0424032023755293,0.0954902001393049,0.0530869977637757
"414650",1.19267315066821,0.568320205850179,0.831608015276089,-0.26328780942591,-0.624352944818034,-0.361065135392124
"254734",1.23712113054786,1.14031333524169,1.17958887964221,-0.0392755444005219,-0.0968077953061732,-0.0575322509056513
"20398",0.679614056441296,0.70532796166984,0.69487527382624,0.0104526878436008,0.0257139052285449,0.0152612173849441
"505519",7.20193304971139,1.99220285818381,3.46020293954736,-1.46800008136355,-5.20973019152758,-3.74173011016403
"460221",0.586785746499731,0.684313633017789,0.646809924416314,0.0375037086014749,0.0975278865180578,0.0600241779165829
"88120",0.270144302852473,0.278450133024051,0.275582551730363,0.00286758129368775,0.00830583017157743,0.00543824887788968
"177353",0.327444675644463,0.739971230155165,0.545630828914702,0.194340401240463,0.412526554510702,0.218186153270239
"470014",0.591691582541049,0.273698745783157,0.398207078856252,-0.124508333073094,-0.317992836757892,-0.193484503684797
"420322",0.237206037945458,0.543386029460582,0.405055169291512,0.138330860169069,0.306179991515124,0.167849131346054
"522280",4.87707984187546,0.506387582267274,4.87707984187546,-4.37069225960818,-4.37069225960818,0
"83605",1.09358971993167,1.03035602423801,1.05361498219371,-0.0232589579557023,-0.063233695693667,-0.0399747377379647
"460654",2.45054778877603,0.99922836273488,1.49028766013388,-0.491059297399003,-1.45131942604115,-0.960260128642147
"179060",1.11342028575143,1.02924854235039,1.06181707557041,-0.0325685332200176,-0.0841717434010334,-0.0516032101810158
"259279",5.06590102410359,3.39588883252546,3.70122992373512,-0.305341091209661,-1.67001219157814,-1.36467110036848
"516896",1.20079418154919,1.19288578926224,1.19629479775243,-0.00340900849019476,-0.00790839228695561,-0.00449938379676085
"170793",0.0666595449173708,0.242864133507393,0.160196912797599,0.0826672207097935,0.176204588590022,0.0935373678802286
"95620",0.00469546011218455,0.0664106822239019,0.0387878184216276,0.0276228638022742,0.0617152221117173,0.0340923583094431
"514047",1e-08,0.296515477864737,0.162115573341962,0.134399904522774,0.296515467864737,0.162115563341962
"164273",4.88315292422582,0.991791409430265,2.17087198889586,-1.17908057946559,-3.89136151479556,-2.71228093532996
"69499",0.123766426989605,0.040620772947643,0.0777701345033129,-0.0371493615556699,-0.0831456540419624,-0.0459962924862924
"413603",0.215213971457252,0.212512195879815,0.213710824131715,-0.0011986282518999,-0.00270177557743673,-0.00150314732553683
"218913",0.0236304285708131,0.12442002205664,0.0726797232533993,0.0517402988032404,0.100789593485827,0.0490492946825862
"243241",10,5.15117234596832,7.31010996424448,-2.15893761827616,-4.84882765403168,-2.68989003575552
"332139",2.45134034794143,1.76262327438022,2.04172492652265,-0.279101652142429,-0.688717073561203,-0.409615421418774
"405743",3.80354395133874,1.81783215929416,2.48949350395566,-0.671661344661501,-1.98571179204458,-1.31405044738308
"187241",1e-08,0.119135415352758,0.0648940053932206,0.0542414099595379,0.119135405352758,0.0648939953932206
"433000",0.0166309009569804,0.27403335809653,0.15150563360404,0.122527724492489,0.257402457139549,0.13487473264706
"527686",0.130323998311582,0.204810434432917,0.167069976090175,0.0377404583427424,0.0744864361213349,0.0367459777785926
"570271",4.37283062357638,1.16903602732238,2.14945823729956,-0.980422209977181,-3.203794596254,-2.22337238627682
"270564",0.0927150028151781,0.381184218749113,0.243342619390422,0.137841599358692,0.288469215933935,0.150627616575244
"397609",0.994187613054151,1.25676482279028,1.15175384230045,0.105010980489835,0.262577209736132,0.157566229246297
"245710",0.34872519084459,0.62242675700837,0.49850881412907,0.1239179428793,0.27370156616378,0.14978362328448
"457555",2.80116256543031,1.06469540195294,1.70648124220391,-0.641785840250976,-1.73646716347737,-1.09468132322639
"479207",1e-08,0.109110181453153,0.0588224235710828,0.0502877578820698,0.109110171453153,0.0588224135710828
"472198",0.122349299353336,0.286307030114583,0.209165906123507,0.0771411239910762,0.163957730761248,0.0868166067701713
"3331",1.22236616672448,0.642267269589079,0.832564537507034,-0.190297267917956,-0.580098897135402,-0.389801629217446
"393007",4.1938990982022,1.21149870754053,2.12217882470888,-0.91068011716835,-2.98240039066168,-2.07172027349333
"18304",0.196352448110263,0.429569543127373,0.341872533357413,0.0876970097699605,0.233217095017111,0.14552008524715
"200334",0.415544068030929,0.55342121030634,0.491382952655312,0.0620382576510287,0.137877142275411,0.0758388846243824
"243505",0.54624959351136,0.797170363372749,0.696907531136156,0.100262832236593,0.250920769861389,0.150657937624796
"11672",1.00445751601703,1.36572471468396,1.21616154005934,0.149563174624627,0.36126719866693,0.211704024042303
"374083",0.749937590377176,0.625691395498718,0.673859651960197,-0.0481682564614786,-0.124246194878458,-0.0760779384169792
"33731",0.00307128712005317,0.0497949386934724,0.0284253199929028,0.0213696187005696,0.0467236515734192,0.0253540328728496
"348162",2.19909854783108,1.08558756112941,1.47438512163592,-0.388797560506514,-1.11351098670167,-0.724713426195157
"458294",1.15811975895842,0.847656224352337,0.959902679869452,-0.112246455517116,-0.310463534606079,-0.198217079088964
"462686",0.363333709494813,0.788860977141786,0.614140403123491,0.174720574018295,0.425527267646973,0.250806693628678
"22105",0.0783713753961642,0.441695947627966,0.253055232588545,0.188640715039421,0.363324572231802,0.17468385719238
"470635",0.101624073514503,0.328508618162293,0.215168842174559,0.113339775987734,0.22688454464779,0.113544768660056
"254674",0.027629326624093,0.116913972625509,0.0715497925937349,0.0453641800317745,0.0892846460014164,0.0439204659696419
"137601",7.05460742128122,1.98713599599415,3.42886394293578,-1.44172794694163,-5.06747142528707,-3.62574347834544
"247667",0.0243360948160908,0.109057076607841,0.0715021772272678,0.037554899380573,0.08472098179175,0.047166082411177
"397511",1.22088753780275,0.987994413994204,1.07601365009747,-0.0880192361032668,-0.232893123808543,-0.144873887705276
"433149",1.05384675133807,0.76193575016915,0.866795929583221,-0.104860179414071,-0.291911001168919,-0.187050821754847
"289076",0.133743383462238,0.158755302652258,0.147451252122146,0.0113040505301122,0.0250119191900198,0.0137078686599076
"303826",0.74461435049269,0.237308884835156,0.447433875993925,-0.210124991158769,-0.507305465657534,-0.297180474498765
"339368",0.0375757378153961,0.231728765968447,0.146456342684789,0.0852724232836579,0.194153028153051,0.108880604869393
"468799",2.26875763797419,2.16303118953621,2.19927127286371,-0.0362400833274976,-0.105726448437977,-0.0694863651104796
"238992",10,3.05872145413126,5.44211606149434,-2.38339460736307,-6.94127854586874,-4.55788393850566
"470457",2.94807077610781,0.695268133853484,1.41578016058244,-0.720512026728953,-2.25280264225432,-1.53229061552537
"130760",1e-08,0.241494557903387,0.131413555000938,0.110081002902449,0.241494547903387,0.131413545000938
"259004",0.165613035749356,0.265467023456146,0.216288393802061,0.0491786296540855,0.0998539877067902,0.0506753580527048
"351591",0.0497702262190918,0.215939814314739,0.131702749955303,0.0842370643594358,0.166169588095647,0.0819325237362112
"22140",0.172573937019783,0.188372916551261,0.180167398680748,0.00820551787051269,0.0157989795314786,0.00759346166096589
"423851",0.46567880895392,0.429854277144999,0.444785994479614,-0.014931717334615,-0.035824531808921,-0.020892814474306
"554180",0.657629496510759,0.773476502196556,0.724470282227587,0.0490062199689688,0.115847005685797,0.0668407857168286
"438334",0.879732738824883,0.920569742308814,0.902073044338967,0.0184966979698468,0.0408370034839306,0.0223403055140838
"153119",0.277554972715001,0.481607759947381,0.377104078127518,0.104503681819863,0.20405278723238,0.0995491054125173
"248212",4.68713806694524,0.982528573547718,2.10977123712954,-1.12724266358182,-3.70460949339752,-2.5773668298157
"487214",0.342383388128847,0.158476907375867,0.241544407097389,-0.0830674997215228,-0.18390648075298,-0.100838981031458
"538556",2.46157262819712,2.26341504032275,2.32920979609117,-0.065794755768422,-0.198157587874372,-0.13236283210595
"276727",1.07385534109468,0.332488744149202,0.590730294068677,-0.258241549919475,-0.741366596945475,-0.483125047026
"420198",0.294343153802226,0.196716465705766,0.226997357423134,-0.0302808917173683,-0.0976266880964602,-0.067345796379092
"520344",0.350287077238192,0.515494764294582,0.444144634315238,0.0713501299793438,0.16520768705639,0.0938575570770461
"510467",0.147115000724456,0.273945987922598,0.214981531093341,0.0589644568292573,0.126830987198142,0.0678665303688846
"83700",0.462675206286878,0.669898035528405,0.591359381345291,0.0785386541831141,0.207222829241527,0.128684175058413
"121135",0.726418905016628,0.440397793267923,0.547166345423173,-0.106768552155249,-0.286021111748704,-0.179252559593455
"77180",0.468409709199176,0.308186724993068,0.373674737684163,-0.0654880126910945,-0.160222984206108,-0.0947349715150133
"474767",0.394122759266006,0.318592884089333,0.347050676286082,-0.0284577921967488,-0.0755298751766731,-0.0470720829799243
"264239",1.78191663921128,0.794141565270337,1.17957327247,-0.385431707199668,-0.987775073940948,-0.60234336674128
"89130",2.69392831537683,1.14866040511153,1.7195985731733,-0.570938168061767,-1.54526791026529,-0.974329742203528
"20307",0.384643985562979,0.246030675229205,0.315352218967399,-0.0693215437381944,-0.138613310333774,-0.0692917665955801
"121151",0.00871895708154645,0.0530550706295317,0.0320627626137054,0.0209923080158262,0.0443361135479852,0.023343805532159
"232906",0.543501524106113,0.798987135096466,0.672065080815359,0.126922054281107,0.255485610990353,0.128563556709246
"335265",0.487371847178884,0.374810270298576,0.42248804784332,-0.0476777775447444,-0.112561576880308,-0.064883799335564
"416904",1.68417028897455,0.852880274463374,1.10065298159491,-0.247772707131535,-0.831290014511177,-0.583517307379642
"298280",1.28806086589173,0.46672675008735,0.790466760339404,-0.323740010252054,-0.821334115804378,-0.497594105552324
"100752",0.512118188564538,0.276060311414388,0.369842565187142,-0.0937822537727539,-0.23605787715015,-0.142275623377396
"550967",0.279626731960071,0.365287529471248,0.32977197424176,0.0355155552294886,0.0856607975111776,0.0501452422816889
"360260",0.0927000692951285,0.118753256612784,0.107149323126847,0.0116039334859367,0.0260531873176553,0.0144492538317187
"456294",3.00100929203737,1.86596392490163,2.2385929138221,-0.372628988920469,-1.13504536713574,-0.762416378215271
"542283",0.64527332101909,0.567058997169843,0.594646279548968,-0.0275872823791243,-0.0782143238492471,-0.0506270414701228
"303518",3.97915485797144,1.42071448427995,2.23953474163992,-0.818820257359973,-2.55844037369149,-1.73962011633152
"15833",10,2.16590906888156,4.43967859636437,-2.2737695274828,-7.83409093111844,-5.56032140363563
"366240",1.50222622040538,0.999511418985354,1.19741456064866,-0.197903141663306,-0.502714801420022,-0.304811659756716
"476216",1.17212324911736,0.839470061635907,0.989510422276613,-0.150040360640706,-0.332653187481453,-0.182612826840747
"550170",2.5339575299134,1.10811448764579,1.61353429489772,-0.505419807251931,-1.42584304226762,-0.920423235015685
"243053",1.87295860274157,1.42874905134512,1.58975959415911,-0.161010542813995,-0.444209551396452,-0.283199008582457
"531658",0.0887570365289648,0.263816984236285,0.174364704509524,0.089452279726761,0.17505994770732,0.0856076679805588
"215580",3.71564499432639,1.63277378327643,2.33065405371942,-0.697880270442988,-2.08287121104996,-1.38499094060697
"548516",0.680300801448032,0.596756612504494,0.627271157748544,-0.0305145452440503,-0.0835441889435378,-0.0530296436994875
"496910",0.510620421395249,0.950008312833688,0.76978916368505,0.180219149148638,0.439387891438439,0.259168742289801
"485994",0.276846002054377,0.824389325024414,0.553408289604009,0.270981035420405,0.547543322970037,0.276562287549632
"111659",0.805190318520783,0.707957662531161,0.746847613968573,-0.0388899514374115,-0.0972326559896214,-0.0583427045522099
"351273",1.20082860391983,0.709672335421678,0.925214031685497,-0.215541696263819,-0.491156268498155,-0.275614572234336
"507528",2.18711995320125,1.06595096085022,1.44683522264905,-0.380884261798829,-1.12116899235103,-0.740284730552205
"469934",0.0118479179212263,0.143817470211445,0.0860917621926687,0.0577257080187767,0.131969552290219,0.0742438442714424
"120212",0.46532279090085,0.720185358838845,0.626645806945755,0.0935395518930898,0.254862567937995,0.161323016044905
"78148",2.2673207637108,0.961601490858493,1.39033817325785,-0.428736682399354,-1.30571927285231,-0.876982590452956
"1929",2.48760478161652,0.96707041534715,1.49075615144841,-0.523685736101258,-1.52053436626937,-0.996848630168111
"496098",0.117443878289985,0.610185422854484,0.340442134547838,0.269743288306646,0.492741544564499,0.222998256257853
"312345",2.5208034988877,1.03836187664379,1.56304059423865,-0.524678717594857,-1.48244162224391,-0.957762904649055
"9350",0.138194898729303,0.139147976618416,0.138723595679541,0.000424380938874286,0.000953077889112475,0.000528696950238189
"29052",2.22051188647537,1.20310552804235,1.5719962281872,-0.368890700144848,-1.01740635843302,-0.648515658288167
"438309",0.196104623993017,0.38149529347043,0.290042239991653,0.0914530534787767,0.185390669477413,0.0939376159986365
"516677",1.458000117426,0.945660105641543,1.14747733501709,-0.201817229375549,-0.512340011784454,-0.310522782408904
"510866",0.177426420072506,0.249430576880966,0.213408583830766,0.0360219930501998,0.07200415680846,0.0359821637582602
"220342",0.460886409644086,0.802904268909665,0.629059999967753,0.173844268941912,0.342017859265579,0.168173590323667
"553352",0.892488051841143,0.937298337789179,0.921134295404215,0.0161640423849645,0.0448102859480363,0.0286462435630718
"39783",0.10497086543556,0.140547505553061,0.124530969745292,0.0160165358077695,0.0355766401175009,0.0195601043097314
"565828",0.559714958364735,0.322080508135275,0.42038758125859,-0.0983070731233154,-0.23763445022946,-0.139327377106145
"293746",0.870727150973906,0.872852817526837,0.87179804311195,0.00105477441488777,0.00212566655293156,0.00107089213804379
"59113",0.25702514720331,0.439334674372053,0.342555465971945,0.0967792084001088,0.182309527168744,0.085530318768635
"274337",4.09558125762248,1.76244900965104,2.56912069898509,-0.806671689334049,-2.33313224797144,-1.52646055863739
"216423",5.31187036603255,1.1676829323215,2.51502808697418,-1.34734515465268,-4.14418743371105,-2.79684227905837
"273527",0.171298823269034,0.410505873615937,0.287801331179467,0.12270454243647,0.239207050346903,0.116502507910434
"515480",0.281399517113246,0.218389364009222,0.248967430588896,-0.0305780665796743,-0.0630101531040239,-0.0324320865243496
"424014",0.0148024722119173,0.206814501543228,0.121712367689751,0.0851021338534771,0.192012029331311,0.106909895477834
"146816",2.32611273720199,2.44027571201385,2.40098420635049,0.0392915056633618,0.114162974811863,0.0748714691485008
"118116",0.128254491747087,0.267625062876584,0.202300287352941,0.0653247755236422,0.139370571129496,0.0740457956058543
"236944",0.176943665200997,0.260785265577679,0.220650715841272,0.040134549736407,0.0838416003766813,0.0437070506402744
"83066",0.899616829665896,0.747697996708446,0.812291594892186,-0.0645935981837401,-0.15191883295745,-0.0873252347737096
"244549",0.325577472791244,0.505211890237138,0.429701700665347,0.075510189571791,0.179634417445894,0.104124227874103
"554826",0.926682595928786,0.762113112190035,0.833256592216847,-0.0711434800268129,-0.164569483738752,-0.0934260037119389
"190911",0.447929849566017,0.411586867153136,0.427049411584317,-0.015462544431181,-0.036342982412881,-0.0208804379817
"349613",0.367329492490806,0.325344219048001,0.341392981121939,-0.016048762073938,-0.0419852734428054,-0.0259365113688675
"95459",0.443027335152521,0.376699427626993,0.403156728438502,-0.0264573008115098,-0.0663279075255289,-0.039870606714019
"466614",0.205409094584518,0.251658096828617,0.229264440907969,0.022393655920648,0.046249002244099,0.023855346323451
"152735",0.965190910759491,0.646093854901781,0.777685201309065,-0.131591346407285,-0.31909705585771,-0.187505709450425
"285760",0.412148604222366,0.719621430496751,0.609958779283638,0.109662651213112,0.307472826274385,0.197810175061273
"270914",0.237186874396592,0.253873257181814,0.245742427061326,0.00813083012048765,0.016686382785222,0.00855555266473432
"21997",0.0151159647936339,0.166387870127077,0.0988176201720628,0.067570249955014,0.151271905333443,0.0837016553784289
"530086",1.24905024660452,0.96844665676174,1.07374661874121,-0.10529996197947,-0.280603589842778,-0.175303627863307
"117133",0.157022352009235,0.0958660946459871,0.12484262663253,-0.0289765319865432,-0.0611562573632481,-0.032179725376705
"59019",2.39922040936829,1.11373547828008,1.58008010026941,-0.466344621989329,-1.28548493108822,-0.819140309098888
"462230",0.435260815767146,0.421532695033465,0.427572267654089,-0.00603957262062349,-0.0137281207336808,-0.00768854811305736
"360106",1.45391785410229,1.37517496173769,1.40236372447542,-0.0271887627377312,-0.0787428923646052,-0.051554129626874
"480136",0.413355383397428,0.309667695521229,0.351487074005124,-0.0418193784838948,-0.1036876878762,-0.0618683093923048
"568614",0.064745183037711,0.062128643722106,0.0633363334459936,-0.00120768972388765,-0.00261653931560504,-0.00140884959171739
"130490",5.44203052856575,0.490655246860231,5.44203052856575,-4.95137528170552,-4.95137528170552,0
"447491",0.000522764862108036,0.147427912551199,0.0828994122522854,0.0645285002989137,0.146905147689091,0.0823766473901773
"252375",1.43318109271822,1.9989016580302,1.78064660531166,0.218255052718544,0.565720565311988,0.347465512593444
"506947",1.42852722904392,0.853606772742025,1.07766159162049,-0.224054818878468,-0.57492045630189,-0.350865637423422
"106489",0.640358581360801,0.338047444538093,0.461228812460655,-0.123181367922561,-0.302311136822708,-0.179129768900147
"67954",6.52834586873771,2.11773516752161,3.33939266742225,-1.22165749990063,-4.4106107012161,-3.18895320131546
"129954",0.199989368210424,0.219212459749642,0.210912576894719,0.00829988285492339,0.0192230915392185,0.0109232086842951
"127585",1.19440919138067,1.77975803462701,1.54293616219967,0.236821872427341,0.585348843246349,0.348526970819008
"537688",2.20792608268329,1.67105998147981,1.82724709757778,-0.156187116097969,-0.536866101203471,-0.380678985105502
"247264",0.0410928211869827,0.228640710203103,0.136292655011716,0.0923480551913876,0.187547889016121,0.0951998338247331
"366173",0.726832484292159,1.07281572991105,0.913977132342117,0.158838597568937,0.345983245618895,0.187144648049958
"87690",0.00604492719899516,0.035895127682976,0.0208949892839488,0.0150001383990272,0.0298502004839808,0.0148500620849536
"303052",0.105135048584441,0.382265110241685,0.25096881988692,0.131296290354765,0.277130061657244,0.145833771302479
"529299",1.00813893916493,0.627848750494263,0.785847549254664,-0.1579987987604,-0.380290188670666,-0.222291389910266
"60030",0.120663593824443,0.0956753728990375,0.107253360038637,-0.0115779871395997,-0.0249882209254052,-0.0134102337858055
"579457",2.33548008946443,1.52124164914317,1.83783142553987,-0.316589776396701,-0.814238440321254,-0.497648663924553
"5937",1.52390731011302,1.4274623226192,1.46951946624717,-0.0420571436279706,-0.0964449874938231,-0.0543878438658525
"412826",10,3.03620691276873,4.51121560400762,-1.47500869123889,-6.96379308723127,-5.48878439599238
"68831",3.64173595866628,1.48011190291983,2.16377991073154,-0.68366800781171,-2.16162405574645,-1.47795604793474
"476954",0.644035716770956,0.495756802692975,0.545431212559128,-0.0496744098661528,-0.148278914077981,-0.098604504211828
"531904",0.0658261064468895,0.188530322158994,0.131796387021616,0.0567339351373781,0.122704215712105,0.0659702805747267
"482897",0.580188430352995,0.684721224478295,0.644194520141711,0.0405267043365842,0.1045327941253,0.064006089788716
"324914",1.29418949525121,0.855658154240577,1.01756352277921,-0.161905368538629,-0.438531341010632,-0.276625972472002
"564666",1e-08,0.0354744007544937,0.0193809656501923,0.0160934351043013,0.0354743907544936,0.0193809556501923
"425487",2.90246225954696,2.03419378958714,2.32025809137348,-0.286064301786341,-0.86826846995982,-0.582204168173479
"469649",0.38782847552829,0.571821847136533,0.489919288586457,0.081902558550076,0.183993371608244,0.102090813058168
"536588",0.0617379874918553,0.258217940848886,0.16514673496222,0.0930712058866661,0.196479953357031,0.103408747470365
"227064",1.57119680386252,0.608682593270144,0.941615134356378,-0.332932541086234,-0.962514210592372,-0.629581669506137
"264829",1.48580273493837,0.619583997679792,0.915325242493675,-0.295741244813883,-0.866218737258573,-0.57047749244469
"200834",0.852219727109599,0.898507320319882,0.877782575229584,0.0207247450902981,0.046287593210283,0.0255628481199849
"541283",1.56007635361705,1.58373789418432,1.57513609780299,0.00860179638132674,0.0236615405672718,0.015059744185945
"240801",10,3.35272991765793,6.53337673742817,-3.18064681977025,-6.64727008234207,-3.46662326257183
"51714",10,3.73713408554522,8.17657281045614,-4.43943872491093,-6.26286591445478,-1.82342718954386
"7675",7.6196073534934,1.98388831452822,3.58237971594013,-1.59849140141191,-5.63571903896518,-4.03722763755327
"20",10,2.37116045627026,4.86238679502822,-2.49122633875796,-7.62883954372974,-5.13761320497178
"238498",4.83753104480189,2.22651102335139,2.90331636416855,-0.676805340817163,-2.61102002145049,-1.93421468063333
"170663",0.0390151063117172,0.177725008725147,0.111520857604664,0.0662041511204826,0.138709902413429,0.0725057512929467
"235950",1e-08,0.595322110561675,0.320516784500564,0.274805326061112,0.595322100561675,0.320516774500564
"137401",0.577653505789048,0.469424667839186,0.517702414512944,-0.0482777466737583,-0.108228837949862,-0.0599510912761032
"57948",1.33191083545663,1.26795806166616,1.29530200711037,-0.027343945444201,-0.063952773790461,-0.03660882834626
"175318",0.387581212467969,0.317365082912349,0.344595544291975,-0.0272304613796262,-0.0702161295556202,-0.042985668175994
"36958",0.0241141227966221,0.25296474424355,0.14394276450695,0.1090219797366,0.228850621446928,0.119828641710328
"545098",0.269792507220127,0.562490391934917,0.43549578101461,0.126994610920307,0.29269788471479,0.165703273794483
"50705",0.738517185279336,0.870268507073158,0.813899481349856,0.056369025723302,0.131751321793822,0.0753822960705202
"559076",3.4047381965587,1.79952130521684,2.3524387787959,-0.552917473579061,-1.60521689134187,-1.05229941776281
"293338",1e-08,0.346620464605646,0.180731757661664,0.165888706943981,0.346620454605646,0.180731747661664
"498049",0.360732504539415,0.613700045758106,0.495537281160874,0.118162764597232,0.25296754121869,0.134804776621459
"116469",1e-08,0.21038588600203,0.110330296982736,0.100055589019294,0.21038587600203,0.110330286982736
"514129",0.801383900582825,0.557752463073921,0.647550463139109,-0.0897980000651882,-0.243631437508904,-0.153833437443716
"280587",0.0521189215891534,0.23883384620332,0.159781525133203,0.0790523210701166,0.186714924614167,0.10766260354405
"410116",1.86466335922395,1.53255862021316,1.66021582299407,-0.127657202780912,-0.332104739010791,-0.204447536229879
"121614",4.20153941191493,1.2738064612046,2.18138769068973,-0.907581229485122,-2.92773295071033,-2.0201517212252
"532026",0.690816378850179,0.982509137996141,0.852536061081058,0.129973076915083,0.291692759145963,0.16171968223088
"512529",0.0682744322566141,0.110267049652317,0.0903101571400183,0.0199568925122982,0.0419926173957025,0.0220357248834043
"274905",0.798781684306407,0.470113249056892,0.59235264794164,-0.122239398884748,-0.328668435249515,-0.206429036364767
"39509",0.416722564242426,0.527088373211718,0.477973632284811,0.0491147409269068,0.110365808969292,0.0612510680423852
"335742",0.031689788064904,0.107577573987023,0.0719890686954851,0.035588505291538,0.075887785922119,0.040299280630581
"530280",2.05284346539802,0.999950317543806,1.35661403504132,-0.356663717497513,-1.05289314785421,-0.6962294303567
"62633",0.109683891300852,0.127408354541999,0.119736177624328,0.00767217691767103,0.0177244632411468,0.0100522863234757
"84616",3.45404753193038,2.1209757359357,2.59177886437679,-0.47080312844109,-1.33307179599468,-0.862268667553586
"226982",0.0748066214613439,0.167457267517166,0.124676840131575,0.0427804273855912,0.0926506460558223,0.0498702186702312
"215662",4.18882389303787,1.22879265061239,2.14409844829362,-0.915305797681234,-2.96003124242548,-2.04472544474424
"551988",0.0183878790041176,0.0770303778902606,0.0479104709439728,0.0291199069462879,0.058642498886143,0.0295225919398551
"143845",0.739422845780142,0.249067846619664,0.446419263327502,-0.197351416707838,-0.490354999160478,-0.29300358245264
"140680",0.972936714435948,0.293811083831642,0.590091065751208,-0.296279981919565,-0.679125630604306,-0.38284564868474
"200233",1.18564596742465,0.638972900419626,0.873726967125738,-0.234754066706112,-0.546673067005023,-0.311919000298911
"412510",0.12602846385191,0.273137132153693,0.206304783176337,0.0668323489773558,0.147108668301782,0.0802763193244263
"356852",0.088580981412332,0.112630911852727,0.101119212818338,0.0115116990343893,0.0240499304403954,0.0125382314060061
"15581",1.33290165427646,0.862823152955041,1.04088829893133,-0.178065145976289,-0.470078501321419,-0.29201335534513
"288616",0.102380541057426,0.0834420698567506,0.0913611242059109,-0.00791905434916025,-0.0189384712006757,-0.0110194168515154
"568012",2.20007214844113,1.39344054620726,1.69645390435084,-0.303013358143581,-0.806631602233871,-0.50361824409029
"124012",0.263618793941437,0.729626158833318,0.512036689710206,0.217589469123112,0.466007364891881,0.248417895768769
"199079",0.598502683869748,0.371848094304409,0.469807512212691,-0.0979594179082819,-0.226654589565339,-0.128695171657057
"215868",3.46079904078721,0.850193925506941,1.79229980156987,-0.942105876062933,-2.61060511528027,-1.66849923921734
"190641",6.87632711583302,2.36576313040682,3.69319267769305,-1.32742954728623,-4.51056398542619,-3.18313443813996
"231852",4.65800284683443,1.7050802757736,2.7336421469565,-1.0285618711829,-2.95292257106083,-1.92436069987793
"401086",10,2.0245558241211,4.60415296526757,-2.57959714114647,-7.9754441758789,-5.39584703473243
"41508",10,2.79852912909011,4.71816224083889,-1.91963311174878,-7.20147087090989,-5.28183775916111
"44032",0.263612918113692,0.22964374198922,0.246672547906762,-0.0170288059175422,-0.0339691761244715,-0.0169403702069293
"75284",0.831020143954848,0.399554568658069,0.551671719052486,-0.152117150394417,-0.431465575296779,-0.279348424902362
"444353",2.71623978724241,0.825206337219876,1.44417646083714,-0.618970123617266,-1.89103345002254,-1.27206332640527
"223503",1.07404826767521,0.755067550627413,0.868515422672233,-0.113447872044821,-0.318980717047802,-0.205532845002981
"269432",1.07383520573146,1.34139478329178,1.23264182025466,0.108752963037119,0.267559577560318,0.158806614523199
"394294",2.02914869139797,1.13148694000642,1.38147448958664,-0.249987549580214,-0.897661751391549,-0.647674201811335
"420116",2.621867613527,0.89423638722459,1.48806787991799,-0.593831492693405,-1.72763122630241,-1.13379973360901
"112706",3.9547595141892,0.354613672858972,3.9547595141892,-3.60014584133022,-3.60014584133022,0
"238355",0.778313884743696,0.44190857437546,0.559400323035947,-0.117491748660487,-0.336405310368236,-0.218913561707749
"153696",3.05428732154966,0.85365755903847,1.6216892582909,-0.768031699252429,-2.20062976251119,-1.43259806325876
"364380",2.50147781072697,1.02375282129309,1.53568528489851,-0.511932463605424,-1.47772498943389,-0.965792525828464
"346421",1.18117539409549,0.872960191053219,0.989113756682183,-0.116153565628964,-0.308215203042269,-0.192061637413305
"529568",1.32311854748596,1.05968710363146,1.16573090688444,-0.106043803252986,-0.263431443854505,-0.15738764060152
"562203",0.263185444804698,0.438568635688593,0.362095688526003,0.0764729471625903,0.175383190883895,0.0989102437213046
"424171",0.671555190167291,0.971748723235154,0.841299884675337,0.130448838559817,0.300193533067863,0.169744694508046
"194058",1e-08,0.246666671487986,0.135823343612864,0.110843327875121,0.246666661487986,0.135823333612864
"38323",0.925428844151496,0.221813954122841,0.499264026888631,-0.27745007276579,-0.703614890028655,-0.426164817262865
"425255",0.593568753451106,0.237364629990496,0.371426938225327,-0.134062308234831,-0.35620412346061,-0.222141815225779
"543632",0.0868868895997987,0.240266102426853,0.168431310001917,0.0718347924249357,0.153379212827054,0.0815444204021182
"53830",0.116834920398467,0.283717142208465,0.202944641109771,0.0807725010986939,0.166882221809998,0.0861097207113045
"282351",1.72158842919573,1.13127062380069,1.38198248558461,-0.250711861783928,-0.590317805395047,-0.33960594361112
"282842",0.0167157000692522,0.0464304120513986,0.0327994944029686,0.01363091764843,0.0297147119821464,0.0160837943337164
"469638",1.70631334181974,0.857431041742988,1.19369490255983,-0.336263860816839,-0.848882300076748,-0.512618439259909
"18979",1.5119007305775,0.643861111383173,0.95231955060205,-0.308458439218876,-0.868039619194327,-0.559581179975451
"161419",0.610658327360165,0.634123830398863,0.625568219354263,0.00855561104460012,0.0234655030386977,0.0149098919940975
"372138",0.058652439748238,0.0967733666314872,0.0773096516658359,0.0194637149656513,0.0381209268832491,0.0186572119175978
"225344",0.163280190222096,0.339206685156292,0.254782548214169,0.0844241369421228,0.175926494934196,0.0915023579920728
"516175",0.0376587801032878,0.14234659328672,0.0917818779774938,0.0505647153092258,0.104687813183432,0.0541230978742059
"81096",0.882909546152817,1.00598126305861,0.947119490768266,0.0588617722903467,0.123071716905796,0.0642099446154492
"289710",0.322608343963942,0.493229926483224,0.422081519825832,0.0711484066573927,0.170621582519282,0.0994731758618893
"384838",0.184466067547209,0.320632113870454,0.250211024160068,0.0704210897103869,0.136166046323246,0.0657449566128587
"284854",4.37813400554658,1.77698490319939,2.68167884002561,-0.904693936826224,-2.60114910234719,-1.69645516552097
"81488",0.0329347792924104,0.140520447528147,0.0894411160273329,0.0510793315008137,0.107585668235736,0.0565063367349225
"421097",1.05755665163425,0.617507356489779,0.802201385957289,-0.184694029467511,-0.440049295144469,-0.255355265676958
"217227",0.0955667559570965,0.088157990031399,0.0917460754653422,-0.00358808543394329,-0.00740876592569757,-0.00382068049175428
"562528",0.90006567059411,0.394191379697731,0.571727820657435,-0.177536440959704,-0.505874290896379,-0.328337849936675
"440173",0.0692663061837243,0.177926085851605,0.127709252222026,0.050216833629579,0.108659779667881,0.0584429460383016
"252477",5.0356655628841,0.97446907633119,5.0356655628841,-4.06119648655291,-4.06119648655291,0
"244867",3.71681044590069,1.33603992581023,2.05235981627472,-0.716319890464485,-2.38077052009045,-1.66445062962597
"523786",0.0684326222731618,0.194252091160285,0.135236353527594,0.0590157376326916,0.125819468887123,0.0668037312544319
"563860",0.204921650292148,0.547904163294342,0.400637566298208,0.147266596996133,0.342982513002194,0.19571591600606
"377784",0.570578766648347,0.919784721762134,0.766210378059243,0.153574343702891,0.349205955113788,0.195631611410896
"118745",1.4242328152545,0.509523667058281,0.886219882842175,-0.376696215783893,-0.914709148196216,-0.538012932412323
"126639",0.22298705995277,0.345234731257204,0.283103281979777,0.0621314492774264,0.122247671304433,0.060116222027007
"16832",2.60802825421509,0.975459154892384,1.54976754091198,-0.574308386019598,-1.63256909932271,-1.05826071330311
"466764",2.42449579853738,1.84300342440109,2.01992268612867,-0.17691926172758,-0.581492374136295,-0.404573112408715
"191393",2.2571266419733,0.948147581421883,1.38725967603667,-0.43911209461479,-1.30897906055142,-0.869866965936626
"196623",3.14077228285609,2.17906065156412,2.51205401609396,-0.332993364529836,-0.96171163129197,-0.628718266762133
"70800",6.00342584298422,2.18678829629557,3.23545959919162,-1.04867130289605,-3.81663754668865,-2.76796624379259
"231687",1.88577904963886,0.743985400761926,1.18745547662451,-0.443470075862589,-1.14179364887693,-0.698323573014344
"212098",2.11789924012239,0.594170647489786,1.16591338698672,-0.571742739496936,-1.52372859263261,-0.951985853135672
"277386",1.38817958960049,0.891199759719187,1.08187138595751,-0.19067162623832,-0.496979829881304,-0.306308203642984
"461476",0.472500031209415,0.261484056838592,0.363576411647065,-0.102092354808473,-0.211015974370823,-0.10892361956235
"217352",1e-08,0.0481222356999322,0.0257827940259843,0.0223394416739479,0.0481222256999322,0.0257827840259843
"277269",0.110714479726682,0.277136396264388,0.205836623746575,0.0712997725178126,0.166421916537706,0.0951221440198932
"179202",0.892148621371483,1.2959892618254,1.13077133554498,0.165217926280421,0.403840640453918,0.238622714173498
"463094",1.15017703358907,0.391725791429841,0.673738064237606,-0.282012272807765,-0.758451242159229,-0.476438969351464
"270956",1.92582421108009,0.958303929108301,1.29833024923931,-0.340026320131013,-0.967520281971785,-0.627493961840772
"250449",0.00661280442168915,0.0359068532900957,0.0216160767572201,0.0142907765328756,0.0292940488684066,0.015003272335531
"284779",2.56236046592225,0.741772308103914,1.33225239047529,-0.590480082371373,-1.82058815781834,-1.23010807544696
"67710",0.876690985632507,0.569602385640183,0.69067180219428,-0.121069416554097,-0.307088599992324,-0.186019183438227
"511630",0.108759976211334,0.172930917926972,0.141947007580728,0.0309839103462444,0.0641709417156384,0.033187031369394
"101525",10,4.68010842530926,6.07220268438833,-1.39209425907907,-5.31989157469074,-3.92779731561167
"191568",6.18029453840592,2.56612392627231,3.6409940440383,-1.07487011776599,-3.61417061213361,-2.53930049436761
"24971",6.22530880511509,2.30343212376075,3.43267195994293,-1.12923983618218,-3.92187668135434,-2.79263684517216
"333869",6.1098971298832,2.66856267648272,3.702638436108,-1.03407575962527,-3.44133445340048,-2.40725869377521
"348090",10,3.91096573501059,5.64610118150569,-1.7351354464951,-6.08903426498941,-4.35389881849431
"368036",10,7.711222762215,10,-2.288777237785,-2.288777237785,0
"407406",10,6.61522960670632,9.28743342250016,-2.67220381579384,-3.38477039329368,-0.712566577499839
"454779",10,4.02196908544472,5.81032756334317,-1.78835847789844,-5.97803091455528,-4.18967243665683
"486664",6.79787012844932,1.48825292911834,2.85710908832867,-1.36885615921033,-5.30961719933098,-3.94076104012065
"520138",10,4.02196908544472,5.81032756334317,-1.78835847789844,-5.97803091455528,-4.18967243665683
"576844",5.49992147876219,3.42027676940466,4.08028345159223,-0.660006682187571,-2.07964470935753,-1.41963802716996
"438242",1.30037278761457,0.719280319836475,0.924841672173086,-0.20556135233661,-0.581092467778094,-0.375531115441483
"350180",0.589336460251663,0.237380838642431,0.410752745456816,-0.173371906814385,-0.351955621609232,-0.178583714794847
"110716",0.447972561763887,0.780712285181064,0.654369553768108,0.126342731412956,0.332739723417177,0.206396992004221
"470022",0.0829803760639769,0.412168837028099,0.289886882370292,0.122281954657807,0.329188460964122,0.206906506306315
"139858",3.79873058211777,2.14566573095149,2.55231943559442,-0.406653704642931,-1.65306485116628,-1.24641114652335
"375405",0.16684292991815,0.235185946517516,0.204356719099492,0.0308292274180244,0.0683430165993657,0.0375137891813414
"424593",1e-08,0.070015060557978,0.0380259888324581,0.0319890717255199,0.070015050557978,0.0380259788324581
"166065",1e-08,0.239076057256617,0.119544627160678,0.119531430095939,0.239076047256617,0.119544617160678
"229036",0.310820737430835,0.218697019529375,0.262866078528542,-0.0441690589991668,-0.09212371790146,-0.0479546589022933
"102587",1.59430288988467,2.01006164235852,1.84459400751225,0.165467634846264,0.415758752473844,0.25029111762758
"448317",2.46402698019125,1.12339751118074,1.60661662489367,-0.483219113712935,-1.34062946901051,-0.857410355297578
"570678",0.644723321426319,0.256548011931252,0.409133793637517,-0.152585781706265,-0.388175309495067,-0.235589527788802
"398398",1.55590495315565,0.683908868329686,0.993603992310751,-0.309695123981065,-0.871996084825962,-0.562300960844896
"184369",0.254345445717734,1.04346244897572,0.626241947752522,0.417220501223196,0.789117003257984,0.371896502034789
"56547",5.0745562342034,1.83863819717635,2.70745364533792,-0.868815448161561,-3.23591803702705,-2.36710258886548
"482993",0.0382832118194678,0.118510473336278,0.0782436867305183,0.0402667866057599,0.0802272615168104,0.0399604749110505
"77182",0.0942653881924144,0.13601367597704,0.116711172528084,0.0193025034489561,0.041748287784626,0.0224457843356699
"50535",0.659497701720896,0.802085235338319,0.741754368044687,0.0603308672936321,0.142587533617423,0.082256666323791
"456974",0.183754719505688,0.298377873919329,0.236575214103259,0.06180265981607,0.114623154413641,0.0528204945975713
"512526",0.781724945643799,1.12122549406965,0.965177278871186,0.156048215198462,0.33950054842585,0.183452333227388
"573721",4.33249759375616,1.00420490524899,1.96135393938318,-0.957149034134188,-3.32829268850717,-2.37114365437299
"378983",0.268415455762219,0.384484998715582,0.340153949448889,0.0443310492666936,0.116069542953363,0.0717384936866694
"262448",1.97165651293364,1.3647680569561,1.58344406076651,-0.218676003810415,-0.606888455977538,-0.388212452167124
"86636",1.74720227024368,1.5306104535344,1.61004779319815,-0.079437339663752,-0.216591816709277,-0.137154477045525
"281554",1.21125351996693,0.369020580585218,0.677340058138909,-0.308319477553691,-0.842232939381716,-0.533913461828026
"440188",1.66638565383847,0.791950841719715,1.12954816280934,-0.337597321089627,-0.87443481211875,-0.536837491029122
"192096",0.39257828337103,0.43149485816934,0.414825282774934,0.0166695753944061,0.0389165747983103,0.0222469994039043
"276549",0.128593738858982,0.270477328269556,0.203958001037024,0.0665193272325314,0.141883589410574,0.0753642621780429
"418117",0.415755541921172,0.482647491783548,0.454767038930418,0.0278804528531304,0.0668919498623757,0.0390114970092453
"96009",0.220228992912267,0.320404121476667,0.272976969366292,0.0474271521103752,0.100175128564399,0.0527479764540243
"371006",0.516369289543874,0.9055472557426,0.73811208616058,0.16743516958202,0.389177966198727,0.221742796616707
"292799",1e-08,0.221443844533448,0.127764679765937,0.0936791647675112,0.221443834533448,0.127764669765937
"121306",3.30444917274409,0.476498403340555,3.30444917274409,-2.82795076940354,-2.82795076940354,0
"184547",0.100288157952393,0.686637844755342,0.433735798758776,0.252902045996565,0.586349686802949,0.333447640806383
"83527",0.57051998870901,0.704882327186605,0.653378721417271,0.0515036057693343,0.134362338477595,0.0828587327082606
"312219",0.0796403329835546,0.415575553049736,0.249271967891182,0.166303585158554,0.335935220066182,0.169631634907627
"542241",0.175463440132624,0.408586338460682,0.311845444009478,0.0967408944512045,0.233122898328058,0.136382003876854
"59022",1.36384548053298,0.913860956267227,1.08562909676927,-0.171768140502043,-0.449984524265752,-0.278216383763708
"565710",0.724322087068002,0.753711545134761,0.740603028845001,0.0131085162897607,0.029389458066759,0.0162809417769982
"556194",3.81018362333556,1.3837154182397,2.14315614554078,-0.759440727301076,-2.42646820509586,-1.66702747779479
"46842",0.417490813119921,0.220710437925389,0.291396775840185,-0.0706863379147963,-0.196780375194532,-0.126094037279736
"308848",0.129104818658987,0.175155286428769,0.152737768975893,0.0224175174528764,0.0460504677697826,0.0236329503169062
"7611",0.278141884442891,0.321066901230834,0.305159474902722,0.0159074263281115,0.0429250167879431,0.0270175904598317
"511514",0.163194972090559,0.35015466630412,0.256752301163474,0.0934023651406451,0.186959694213561,0.0935573290729156
"68860",0.0188131091009776,0.099284615858409,0.0619300491368869,0.0373545667215222,0.0804715067574315,0.0431169400359093
"283962",0.0915280977169905,0.387725573548762,0.24082356233121,0.146902011217551,0.296197475831771,0.14929546461422
"166998",1.65944878254329,0.621218001010531,0.990469151458619,-0.369251150448088,-1.03823078153276,-0.668979631084675
"55699",0.473222406553682,0.93692625315712,0.748827486094486,0.188098767062634,0.463703846603438,0.275605079540804
"176949",0.16549208280212,0.28930353189068,0.245745677766449,0.0435578541242314,0.12381144908856,0.0802535949643289
"516561",1.30774862467027,1.10118208738543,1.18328149515157,-0.0820994077661403,-0.206566537284834,-0.124467129518693
"159296",0.869924726133113,1.03555052332688,0.957036945297185,0.0785135780296918,0.165625797193764,0.087112219164072
"553220",0.897642483144798,1.67134318531163,1.32669862277691,0.344644562534724,0.773700702166832,0.429056139632108
"126074",2.04917853284078,1.47604619909122,1.68865793592285,-0.212611736831626,-0.573132333749562,-0.360520596917936
"673",3.39562184679345,1.96083204029509,2.45436740052829,-0.4935353602332,-1.43478980649836,-0.941254446265162
"411080",0.297215984900534,0.28000729071302,0.287732787422269,-0.00772549670924932,-0.0172086941875144,-0.00948319747826504
"579117",0.0899885019803586,0.171986881673467,0.132014736384308,0.0399721452891592,0.0819983796931082,0.042026234403949
"557717",1.61883628675182,0.755378261784405,1.0838693486128,-0.328491086828394,-0.863458024967417,-0.534966938139023
"128905",0.243254735942277,0.0701812084220771,0.145146309337737,-0.0749651009156597,-0.1730735275202,-0.0981084266045405
"260361",7.1365062764584,2.00632350964873,3.4418496375727,-1.43552612792397,-5.13018276680967,-3.6946566388857
"26762",0.3347675747608,0.383331470597469,0.364494049180911,0.0188374214165581,0.0485638958366685,0.0297264744201104
"205085",1.28339092089044,0.951540767383701,1.08034416375681,-0.128803396373105,-0.331850153506742,-0.203046757133637
"221474",1.23777015682811,0.908152376716607,1.02750027132803,-0.119347894611426,-0.329617780111504,-0.210269885500078
"78062",2.23203972809788,2.58366048185671,2.45529368561287,0.128366796243836,0.351620753758834,0.223253957514997
"259271",0.347293904778937,0.57058394059875,0.472263482492034,0.098320458106716,0.223290035819813,0.124969577713097
"420248",2.09049585086464,1.32941562620225,1.60376025633772,-0.274344630135472,-0.761080224662389,-0.486735594526917
"249471",0.720084159690021,0.848501791355774,0.794088018971908,0.0544137723838654,0.128417631665752,0.0740038592818871
"128442",0.0467876203092488,0.430170588549447,0.248876425317832,0.181294163231615,0.383382968240199,0.202088805008584
"338618",1.18718951115203,0.89979611033745,1.00551350452679,-0.105717394189344,-0.287393400814577,-0.181676006625233
"279240",3.25758898963483,1.9410015377633,2.38761458132267,-0.44661304355937,-1.31658745187153,-0.869974408312158
"524594",1.84399375742689,0.978161838044136,1.27075229217253,-0.292590454128389,-0.865831919382755,-0.573241465254366
"397067",0.325694548505045,0.837520898060414,0.640722348070071,0.196798549990344,0.511826349555369,0.315027799565026
"289752",1.32951847288419,0.728313808631881,0.937964490811874,-0.209650682179993,-0.601204664252309,-0.391553982072316
"22342",0.741080122005932,0.896295640860008,0.828939513727314,0.0673561271326935,0.155215518854076,0.0878593917213829
"397857",1.97902300022359,1.90502064937187,1.9344959353977,-0.0294752860258292,-0.0740023508517205,-0.0445270648258913
"322174",1.5724332133172,0.738030321490382,1.04856151650333,-0.310531195012943,-0.834402891826821,-0.523871696813878
"422730",0.236477315447337,0.456230547699582,0.342060086269783,0.114170461429799,0.219753232252245,0.105582770822446
"530097",2.54364912312514,1.41018975607021,1.856932523628,-0.446742767557798,-1.13345936705494,-0.68671659949714
"508171",0.0952703100489717,0.125959919155644,0.110855919769743,0.0151039993859004,0.0306896091066719,0.0155856097207714
"476754",0.416520397752412,0.290727465077201,0.341659499979318,-0.0509320349021167,-0.125792932675211,-0.0748608977730943
"287511",0.638928869639128,0.590515272311726,0.608861155858134,-0.0183458835464081,-0.0484135973274017,-0.0300677137809936
"164136",0.707375752994738,0.544752519460862,0.60731024146515,-0.0625577220042882,-0.162623233533876,-0.100065511529588
"223989",2.19802964475984,1.35613042063243,1.67020883103668,-0.314078410404251,-0.841899224127411,-0.52782081372316
"222007",1e-08,0.293735693391641,0.160137658927316,0.133598034464325,0.293735683391641,0.160137648927316
"97938",10,2.12182574491497,4.25885455068685,-2.13702880577188,-7.87817425508503,-5.74114544931315
"176403",0.146605269739352,0.205935312204352,0.179354033280412,0.0265812789239396,0.0593300424650001,0.0327487635410605
"76325",0.178201812037404,0.46683780593029,0.341794800974265,0.125043004956026,0.288635993892887,0.163592988936861
"466353",4.62042782758412,0.992859907611513,2.06461392333471,-1.0717540157232,-3.6275679199726,-2.5558139042494
"4096",1.181534005196,0.806264754020273,0.938270359463014,-0.132005605442742,-0.375269251175726,-0.243263645732985
"165026",0.0750681473485136,0.15961575948739,0.118534148414183,0.0410816110732074,0.0845476121388765,0.0434660010656691
"411604",1.51640406922537,1.43947622939719,1.47283929269406,-0.0333630632968742,-0.0769278398281807,-0.0435647765313065
"118417",0.171045138656118,0.44525159946793,0.299858420150104,0.145393179317825,0.274206460811812,0.128813281493986
"529782",0.096035114876004,0.133748490511683,0.114931966902679,0.0188165236090043,0.0377133756356792,0.0188968520266748
"381791",0.115468166082376,0.233578149337934,0.178413314753534,0.0551648345844004,0.118109983255558,0.0629451486711572
"520224",0.753683122853307,0.651595971416931,0.692492145115082,-0.0408961736981512,-0.102087151436376,-0.061190977738225
"175232",0.039609661480875,0.129363645741123,0.0868120732731407,0.0425515724679826,0.0897539842602483,0.0472024117922657
"400458",0.243266585759486,0.398924665616503,0.337800762643606,0.0611239029728961,0.155658079857016,0.09453417688412
"353211",0.0267763343312818,0.123809169781999,0.0755433619301199,0.0482658078518788,0.0970328354507168,0.048767027598838
"467977",0.113813059365686,0.219024642480088,0.16867276453397,0.0503518779461178,0.105211583114401,0.0548597051682836
"572088",0.196821004955372,0.337777992141867,0.287433284923635,0.0503447072182316,0.140956987186495,0.0906122799682632
"33490",2.80631787850003,1.64958562893185,1.99651411318323,-0.346928484251382,-1.15673224956818,-0.809803765316799
"356116",0.0998244682137162,0.100063984191066,0.0999241558161364,0.00013982837492918,0.000239515977349405,9.96876024202259e-05
"134026",4.80736021099494,3.75694997332012,4.09253873342239,-0.335588760102265,-1.05041023767481,-0.714821477572549
"17277",1.1354321843853,1.12938868505562,1.13196322414521,-0.00257453908959082,-0.00604349932968296,-0.00346896024009213
"265422",2.10593378405452,1.31591480304436,1.60719133151032,-0.291276528465956,-0.790018981010159,-0.498742452544203
"29381",2.29509918863956,1.23396857360777,1.62754760408661,-0.39357903047884,-1.06113061503179,-0.66755158455295
"368793",5.4204599947441,3.15515300819116,3.8519887560482,-0.696835747857037,-2.26530698655293,-1.5684712386959
"297808",0.229495732179516,0.431038226310305,0.347641040070891,0.0833971862394141,0.201542494130789,0.118145307891375
"426841",0.0538033193405878,0.111478491144508,0.0838144636297074,0.0276640275148005,0.0576751718039201,0.0300111442891196
"157934",0.0377648742421736,0.222823988562407,0.14112563079683,0.0816983577655771,0.185059114320233,0.103360756554656
"526435",1.36757993293557,0.780984463046707,0.99029372089557,-0.209309257848863,-0.586595469888868,-0.377286212040005
"226380",1.75104732955999,0.827271011702064,1.18822435574998,-0.36095334404792,-0.923776317857921,-0.562822973810001
"345747",0.742536934911162,0.864050370366073,0.812029852440668,0.0520205179254049,0.121513435454911,0.0694929175295063
"241333",0.324465346436326,0.443452565917885,0.383982392382218,0.0594701735356671,0.118987219481558,0.0595170459458914
"16340",2.7129203647852,1.20362594896717,1.76700077353469,-0.563374824567523,-1.50929441581803,-0.945919591250509
"84170",1.18278297673099,0.674058923446584,0.893593302484217,-0.219534379037633,-0.508724053284403,-0.28918967424677
"119525",1.03517528759334,1.64828040100088,1.40752836760204,0.240752033398838,0.613105113407538,0.3723530800087
"62448",0.924930660270531,0.790959220516278,0.848935408520418,-0.0579761880041393,-0.133971439754253,-0.0759952517501137
"494733",0.153697089899253,0.493710319996367,0.310429803326995,0.183280516669371,0.340013230097114,0.156732713427743
"418303",4.67169419158662,1.37532754810157,2.46487187115508,-1.08954432305351,-3.29636664348505,-2.20682232043154
"372414",0.204873289592439,0.133340241378632,0.16716842356662,-0.0338281821879879,-0.0715330482138063,-0.0377048660258184
"24205",0.0290269038355996,0.0871142119783103,0.0562344365568377,0.0308797754214726,0.0580873081427107,0.0272075327212381
"276005",0.0886878892410749,0.153615525412869,0.120761686515139,0.0328538388977308,0.0649276361717944,0.0320737972740636
"549435",0.0581536379851475,0.304201887532202,0.181347286776555,0.122854600755647,0.246048249547055,0.123193648791408
"386541",0.901991669957363,0.446402142678676,0.614276807547536,-0.16787466486886,-0.455589527278688,-0.287714862409827
"412817",2.19038239967649,1.39687968456237,1.69150782938741,-0.294628144825044,-0.793502715114129,-0.498874570289085
"117425",0.790132247950874,0.415900704702958,0.582272883845334,-0.166372179142376,-0.374231543247916,-0.207859364105541
"444928",1.63419425850137,0.857940336474763,1.16697429241356,-0.309033955938792,-0.776253922026604,-0.467219966087811
"271767",4.1236523025794,2.85204043923438,3.22300165671733,-0.370961217482949,-1.27161186334502,-0.900650645862072
"202683",0.193576545787378,0.402847980179099,0.321646999287133,0.0812009808919664,0.209271434391721,0.128070453499754
"53726",0.084163943576102,0.209819549511284,0.1553200396141,0.0544995098971841,0.125655605935182,0.0711560960379977
"369629",0.746662036201281,0.419377644313693,0.567916039333284,-0.148538395019591,-0.327284391887588,-0.178745996867997
"74722",0.444437499175142,0.645725556277693,0.575924603892566,0.0698009523851271,0.201288057102551,0.131487104717424
"359897",6.72181070543498,2.34239248416538,3.62259776778657,-1.28020528362118,-4.37941822126959,-3.09921293764841
"246132",0.206318508488965,0.379437189532983,0.29324460487691,0.0861925846560728,0.173118681044018,0.0869260963879454
"438097",0.015582287169798,0.248590926053067,0.144446046147648,0.104144879905419,0.233008638883269,0.12886375897785
"155905",0.946888416749055,0.909282510100514,0.926755770881017,-0.0174732607805035,-0.0376059066485417,-0.0201326458680382
"127376",1.92790530151318,1.6928276176316,1.78446621710368,-0.0916385994720814,-0.235077683881577,-0.143439084409496
"457190",1.18793381198399e-08,0.105138484210325,0.0571654682738184,0.0479730159365064,0.105138472330987,0.0571654563944802
"14777",3.29229125937592,1.65443297304761,2.17604340109112,-0.521610428043511,-1.63785828632831,-1.1162478582848
"413954",0.432048427036959,0.385648615564839,0.405073563477782,-0.0194249479129425,-0.0463998114721195,-0.026974863559177
"571451",9.73425459261992,0.651256238629846,9.73425459261992,-9.08299835399007,-9.08299835399007,0
"453305",0.0606148874243007,0.172845053905867,0.122217356629765,0.050627697276102,0.112230166481566,0.0616024692054643
"375818",0.453205078208148,1.01224007232684,0.747574545307816,0.264665527019026,0.559034994118694,0.294369467099667
"511374",0.194197934722963,0.276074387221347,0.244725845810609,0.0313485414107373,0.0818764524983835,0.0505279110876461
"244314",2.58534445927228,0.912415489642039,1.47538272575149,-0.562967236109453,-1.67292896963024,-1.10996173352079
"460557",6.42207179164128,2.79741410424834,3.89952670548359,-1.10211260123526,-3.62465768739294,-2.52254508615768
"544127",3.61510728432374,1.92382513311529,2.4987566593963,-0.574931526281011,-1.69128215120844,-1.11635062492743
"545510",0.146447597819382,0.667656704449755,0.3776642499344,0.289992454515355,0.521209106630373,0.231216652115018
"161997",1.71658930632647,2.02401750901144,1.90006830406653,0.123949204944913,0.307428202684969,0.183478997740056
"254688",0.0570469837642189,0.371640051780674,0.205791170187845,0.165848881592829,0.314593068016455,0.148744186423626
"346862",0.0293690134307509,0.120889111460122,0.0719590058543282,0.0489301056057935,0.0915200980293708,0.0425899924235773
"556181",0.931420505892049,0.413346455250626,0.602937250214197,-0.189590794963571,-0.518074050641423,-0.328483255677852
"89513",1e-08,0.169358411443195,0.084558090887486,0.0848003205557088,0.169358401443195,0.084558080887486
"165868",1.15686976129522,0.25388145874208,0.553027297500352,-0.299145838758273,-0.902988302553139,-0.603842463794866
"401962",0.28302916237511,0.419500198093938,0.365761559195706,0.0537386388982326,0.136471035718828,0.0827323968205957
"421588",0.133722504770607,0.309602291600876,0.221075172238891,0.0885271193619854,0.175879786830269,0.087352667468284
"318007",0.0169394152901605,0.115216263141835,0.0693156208746747,0.0459006422671599,0.0982768478516741,0.0523762055845141
"465615",1.19539803289588,0.840559222514185,0.965520253123295,-0.12496103060911,-0.354838810381699,-0.229877779772588
"277624",2.4331876639898,0.980352074829648,1.47823699556309,-0.497884920733441,-1.45283558916016,-0.954950668426715
"280281",0.14618597872643,0.281913946556774,0.212392699976122,0.0695212465806513,0.135727967830343,0.066206721249692
"56033",0.517792685558276,0.402361154040345,0.450522314817666,-0.0481611607773212,-0.115431531517931,-0.0672703707406101
"568181",2.39128739501483,1.62590281922553,1.93366449371327,-0.307761674487737,-0.765384575789302,-0.457622901301565
"186809",0.300156909661828,0.333653702127524,0.320357503745903,0.0132961983816212,0.0334967924656961,0.020200594084075
"346610",0.379358365013818,0.236862280585613,0.30537396267048,-0.0685116820848677,-0.142496084428205,-0.0739844023433375
"238715",0.0734005678269955,0.114286843609266,0.0942980167093769,0.0199888268998888,0.0408862757822702,0.0208974488823814
"212526",0.0270471387629662,0.214433770681379,0.129125347111524,0.0853084235698551,0.187386631918413,0.102078208348557
"327473",0.293789430961616,0.872105599144311,0.545779805175459,0.326325793968851,0.578316168182695,0.251990374213843
"288838",3.95784178139976,2.98606392443275,3.27095188385155,-0.2848879594188,-0.971777856967012,-0.686889897548213
"26294",0.269234320695522,0.435273679736655,0.363875708880789,0.0713979708558664,0.166039359041133,0.0946413881852669
"417065",3.58702283482592,1.56191983340226,2.21140055265762,-0.64948071925536,-2.02510300142366,-1.3756222821683
"36949",0.145108161117025,0.268767983382224,0.208000595577101,0.0607673878051233,0.123659822265199,0.0628924344600756
"522611",2.73543541161483,1.16066090980619,1.74410825778823,-0.583447347982042,-1.57477450180864,-0.9913271538266
"126194",2.31898500014665,1.25597229537162,1.64224776447548,-0.386275469103863,-1.06301270477503,-0.676737235671165
"195914",6.75263385044627,2.23939636484219,3.55076381414993,-1.31136744930774,-4.51323748560408,-3.20187003629634
"72209",0.224196693932436,0.547872312378454,0.41548636914198,0.132385943236474,0.323675618446018,0.191289675209544
"569014",1.38470860675339,1.25472014674041,1.30872577675938,-0.0540056300189726,-0.129988460012981,-0.0759828299940088
"563282",7.16712551596283,2.19962481969244,3.09033622240083,-0.890711402708385,-4.96750069627039,-4.076789293562
"31540",1e-08,0.0615089653733262,0.0321866905366137,0.0293222748367125,0.0615089553733262,0.0321866805366137
"537106",0.182448864549545,0.494033557235615,0.325369727132805,0.16866383010281,0.31158469268607,0.14292086258326
"112159",1.32491703630563,0.476424381378182,0.819212811418405,-0.342788430040223,-0.848492654927452,-0.505704224887229
"487247",0.556007046506773,0.41040282787814,0.474417399188917,-0.0640145713107766,-0.145604218628633,-0.081589647317856
"252064",0.710462628786326,0.505079176678533,0.577928349461044,-0.0728491727825112,-0.205383452107794,-0.132534279325282
"430652",0.135289752185988,0.301992631241643,0.240554824004137,0.0614378072375053,0.166702879055654,0.105265071818149
"119574",3.94164716770997,1.41751035722313,2.2218169353881,-0.804306578164973,-2.52413681048685,-1.71983023232188
"394492",0.740564379039007,0.803367055277457,0.776703751707822,0.0266633035696358,0.0628026762384508,0.0361393726688151
"448885",0.0414375780278383,0.13375044391838,0.0879847631550936,0.0457656807632863,0.0923128658905417,0.0465471851272554
"121474",5.40094800317229,3.54198987093768,4.13579769977469,-0.593807828837004,-1.8589581322346,-1.2651503033976
"208667",1.68778197174174,2.03332955977427,1.8897075709195,0.14362198885477,0.345547588032524,0.201925599177754
"320703",3.43992719958424,2.42273688121841,2.7990268602874,-0.376289979068986,-1.01719031836583,-0.640900339296845
"323805",5.03021235290513,3.68674790929852,4.114603442039,-0.427855532740482,-1.34346444360661,-0.91560891086613
"439183",0.809937772588144,2.25856320513193,1.53839366453242,0.720169540599507,1.44862543254378,0.728455891944275
"500258",1.98139449866208,2.15937250859989,2.08324331486428,0.0761291937356128,0.177978009937816,0.101848816202203
"423949",0.302260616170023,0.376030217712748,0.338003381326928,0.0380268363858194,0.0737696015427246,0.0357427651569052
"89045",2.84778604278627,0.948368817011067,1.62067536144006,-0.672306544428997,-1.8994172257752,-1.2271106813462
"457855",0.370253701086312,0.43093799493244,0.406417434538361,0.0245205603940787,0.0606842938461282,0.0361637334520495
"471451",0.188370908360055,0.705243013572005,0.47472127269065,0.230521740881355,0.51687210521195,0.286350364330595
"301149",0.107001531553388,0.124666973435208,0.115744723904161,0.00892224953104781,0.0176654418818203,0.00874319235077251
"241262",0.531545193996968,0.370470868970124,0.438897556501501,-0.0684266875313774,-0.161074325026844,-0.0926476374954663
"78155",0.401425577688862,0.511579787431079,0.474301078603885,0.0372787088271945,0.110154209742217,0.0728755009150229
"175072",2.4082652887678,1.48211544724825,1.84171961195869,-0.359604164710441,-0.926149841519556,-0.566545676809115
"306892",10,3.39022035267759,5.46977059622914,-2.07955024355155,-6.60977964732241,-4.53022940377086
"60215",0.0659982196434457,0.325208291495521,0.191587259868196,0.133621031627326,0.259210071852076,0.12558904022475
"265319",0.751160545323433,0.542709819971262,0.642200347241766,-0.0994905272705046,-0.208450725352172,-0.108960198081667
"112303",0.127084704556641,0.541387802522511,0.367802791409402,0.173585011113109,0.414303097965869,0.240718086852761
"206044",0.0326393943250287,0.185143659687376,0.10934961968923,0.0757940399981459,0.152504265362347,0.076710225364201
"287547",0.0819013474617019,0.130444762794046,0.106160383233488,0.0242843795605576,0.0485434153323439,0.0242590357717863
"424120",0.105970121340278,0.288816582406051,0.199247187360359,0.0895693950456915,0.182846461065773,0.0932770660200811
"418574",1.12910295431797,0.571395971403158,0.800268443742869,-0.228872472339711,-0.557706982914813,-0.328834510575102
"572086",0.115069765187136,0.683118688620972,0.423750382027286,0.259368306593686,0.568048923433837,0.308680616840151
"146160",0.0193614957339879,0.102985602781797,0.0604075639822336,0.0425780387995638,0.0836241070478095,0.0410460682482457
"447979",0.345317097999328,0.265402450172461,0.294159346945859,-0.0287568967733988,-0.0799146478268671,-0.0511577510534683
"406099",0.0726561037830515,0.0813134680003692,0.0776912863912593,0.00362218160910985,0.00865736421731773,0.00503518260820789
"352729",1e-08,0.135327185770185,0.0732863540108424,0.0620408317593424,0.135327175770185,0.0732863440108424
"566611",2.32331346365101,1.37712051317315,1.73434920590815,-0.357228692735005,-0.946192950477868,-0.588964257742862
"548090",0.120284931722489,0.299616506978224,0.211078350553676,0.0885381564245474,0.179331575255735,0.0907934188311875
"23751",2.40180674828547,1.21197107613998,1.64683159130592,-0.434860515165941,-1.18983567214549,-0.754975156979554
"61227",0.0812950223221162,0.135516864704821,0.112216250202158,0.0233006145026628,0.0542218423827049,0.0309212278800421
"272370",2.21009309905265,1.31106599116276,1.6420791244525,-0.33101313328974,-0.899027107889887,-0.568013974600147
"175206",1.27631721523591,1.23190243159858,1.25054279190634,-0.0186403603077565,-0.0444147836373265,-0.02577442332957
"145262",1.10237994660038,1.53709465127541,1.34379141771599,0.193303233559419,0.434714704675024,0.241411471115605
"169261",1.44365503617903,1.06369248013251,1.21547910722084,-0.151786627088329,-0.379962556046516,-0.228175928958186
"490642",1.39791763894943,1.45155884530339,1.42770167356205,0.0238571717413452,0.0536412063539591,0.0297840346126139
"318803",0.525134446072552,0.614997702245142,0.572631943808517,0.0423657584366245,0.0898632561725895,0.047497497735965
"95857",0.157108469185337,0.377019562515798,0.26847242457672,0.108547137939078,0.219911093330461,0.111363955391383
"431222",0.0391587995728721,0.288088986786585,0.210958828701471,0.0771301580851145,0.248930187213713,0.171800029128599
"261913",0.148468253441083,0.336888043437917,0.246085551120689,0.0908024923172272,0.188419789996834,0.0976172976796067
"28565",0.159269556981969,0.218981577522087,0.188199116015162,0.0307824615069257,0.0597120205401181,0.0289295590331925
"82776",2.1007105699825,0.604627724832027,1.165506774435,-0.560879049602978,-1.49608284515048,-0.935203795547499
"199742",2.65991471663522,1.09254717380697,1.65881390416348,-0.56626673035651,-1.56736754282825,-1.00110081247174
"56238",10,0.635069184029046,10,-9.36493081597095,-9.36493081597095,0
"272433",0.357079945142019,0.199286665823613,0.273870011766759,-0.0745833459431465,-0.157793279318407,-0.0832099333752602
"255809",2.82600785865153,2.12889106059937,2.37252581768393,-0.243634757084553,-0.697116798052162,-0.453482040967609
"181920",2.61903505856555,1.05947290907613,1.62034383065036,-0.56087092157423,-1.55956214948942,-0.99869122791519
"172990",1.11086065305826,0.299526988515417,0.578704852345375,-0.279177863829958,-0.811333664542842,-0.532155800712885
"268178",0.106882123237844,0.194429996716119,0.151373437886618,0.0430565588295013,0.0875478734782754,0.044491314648774
"165079",0.0116528751662218,0.206400985645892,0.12460940884573,0.0817915768001614,0.19474811047967,0.112956533679508
"172434",4.45141189036309,1.09935487550089,2.11178668649762,-1.01243181099673,-3.3520570148622,-2.33962520386547
"195461",0.479795802065151,0.703933570696352,0.621620291781888,0.0823132789144645,0.224137768631201,0.141824489716736
"39495",0.236715272877879,0.397390212361771,0.317013612924819,0.0803765994369512,0.160674939483892,0.0802983400469405
"217191",2.90953278997788,1.13432160938975,1.79168601891667,-0.657364409526924,-1.77521118058813,-1.11784677106121
"124163",0.386830406283788,0.229518549476259,0.28673415692008,-0.0572156074438205,-0.157311856807529,-0.100096249363708
"106961",0.0472930587637105,0.111319871911734,0.0811005306389007,0.030219341272833,0.0640268131480232,0.0338074718751902
"24413",2.32714825046706,1.55952771004855,1.8583636131469,-0.298835903098347,-0.767620540418511,-0.468784637320163
"489400",0.773638999645167,1.36381896865992,1.10688818256044,0.256930786099482,0.590179969014755,0.333249182915273
"423827",0.292568783561788,0.555841933582627,0.415333936460136,0.140507997122491,0.263273150020839,0.122765152898348
"188735",7.40920746015705,1.74652515747719,3.3061406885296,-1.55961553105242,-5.66268230267986,-4.10306677162745
"252386",1.86068225976081,1.59027856448128,1.69464094661789,-0.104362382136612,-0.270403695279536,-0.166041313142925
"272619",0.465477176861524,0.692726677601876,0.601711904140093,0.0910147734617828,0.227249500740352,0.13623472727857
"465468",1.04656187507905,0.610791642239549,0.792820542399955,-0.182028900160406,-0.435770232839504,-0.253741332679098
"301779",1.42211277063562,0.942958477478638,1.12728044162167,-0.184321964143032,-0.479154293156983,-0.294832329013951
"415595",0.0805137212185733,0.189595691004722,0.135869647901719,0.0537260431030029,0.109081969786148,0.0553559266831455
"411208",0.641385249665605,0.580338595101201,0.602820531675052,-0.022481936573851,-0.0610466545644042,-0.0385647179905532
"420078",0.205668692680687,0.166984955160515,0.182897281947535,-0.0159123267870194,-0.0386837375201717,-0.0227714107331523
"56156",1.95732000788649,1.67892933077028,1.78775279697207,-0.108823466201793,-0.278390677116212,-0.16956721091442
"340659",0.222155618014162,0.487274846124723,0.344923410701727,0.142351435422996,0.265119228110561,0.122767792687565
"322189",0.390039552336201,0.300337896089226,0.344558409530997,-0.0442205134417713,-0.0897016562469755,-0.0454811428052042
"358082",0.00393516894757224,0.212799718154964,0.114906372893707,0.0978933452612566,0.208864549207392,0.110971203946135
"524283",0.150865206394507,0.10939790667601,0.127912668531475,-0.0185147618554652,-0.0414672997184971,-0.0229525378630319
"56207",0.265591320436569,0.501769895972257,0.403006495557234,0.0987634004150226,0.236178575535687,0.137415175120665
"337859",2.72061931193973,1.13473281393193,1.7179619835333,-0.583229169601368,-1.5858864980078,-1.00265732840643
"212805",3.82246949433695,1.2782831224716,2.05878856147543,-0.780505439003824,-2.54418637186534,-1.76368093286152
"223342",1.49518278628308,1.02773047510874,1.21648660721643,-0.188756132107696,-0.467452311174338,-0.278696179066641
"111591",0.0423806290732745,0.245618821850322,0.147589345901929,0.0980294759483922,0.203238192777047,0.105208716828655
"500299",0.0435577774141045,0.302635373877108,0.191007366597009,0.111628007280099,0.259077596463003,0.147449589182904
"236605",5.08375294272896,2.07355891353681,2.89478768084005,-0.821228767303235,-3.01019402919215,-2.18896526188891
"308601",0.492624975240336,0.370591938216764,0.423521968365566,-0.0529300301488022,-0.122033037023571,-0.0691030068747691
"433673",0.0864993104162036,0.27050227208817,0.179449445221197,0.0910528268669727,0.184002961671966,0.0929501348049936
"282061",0.0770757955196826,0.29401366342811,0.185052109570003,0.108961553858107,0.216937867908427,0.107976314050321
"295209",1e-08,0.158216302950369,0.0895060473470452,0.0687102556033236,0.158216292950369,0.0895060373470453
"182042",0.182650852284244,0.60371400097865,0.421881302729778,0.181832698248872,0.421063148694406,0.239230450445534
"490173",0.174098000000366,0.420196413242137,0.316810969099468,0.103385444142669,0.246098413241771,0.142712969099102
"188941",0.148442194909389,0.972174312900121,0.539398844359943,0.432775468540178,0.823732117990732,0.390956649450554
"313626",1.33954557631896,1.21642822883008,1.26754597066432,-0.0511177418342459,-0.123117347488887,-0.0719996056546413
"480710",0.223493486467955,0.357689693148035,0.289509292547307,0.068180400600728,0.13419620668008,0.0660158060793523
"394288",0.210271226270492,0.154164773685587,0.176440153810676,-0.0222753801250891,-0.0561064525849048,-0.0338310724598157
"158994",0.282763100176726,0.468589070487878,0.390393048940481,0.0781960215473966,0.185825970311152,0.107629948763755
"3524",0.216214631945308,0.200216983612168,0.205106091847716,-0.0048891082355475,-0.0159976483331399,-0.0111085400975924
"341454",0.0822550889602646,0.0949986161206673,0.0891594712792707,0.0058391448413966,0.0127435271604027,0.00690438231900609
"393829",0.341455507887772,0.566982412531911,0.443614608780441,0.123367803751469,0.225526904644138,0.102159100892669
"264373",2.04023537235398,0.321218836899847,2.04023537235398,-1.71901653545414,-1.71901653545414,0
"78802",0.603715713037471,0.526004521547987,0.562034442356814,-0.0360299208088271,-0.0777111914894844,-0.0416812706806573
"139291",4.24687887701084,1.70323217297419,2.57215459723201,-0.86892242425782,-2.54364670403665,-1.67472427977883
"238280",3.08127960364287,0.836732330982692,1.60754387220069,-0.770811541218001,-2.24454727266018,-1.47373573144218
"508476",8.38746603313554,1.46492303743502,8.38746603313554,-6.92254299570052,-6.92254299570052,0
"72110",6.38355892482066,2.41327759362592,3.57938500973934,-1.16610741611342,-3.97028133119474,-2.80417391508132
"22267",1.7588148945293,0.939818507588932,1.27110751836602,-0.331289010777092,-0.818996386940365,-0.487707376163272
"496833",0.248421211587053,0.799380592873689,0.540058012219568,0.259322580654121,0.550959381286636,0.291636800632515
"80489",0.84077421748575,0.793308977056231,0.814148200113752,-0.0208392230575215,-0.0474652404295189,-0.0266260173719974
"375746",0.0519008394041175,0.228324878513292,0.145346408165867,0.0829784703474247,0.176424039109174,0.0934455687617496
"400610",0.11645926136381,0.25535837299238,0.189382247942844,0.0659761250495355,0.13889911162857,0.0729229865790345
"170698",0.128805672584592,0.254469548253059,0.21182359509233,0.0426459531607286,0.125663875668467,0.0830179225077379
"325748",1.4460008451689,0.805922358112781,1.04323938628673,-0.237317028173951,-0.640078487056123,-0.402761458882172
"383279",1e-08,0.265776702776757,0.138323659631512,0.127453043145245,0.265776692776757,0.138323649631512
"233864",3.84112938991468,3.63751608169272,3.69954186063038,-0.0620257789376595,-0.203613308221962,-0.141587529284303
"571968",0.00537174247417427,0.0674932226805587,0.0382665656191768,0.0292266570613819,0.0621214802063844,0.0328948231450025
"157478",3.30965923187144,0.635748291588837,3.30965923187144,-2.6739109402826,-2.6739109402826,0
"51792",0.0671270373536705,0.0489790872977478,0.0573909180176079,-0.00841183071986006,-0.0181479500559226,-0.00973611933606257
"215679",0.682007576481669,0.787830429553158,0.743479585280631,0.044350844272527,0.105822853071489,0.0614720087989624
"376281",0.368988377655081,0.651926568692651,0.522523146607035,0.129403422085615,0.28293819103757,0.153534768951955
"435470",0.210662372479246,0.537943597406128,0.390780370859374,0.147163226546754,0.327281224926881,0.180117998380128
"280403",0.259000663526113,0.266783193707466,0.264096823449039,0.00268637025842688,0.00778253018135294,0.00509615992292606
"363921",0.122288110348571,0.18689988905558,0.156263735147571,0.0306361539080098,0.0646117787070093,0.0339756247989995
"230200",2.08559090877534,1.70198522194418,1.85416353312256,-0.152178311178378,-0.383605686831159,-0.231427375652781
"483877",0.168428617025314,0.344770105422981,0.257383231129247,0.0873868742937339,0.176341488397667,0.0889546141039336
"320608",0.0735529568903957,0.143756413624779,0.109541742023508,0.0342146716012708,0.0702034567343833,0.0359887851331125
"544130",0.17486279791438,0.252395337236273,0.21460035496595,0.0377949822703227,0.0775325393218929,0.0397375570515702
"290257",0.122533551624653,0.15592743838646,0.139052059700127,0.0168753786863331,0.0333938867618078,0.0165185080754748
"283508",1.2316121039835,1.2165548993542,1.22260162909836,-0.00604672974415466,-0.0150572046293003,-0.00901047488514561
"379981",1.51030243575271,1.76837373037589,1.66928892909921,0.0990848012766772,0.258071294623178,0.158986493346501
"482507",0.0625337369358111,0.21072688323614,0.142995959631565,0.0677309236045744,0.148193146300329,0.0804622226957542
"476770",0.237595812484883,0.344539078485423,0.307031052754593,0.0375080257308301,0.10694326600054,0.06943524026971
"71806",1.39248519851327,0.706883240220952,0.962355172896048,-0.255471932675096,-0.685601958292321,-0.430130025617225
"231693",0.0409131572178328,0.176758650474922,0.109380698432189,0.0673779520427334,0.135845493257089,0.0684675412143559
"441935",0.0238468556794808,0.204005882050898,0.125627063311259,0.0783788187396393,0.180159026371417,0.101780207631778
"242112",0.0466761152217971,0.12003360310475,0.0851218285878735,0.0349117745168762,0.0733574878829526,0.0384457133660764
"429438",0.0562914906101986,0.263768949635591,0.163611767209075,0.100157182426516,0.207477459025393,0.107320276598876
"470584",8.35357360604462,1.20815927657692,8.35357360604462,-7.14541432946771,-7.14541432946771,0
"357987",0.415448951788104,1.14409487821269,0.827803885108968,0.316290993103725,0.728645926424589,0.412354933320864
"524270",1.5623137404855,0.84126543386324,1.11760697574133,-0.276341541878091,-0.721048306622262,-0.444706764744171
"98406",0.352947072291805,0.384352195902541,0.371638938472403,0.0127132574301386,0.0314051236107362,0.0186918661805975
"558708",0.0879829099516879,0.460130434572948,0.27472055467282,0.185409879900128,0.37214752462126,0.186737644721132
"240229",0.14230470460693,0.266054051444951,0.210297396391189,0.055756655053762,0.123749346838021,0.0679926917842595
"46141",0.0675752616855911,0.0710997549080768,0.0694841367966271,0.00161561811144965,0.0035244932224857,0.00190887511103605
"556757",0.385420842581593,0.271368931775621,0.315007058977626,-0.0436381272020052,-0.114051910805972,-0.0704137836039667
"447116",1.4690124249515,0.980257398376208,1.17265759411635,-0.192400195740138,-0.488755026575292,-0.296354830835154
"448704",0.104801216332001,0.501962242004683,0.286781659948976,0.215180582055707,0.397161025672681,0.181980443616974
"147496",1.04009052924271,0.724891586489519,0.861721639609011,-0.136830053119492,-0.315198942753195,-0.178368889633703
"100441",1.68454917456576,0.995712814939305,1.2788565545645,-0.283143739625198,-0.68883635962646,-0.405692620001262
"554694",0.758188486984285,0.379722603409322,0.549902246334645,-0.170179642925323,-0.378465883574963,-0.20828624064964
"428084",2.50064497995683,1.04334996725553,1.55525490978667,-0.511904942531133,-1.4572950127013,-0.945390070170168
"187849",0.152464195022011,0.271496394025761,0.21260330558895,0.0588930884368117,0.11903219900375,0.0601391105669387
"539347",1.83826786080164,1.67140872983241,1.72476909793947,-0.0533603681070551,-0.166859130969227,-0.113498762862172
"85225",1e-08,0.102677847605678,0.0549941835796743,0.0476836640260035,0.102677837605678,0.0549941735796743
"265910",1.46358069673095,1.13330865449276,1.26915091725786,-0.135842262765099,-0.33027204223819,-0.194429779473091
"229497",0.0270478633717192,0.288676248047895,0.167288627807322,0.121387620240573,0.261628384676176,0.140240764435603
"469774",0.633199473237819,0.948567835378374,0.813918842446751,0.134648992931623,0.315368362140555,0.180719369208932
"153414",1.01678392325455,0.530875532925989,0.664692447220743,-0.133816914294754,-0.485908390328566,-0.352091476033812
"365540",1.88012010911704,1.60269529855385,1.71129738095882,-0.108602082404972,-0.277424810563195,-0.168822728158222
"269563",1e-08,0.0476139057354853,0.0266759503051392,0.0209379554303461,0.0476138957354853,0.0266759403051392
"133395",0.0870706928711564,0.45755768414924,0.303375792821607,0.154181891327633,0.370486991278083,0.21630509995045
"80619",0.162002461366668,0.320332830899163,0.241790365305371,0.0785424655937924,0.158330369532496,0.0797879039387032
"268942",1.23742846775228,0.270070802029505,0.608582323421946,-0.338511521392441,-0.967357665722771,-0.62884614433033
"176531",0.0775746795316184,0.203350392696157,0.139846189273112,0.0635042034230457,0.125775713164539,0.0622715097414933
"29895",0.0347391986863675,0.0410505036090675,0.038096149209898,0.00295435439916945,0.00631130492269993,0.00335695052353047
"499854",6.47478717915671,2.50697140835585,3.68084166085403,-1.17387025249817,-3.96781577080085,-2.79394551830268
"284023",4.14947684511987,1.93327076809126,2.70991283700251,-0.776642068911249,-2.21620607702861,-1.43956400811737
"397616",1.77726745938853,2.38149587485133,2.16713099348125,0.214364881370078,0.6042284154628,0.389863534092723
"574232",2.02886198448555,1.11574773937379,1.42370585230907,-0.307958112935279,-0.913114245111766,-0.605156132176487
"259954",1e-08,0.169779933331558,0.0938445052544256,0.0759354280771329,0.169779923331558,0.0938444952544256
"310329",0.0799995633532382,0.221078588114327,0.158418010828473,0.0626605772858549,0.141079024761089,0.0784184474752344
"573414",0.907508297700009,0.335608673442761,0.592495450671958,-0.256886777229198,-0.571899624257249,-0.315012847028051
"383179",3.15028985078752,2.46478737607368,2.71470528730775,-0.249917911234076,-0.685502474713842,-0.435584563479765
"442741",3.08498443686896,2.49578799045318,2.7116888167328,-0.215900826279616,-0.589196446415781,-0.373295620136165
"550347",5.31644541385615,2.70072597600996,3.49118174273368,-0.790455766723724,-2.6157194378462,-1.82526367112247
"222419",3.01416130850635,1.57529308683977,2.0432783622619,-0.467985275422135,-1.43886822166658,-0.970882946244446
"290935",0.669642263578172,0.503108241344341,0.57983696678577,-0.0767287254414291,-0.166534022233831,-0.0898052967924016
"178811",0.685508014802068,0.801681342967515,0.753251761555176,0.0484295814123386,0.116173328165446,0.0677437467531079
"41313",1e-08,0.172511191285403,0.0933005722300123,0.0792106190553902,0.172511181285403,0.0933005622300123
"72180",0.0920062812577437,0.481446114809018,0.289243668461413,0.192202446347605,0.389439833551274,0.197237387203669
"108869",0.314741123149836,0.708609670669328,0.547900092987078,0.16070957768225,0.393868547519492,0.233158969837242
"447967",1.61544094575982,1.32860161364779,1.43370020798273,-0.105098594334938,-0.28683933211203,-0.181740737777092
"322769",0.487197982609453,0.395504979121404,0.433098480628024,-0.0375935015066204,-0.0916930034880487,-0.0540995019814283
"330068",10,2.74950656128385,4.44741311479799,-1.69790655351414,-7.25049343871615,-5.55258688520201
"434877",0.335341570051692,0.269755734265964,0.302120207101973,-0.0323644728360085,-0.0655858357857276,-0.0332213629497191
"515384",0.565309544524718,0.548566634328501,0.556643599446247,-0.00807696511774625,-0.0167429101962169,-0.00866594507847063
"242903",0.663449773854647,0.699662519242828,0.684516494698585,0.0151460245442427,0.036212745388181,0.0210667208439382
"66553",8.3558439957796,1.4438083690309,8.3558439957796,-6.9120356267487,-6.9120356267487,0
"84054",0.0778303937269446,0.177729145338252,0.130509065887224,0.0472200794510285,0.0998987516113076,0.0526786721602791
"36354",1e-08,0.263287863525488,0.144075879967935,0.119211983557553,0.263287853525488,0.144075869967935
"281106",0.555588230627534,0.592226053560034,0.57938635801819,0.0128396955418436,0.0366378229324992,0.0237981273906556
"157318",0.450171635602596,0.645046075266721,0.549889314282725,0.0951567609839964,0.194874439664125,0.0997176786801287
"27143",0.0592244560547272,0.364213088834183,0.220249931139889,0.143963157694294,0.304988632779455,0.161025475085161
"309670",0.951982278545718,0.524108491363475,0.662638265570818,-0.138529774207343,-0.427873787182243,-0.2893440129749
"44610",2.2129729913069,0.767715296464725,1.2311865935419,-0.463471297077174,-1.44525769484218,-0.981786397765004
"50276",2.92385195834682,2.47030507623044,2.63388677642563,-0.163581700195196,-0.453546882116379,-0.289965181921183
"469555",2.60536314447083,2.13600662965523,2.29158563085734,-0.155579001202117,-0.469356514815606,-0.313777513613489
"515528",5.38355196163652,0.510739484609925,5.38355196163652,-4.87281247702659,-4.87281247702659,0
"141222",0.690465438798518,0.820977912007081,0.767554048006049,0.0534238640010322,0.130512473208564,0.0770886092075316
"279951",1.09959095525386,0.815564602494505,0.943361676658194,-0.12779707416369,-0.284026352759356,-0.156229278595666
"444108",0.0803403134977625,0.131573771948736,0.108392103813499,0.023181668135237,0.0512334584509739,0.0280517903157369
"237264",0.0478397256698726,0.433245965366352,0.231334451634811,0.201911513731541,0.385406239696479,0.183494725964938
"98600",0.208239117831813,0.149458466587974,0.178327068594349,-0.0288686020063743,-0.0587806512438388,-0.0299120492374645
"518062",0.195066801250778,0.249050173885268,0.224024998324774,0.0250251755604939,0.05398337263449,0.0289581970739961
"96565",2.49137560885778,1.06971408366075,1.57259668467363,-0.502882601012876,-1.42166152519703,-0.918778924184151
"276825",0.075804245133635,0.280296679550097,0.183338827902891,0.0969578516472058,0.204492434416462,0.107534582769256
"423167",3.36028996895124,0.730607428574772,1.62976325035334,-0.899155821778568,-2.62968254037647,-1.7305267185979
"322243",1.72568645131206,1.65254557298324,1.68214015905268,-0.0295945860694402,-0.0731408783288214,-0.0435462922593812
"548914",0.464420183871205,0.724981491957609,0.62661205918413,0.0983694327734791,0.260561308086404,0.162191875312925
"523434",0.391518432043059,0.429243822528503,0.414097764342822,0.0151460581856816,0.037725390485444,0.0225793322997624
"527862",0.199932957162721,0.143933059249191,0.169365362403803,-0.0254323031546122,-0.0559998979135296,-0.0305675947589174
"40896",0.496423110905212,0.513585224170218,0.505087866959254,0.00849735721096379,0.0171621132650063,0.00866475605404254
"437824",0.343596375737164,0.990791885005439,0.658049785472036,0.332742099533403,0.647195509268275,0.314453409734872
"146840",5.58158713455881,2.22405253928799,3.12741842758279,-0.903365888294799,-3.35753459527082,-2.45416870697602
"321591",1.68882122873736,1.09662257821777,1.34503968148353,-0.24841710326576,-0.592198650519593,-0.343781547253834
"305063",2.52572503849769,1.02289773940551,1.55194812599078,-0.529050386585274,-1.50282729909218,-0.973776912506903
"275389",0.613866764918855,0.684863913716778,0.656201849458611,0.0286620642581664,0.0709971487979222,0.0423350845397558
"130506",0.277133854362197,0.117368924970525,0.182902475000301,-0.0655335500297758,-0.159764929391672,-0.0942313793618963
"355059",0.166951476643042,0.194096817804827,0.180385446777322,0.0137113710275046,0.0271453411617846,0.01343397013428
"485725",0.0620332972923691,0.434134924266735,0.253025522732518,0.181109401534218,0.372101626974366,0.190992225440149
"41670",1e-08,0.404074650632788,0.217299461362801,0.186775189269987,0.404074640632788,0.217299451362801
"40662",0.0302585742077135,0.159212693765642,0.094840842484417,0.0643718512812247,0.128954119557928,0.0645822682767035
"577672",0.317181531385038,0.350205660558384,0.337572575108092,0.0126330854502917,0.0330241291733457,0.0203910437230539
"78482",3.68789792817053,1.6108509044736,2.28214136963445,-0.671290465160844,-2.07704702369693,-1.40575655853608
"379545",1.30862798704373,1.37349535647275,1.34507424865112,0.0284211078216225,0.0648673694290183,0.0364462616073957
"268722",3.20725069262014,2.17196966415402,2.53173368952112,-0.359764025367106,-1.03528102846612,-0.675517003099019
"79913",0.728431040292019,0.753777297800836,0.742693351358432,0.0110839464424044,0.0253462575088176,0.0142623110664132
"200996",0.218989256937666,0.612664966252103,0.395077335823645,0.217587630428458,0.393675709314437,0.176088078885979
"108281",0.310180093494225,0.370114610228192,0.345707664778446,0.0244069454497457,0.0599345167339672,0.0355275712842215
"148369",0.0325882989595114,0.0732293045475338,0.0535099959093909,0.0197193086381429,0.0406410055880223,0.0209216969498795
"412823",3.47563207597095,2.26785069646939,2.69948771819865,-0.43163702172926,-1.20778137950155,-0.776144357772293
"80086",0.0320209591516642,0.119116166021736,0.0801785197094035,0.0389376463123322,0.0870952068700715,0.0481575605577393
"438599",1.01688891781513,1.03567665951635,1.02831190672427,0.00736475279208437,0.0187877417012217,0.0114229889091373
"89126",0.118874710086092,0.126607266045668,0.123177958414854,0.00342930763081406,0.0077325559595761,0.00430324832876204
"437151",0.896957093094972,1.30900408611037,1.14178014124458,0.16722394486579,0.412046993015396,0.244823048149606
"318824",0.0190370278377915,0.146343346663184,0.0847742493426347,0.0615690973205495,0.127306318825393,0.0657372215048432
"29757",0.115594917220456,0.264646823501095,0.194788745025414,0.0698580784756816,0.14905190628064,0.0791938278049581
"128144",0.830517074464621,1.24961640642259,1.08377996625828,0.165836440164308,0.419099331957967,0.253262891793659
"60553",2.22208949356331,1.01035588498223,1.42001761681278,-0.409661731830552,-1.21173360858108,-0.802071876750526
"86717",1.43358126759712,0.85986955049742,1.03698240975011,-0.177112859252693,-0.573711717099702,-0.396598857847009
"551080",3.80714054428384,1.4616063700977,2.2271650519159,-0.765558681818201,-2.34553417418615,-1.57997549236795
"423354",1.69200748239997,0.288356219434553,1.69200748239997,-1.40365126296542,-1.40365126296542,0
"311710",0.123320681005553,0.259839202702528,0.195226673922871,0.064612528779657,0.136518521696975,0.0719059929173179
"163139",1.42982498124527,0.361500725963514,0.781981751756539,-0.420481025793024,-1.06832425528175,-0.647843229488727
"222477",0.901806982530397,0.980371114038558,0.952645512306318,0.0277256017322405,0.0785641315081611,0.0508385297759206
"96673",0.526956641920401,0.408709355451796,0.45713228399853,-0.0484229285467338,-0.118247286468604,-0.0698243579218705
"256313",0.577378474245581,0.673120134714449,0.637698622128821,0.0354215125856279,0.0957416604688672,0.0603201478832394
"186397",1e-08,0.443566258356793,0.24051480722578,0.203051451131013,0.443566248356793,0.24051479722578
"355940",0.0512601948534403,0.239942179411017,0.149760272807598,0.0901819066034192,0.188681984557577,0.0985000779541575
"469127",0.339357825894636,0.389645666429652,0.368614126237309,0.0210315401923428,0.0502878405350161,0.0292563003426733
"27583",0.926788924405177,0.596269658485958,0.726546682423775,-0.130277023937817,-0.330519265919219,-0.200242241981402
"302289",0.112484419392223,0.169478702018238,0.141969783744667,0.0275089182735714,0.0569942826260151,0.0294853643524437
"233420",6.3147493453416,2.40712145963225,3.53543681493615,-1.12831535530389,-3.90762788570935,-2.77931253040546
"255098",1.92778932106434,0.800073200305648,1.14518988869019,-0.345116688384543,-1.1277161207587,-0.782599432374154
"511258",1.89632659844779,1.43294088479246,1.60484264034785,-0.171901755555389,-0.463385713655329,-0.291483958099939
"21011",0.637918535418372,0.309590700463652,0.44738111633481,-0.137790415871157,-0.32832783495472,-0.190537419083562
"157058",0.657783785766313,1.15876163708841,0.916586441553529,0.242175195534879,0.500977851322094,0.258802655787215
"334823",0.242293025781058,0.668110674684499,0.436806794653768,0.231303880030731,0.425817648903442,0.194513768872711
"286812",0.613461767714263,0.782790296559222,0.712746387416307,0.0700439091429148,0.169328528844959,0.0992846197020442
"214209",2.42759135263199,1.11359851004019,1.57986448420792,-0.466265974167726,-1.3139928425918,-0.847726868424078
"445179",0.130328896206325,0.127091435066471,0.128735037835179,-0.00164360276870762,-0.00323746113985438,-0.00159385837114676
"59981",0.110128631946452,0.172427810106088,0.145286994771415,0.0271408153346732,0.0622991781596357,0.0351583628249625
"18486",0.380606248331313,0.471632075633858,0.432187913072644,0.0394441625612145,0.0910258273025448,0.0515816647413303
"111264",1.64575607592379,1.63885510350735,1.64155710462348,-0.00270200111613605,-0.0069009724164395,-0.00419897130030344
"261692",1.63809998405929,0.773283108988217,1.01190245124372,-0.238619342255507,-0.864816875071076,-0.626197532815569
"102280",0.320596482443559,0.697393758135784,0.546179299633746,0.151214458502038,0.376797275692225,0.225582817190187
"112225",0.15353865115435,0.243539674322924,0.200887342826365,0.0426523314965585,0.0900010231685735,0.047348691672015
"121803",0.868277197925847,0.842453280180849,0.852124026058031,-0.0096707458771812,-0.025823917744998,-0.0161531718678168
"486932",0.521762002609122,0.550590346533113,0.537618231327749,0.0129721152053641,0.028828343923991,0.0158562287186269
"540152",1e-08,0.118407436425896,0.0663795390554412,0.0520278973704551,0.118407426425896,0.0663795290554412
"577041",0.412313789643649,0.800296530977646,0.652754423876901,0.147542107100745,0.387982741333997,0.240440634233252
"17368",0.472450943167151,0.637417850238321,0.56216441546505,0.075253434773271,0.164966907071171,0.0897134722978996
"366966",0.626993065371246,0.74587520235642,0.697473742510348,0.048401459846072,0.118882136985175,0.0704806771391027
"513434",0.0690023406563201,0.314941793293967,0.199262798884921,0.115678994409046,0.245939452637647,0.130260458228601
"122944",0.202399212057748,0.226508921535901,0.214338161668694,0.0121707598672067,0.0241097094781529,0.0119389496109462
"162968",0.893755320395471,1.24073553752057,1.07442472154306,0.166310815977509,0.346980217125099,0.180669401147589
"402538",0.241074438529125,0.38078781288347,0.311048485108155,0.0697393277753142,0.139713374354345,0.0699740465790307
"312295",0.6235825952287,0.47035148211926,0.525503263266658,-0.0551517811473979,-0.153231113109439,-0.0980793319620412
"543193",0.205188479708838,0.208575753021323,0.206987208735165,0.00158854428615757,0.00338727331248495,0.00179872902632738
"531274",0.396686801956065,0.770867962219877,0.635156306043689,0.135711656176188,0.374181160263812,0.238469504087624
"305470",4.46030456884102,0.970642413093591,1.97422291346317,-1.00358050036958,-3.48966215574743,-2.48608165537785
"302493",0.0852605092763097,0.140849906947026,0.119789243295588,0.0210606636514385,0.0555893976707167,0.0345287340192782
"223060",0.0479541163878195,0.0937195711673557,0.0731064583413841,0.0206131128259716,0.0457654547795362,0.0251523419535646
"186275",1.00407056813909,1.00996932586298,1.00736894737217,0.00260037849080375,0.0058987577238907,0.00329837923308696
"559597",1.83484696102538,2.87380262240444,2.57302565206876,0.300776970335686,1.03895566137906,0.738178691043375
"270757",0.1992333371897,0.424843046726384,0.335014140436059,0.0898289062903252,0.225609709536684,0.135780803246359
"474718",0.0141013353872238,0.040165085520466,0.0280839187881816,0.0120811667322844,0.0260637501332422,0.0139825834009579
"428505",2.5347036988653,2.10669974843448,2.25331711050833,-0.146617362073844,-0.428003950430817,-0.281386588356973
"506463",1.451615672209,2.10779473984877,1.84459304547178,0.263201694376981,0.656179067639766,0.392977373262785
"560942",0.220969748672441,0.185490430780565,0.203215262167132,-0.0177248313865675,-0.0354793178918767,-0.0177544865053092
"236342",1.40240170514663,1.34622520059814,1.37063991385754,-0.0244147132593986,-0.0561765045484874,-0.0317617912890888
"180092",0.28069233486964,0.448417469760634,0.383352647706582,0.0650648220540516,0.167725134890994,0.102660312836942
"527889",0.233890550606442,0.414154334823227,0.320683629990912,0.093470704832315,0.180263784216785,0.0867930793844703
"280730",0.016518293905688,0.066927631347235,0.0444707852940576,0.0224568460531775,0.0504093374415471,0.0279524913883696
"150646",0.237987240502405,0.524909438744253,0.369590951993808,0.155318486750445,0.286922198241848,0.131603711491403
"469890",0.0226825098427342,0.0449042442500537,0.0351509577958517,0.009753286454202,0.0222217344073194,0.0124684479531174
"275342",0.506738569669654,0.623516418352754,0.569271427500723,0.0542449908520313,0.1167778486831,0.0625328578310689
"254196",0.106940477336774,0.136338843000761,0.124729355890994,0.0116094871097663,0.0293983656639866,0.0177888785542204
"253346",0.655164299436708,1.21820986906625,0.956509320850423,0.261700548215828,0.563045569629543,0.301345021413715
"100788",0.329670065818288,0.179875504460678,0.226840505894391,-0.0469650014337127,-0.14979456135761,-0.102829559923897
"102615",0.925813501914714,0.975290812333933,0.95757749414548,0.0177133181884536,0.0494773104192192,0.0317639922307656
"1293",0.11754414629088,0.323622219976357,0.223873276588647,0.0997489433877108,0.206078073685477,0.106329130297766
"353493",0.177139651292554,0.353761089077415,0.284281041244505,0.0694800478329097,0.176621437784861,0.107141389951951
"481717",1.33784548004829,1.27474101847047,1.30172066152928,-0.0269796430588161,-0.0631044615778245,-0.0361248185190084
"332315",0.682743670702097,0.497197186753155,0.561320257878476,-0.0641230711253205,-0.185546483948942,-0.121423412823621
"161418",2.43846347513946,0.805349243817001,1.34190862279082,-0.536559378973821,-1.63311423132246,-1.09655485234864
"565869",0.554191972548005,0.90189765903178,0.757113289100922,0.144784369930857,0.347705686483774,0.202921316552917
"550695",0.202828805113003,0.260973255095542,0.231590565768857,0.0293826893266849,0.0581444499825389,0.028761760655854
"309239",0.331623526961099,0.204226272225014,0.268546667423978,-0.0643203951989636,-0.127397254736085,-0.0630768595371213
"201978",0.0492860191220698,0.142328544550776,0.101223490962212,0.0411050535885636,0.0930425254287061,0.0519374718401425
"494580",0.407876953734445,0.472244633037554,0.443947868488795,0.0282967645487598,0.0643676793031097,0.0360709147543499
"531392",1.02413275746309,0.433018388517636,0.65017656718632,-0.217158178668684,-0.591114368945454,-0.37395619027677
"77702",0.0975934950158137,0.156053521710157,0.130383167226252,0.0256703544839045,0.0584600266943432,0.0327896722104387
"416077",0.177450533093283,0.148563652290841,0.162444395808528,-0.0138807435176866,-0.0288868808024416,-0.015006137284755
"509573",0.165356716798745,0.516436212840454,0.369596815414671,0.146839397425783,0.351079496041708,0.204240098615925
"107237",1.65737573580976,0.584570694496279,0.978655442385468,-0.394084747889189,-1.07280504131348,-0.678720293424288
"367304",0.190350348087267,0.601001328467363,0.427145916129069,0.173855412338294,0.410650980380095,0.236795568041802
"247643",0.476049188711301,0.878830829723192,0.673929095269255,0.204901734453937,0.402781641011891,0.197879906557954
"215212",1.34926113856586,1.31989142482899,1.33203892532056,-0.0121475004915785,-0.0293697137368767,-0.0172222132452982
"443909",4.1242347237406,1.56042776067935,2.40806823038717,-0.84764046970782,-2.56380696306124,-1.71616649335342
"460082",1.62142318016304,1.49877386891705,1.54124818564432,-0.0424743167272648,-0.122649311245983,-0.0801749945187187
"292216",5.38486956730325,2.56628421039725,3.38893115116087,-0.822646940763617,-2.818585356906,-1.99593841614238
"97543",1.1993380867125,0.34041691791549,0.653298168584674,-0.312881250669184,-0.858921168797008,-0.546039918127824
"521451",1e-08,0.0758756710489267,0.0415248344352182,0.0343508366137085,0.0758756610489267,0.0415248244352182
"356417",2.04058247484823,1.19232668442102,1.48623519009207,-0.293908505671052,-0.848255790427215,-0.554347284756163
"517889",2.48647706161633,1.08600250567192,1.59755424849169,-0.511551742819771,-1.40047455594441,-0.888922813124636
"292509",2.07220846195572,1.09949053532501,1.42872024169566,-0.329229706370645,-0.972717926630708,-0.643488220260063
"496242",0.372355354663426,0.280626379688773,0.314184126812581,-0.0335577471238084,-0.0917289749746531,-0.0581712278508447
"190760",0.190118857054497,0.263979385365381,0.225917421991723,0.0380619633736577,0.0738605283108838,0.0357985649372261
"412075",1e-08,0.129713167312907,0.0664400321655009,0.0632731351474064,0.129713157312907,0.0664400221655009
"441601",0.0310439517244497,0.112214821889138,0.0727038097739015,0.0395110121152367,0.0811708701646886,0.0416598580494519
"9186",1e-08,0.325265722759934,0.174862614475297,0.150403108284637,0.325265712759934,0.174862604475297
"26474",0.104035240324259,0.167074332603114,0.137140276889152,0.0299340557139626,0.0630390922788558,0.0331050365648932
"55249",0.0762176524319748,0.141754741216691,0.111852107408478,0.029902633808213,0.0655370887847166,0.0356344549765037
"18106",0.173776829774687,0.388468873548383,0.282695209571503,0.105773663976881,0.214692043773697,0.108918379796816
"177679",0.0506018506536813,0.119030989345284,0.0872516866218377,0.0317793027234462,0.0684291386916026,0.0366498359681564
"73342",0.0436838958257553,0.315412125991317,0.190964541149152,0.124447584842165,0.271728230165561,0.147280645323397
"450375",2.22497995152564,0.461494374838959,1.10156311484914,-0.640068740010184,-1.76348557668668,-1.1234168366765
"545104",0.632167670385026,0.40066459202114,0.499949830423866,-0.0992852384027266,-0.231503078363886,-0.13221783996116
"115137",2.23278040011957,0.625302673303163,1.07379173568416,-0.448489062380999,-1.60747772681641,-1.15898866443541
"415575",0.479788303384989,0.387673475582286,0.426607958743592,-0.0389344831613064,-0.092114827802703,-0.0531803446413966
"389388",2.95268192260059,2.41861620299682,2.61082055374772,-0.1922043507509,-0.534065719603771,-0.341861368852871
"407969",1.46550654347096,1.19537621562284,1.31186523464272,-0.116489019019884,-0.270130327848122,-0.153641308828238
"290649",2.8075083843262,2.03532098994513,2.30116400380749,-0.265843013862356,-0.772187394381063,-0.506344380518707
"576687",0.082772375595664,0.291988341893915,0.187790328567526,0.104198013326388,0.209215966298251,0.105017952971862
"163439",3.67964914371323,1.86378689598,2.48030237494716,-0.616515478967163,-1.81586224773323,-1.19934676876607
"340339",2.9288436682173,1.6478346039152,2.0653942149641,-0.417559611048897,-1.28100906430209,-0.863449453253198
"358481",2.53197340177958,1.09902024003689,1.61230202047133,-0.513281780434443,-1.43295316174269,-0.919671381308251
"486730",4.51136493021149,0.992995023625296,2.05888424193778,-1.06588921831249,-3.51836990658619,-2.4524806882737
"408938",2.89738697851479,0.569348710733518,2.89738697851479,-2.32803826778127,-2.32803826778127,0
"490970",0.0469761576740206,0.156900284434214,0.111569047016362,0.0453312374178519,0.109924126760193,0.0645928893423414
"577883",2.85380153981158,1.24795324771254,1.85799010876596,-0.610036861053416,-1.60584829209903,-0.995811431045618
"74330",1.59327648340664,1.32364184888924,1.44189658684099,-0.118254737951753,-0.269634634517397,-0.151379896565644
"451969",0.406302202844815,0.359993990537099,0.378519795143489,-0.0185258046063893,-0.0463082123077162,-0.0277824077013269
"566442",0.268214469781407,0.437590655276644,0.367978776775094,0.0696118785015497,0.169376185495237,0.0997643069936878
"461059",3.04495040600617,1.91628374411652,2.29399036963438,-0.377706625517864,-1.12866666188965,-0.750960036371788
"135003",0.0452540345661086,0.248749857746714,0.148976502426159,0.0997733553205546,0.203495823180605,0.10372246786005
"428564",0.560618875157155,1.1345356551521,0.867980709192919,0.26655494595918,0.573916779994944,0.307361834035765
"449912",0.165187153093816,0.45511497690145,0.332857542334635,0.122257434566815,0.289927823807634,0.16767038924082
"32309",0.0941898561651879,0.302113581894222,0.199161430246651,0.102952151647571,0.207923725729035,0.104971574081463
"41341",1.12416468974403,1.27982787281968,1.21451837121511,0.0653095016045686,0.155663183075644,0.090353681471075
"530860",10,2.03768327051087,4.41844838392939,-2.38076511341853,-7.96231672948913,-5.58155161607061
"445765",0.79501010953199,0.305044036655849,0.509033888929339,-0.20398985227349,-0.489966072876141,-0.285976220602651
"118558",0.144123081762688,0.264895256253257,0.207336864477206,0.0575583917760515,0.120772174490569,0.0632137827145176
"106108",0.0135820082183878,0.201238395220503,0.11057864919897,0.0906597460215332,0.187656387002115,0.0969966409805818
"125743",0.299652060030509,0.533062579052941,0.430248929943375,0.102813649109566,0.233410519022432,0.130596869912866
"479952",1.18919738123146,1.03004469557749,1.09162428142634,-0.0615795858488408,-0.15915268565397,-0.0975730998051292
"149163",2.37553685703848,0.895142270800595,1.38192019695704,-0.486777926156449,-1.48039458623789,-0.993616660081442
"247793",0.326998721920469,0.374218957137108,0.355126411077121,0.0190925460599871,0.0472202352166392,0.0281276891566521
"353511",0.270892667785189,0.12598946768044,0.187709410778484,-0.0617199430980435,-0.144903200104749,-0.0831832570067052
"291336",0.630223027275467,0.627641843765036,0.62861143648218,-0.000969592717144474,-0.00258118351043135,-0.00161159079328688
"242399",9.01110087107925,3.70543187007299,4.83379002281371,-1.12835815274072,-5.30566900100626,-4.17731084826554
"316687",0.591449361920439,0.538771564937972,0.55303229933293,-0.014260734394958,-0.0526777969824668,-0.0384170625875088
"534390",5.52313437397993,2.63925003443577,3.46697716213636,-0.827727127700597,-2.88388433954416,-2.05615721184356
"215629",2.43157474608156,0.945155653658049,1.44033471415188,-0.495179060493826,-1.48641909242351,-0.991240031929686
"522945",0.557767698917906,1.03557760173883,0.8270090959989,0.208568505739928,0.477809902820922,0.269241397080994
"472530",0.0680142078633777,0.323152068993505,0.19327723165273,0.129874837340775,0.255137861130127,0.125263023789352
"270310",2.13663881506041,2.14532141076964,2.14227320953051,0.00304820123912775,0.00868259570922669,0.00563439447009895
"380310",0.38243916683523,0.23629837760763,0.307027916431055,-0.0707295388234255,-0.1461407892276,-0.0754112504041749
"193883",0.581764186178483,0.372106208849075,0.437623548850517,-0.0655173400014416,-0.209657977329408,-0.144140637327967
"234618",0.327271574232139,0.788277218034316,0.567998284156739,0.220278933877577,0.461005643802177,0.2407267099246
"211080",4.39073708730406,1.62559602684774,2.56575943012838,-0.940163403280641,-2.76514106045632,-1.82497765717568
"173254",0.969790319023595,0.659784709438973,0.790194055486303,-0.13040934604733,-0.310005609584622,-0.179596263537292
"345191",1.85359319696937,1.26004714026158,1.46943869786991,-0.209391557608329,-0.593546056707792,-0.384154499099463
"184378",0.278310930861837,0.49526935690331,0.405215774061896,0.0900535828414139,0.216958426041473,0.126904843200059
"544539",4.95616164232065,3.38672228984877,3.66985648883285,-0.283134198984088,-1.56943935247188,-1.2863051534878
"556807",3.44418513702468,1.67191424806358,2.24676183908909,-0.574847591025513,-1.77227088896109,-1.19742329793558
"328106",0.784937516227491,0.690616069254205,0.728713908088404,-0.0380978388341989,-0.0943214469732867,-0.0562236081390878
"216342",0.642308494028941,0.51559285154068,0.574852952114695,-0.0592601005740148,-0.126715642488262,-0.0674555419142467
"305466",3.4206779851945,0.711326194230429,1.6400125927299,-0.928686398499466,-2.70935179096407,-1.7806653924646
"460382",3.65134159205348,0.649627953855387,3.65134159205348,-3.00171363819809,-3.00171363819809,0
"106937",0.367512475336126,0.69104269922792,0.537540166623651,0.153502532604268,0.323530223891794,0.170027691287525
"28798",0.172149637584491,0.299279802873047,0.234048044820943,0.0652317580521043,0.127130165288557,0.0618984072364522
"528817",1e-08,0.257630405025937,0.141655404366132,0.115975000659805,0.257630395025937,0.141655394366132
"234441",1.25944514233739,1.37482920221191,1.32502598244168,0.0498032197702238,0.115384059874516,0.0655808401042923
"414547",0.300541295195473,0.789409779842148,0.610534962112948,0.178874817729199,0.488868484646675,0.309993666917476
"236003",0.0876628847407668,0.513013793965024,0.282566655728842,0.230447138236181,0.425350909224257,0.194903770988076
"107378",3.8029114856636,1.69020963505778,2.39805251955429,-0.707842884496507,-2.11270185060582,-1.40485896610931
"442657",0.75593585717073,0.687523445914529,0.715128906949761,-0.0276054610352318,-0.0684124112562006,-0.0408069502209688
"522725",0.0732685502766481,0.118343928512066,0.096477219632173,0.021866708879893,0.045075378235418,0.023208669355525
"224139",2.34293633267144,1.33408760861279,1.70899586530208,-0.374908256689291,-1.00884872405865,-0.633940467369359
"170153",0.240987375257758,0.489669507595877,0.38602186523623,0.103647642359647,0.248682132338119,0.145034489978472
"152094",0.246093457204613,0.76130080924972,0.565005438019118,0.196295371230602,0.515207352045107,0.318911980814505
"315076",0.424040573320293,0.648554323514713,0.571607814869779,0.076946508644934,0.22451375019442,0.147567241549486
"268514",2.47614172001915,1.20481936681458,1.6729420351451,-0.468122668330514,-1.27132235320457,-0.803199684874051
"432654",0.215246299977099,0.442415561747596,0.355046137977242,0.0873694237703547,0.227169261770497,0.139799838000143
"444960",0.72646166374994,0.535659725221907,0.605163427102195,-0.0695037018802885,-0.190801938528033,-0.121298236647745
"10313",0.0470855445490994,0.108447734744244,0.0778853648433354,0.0305623699009086,0.0613621901951446,0.030799820294236
"93948",0.369206494234081,0.26617682532641,0.314995119985525,-0.0488182946591152,-0.103029668907671,-0.0542113742485558
"389702",2.83775352846753,0.891968697147149,1.56182504911828,-0.669856351971127,-1.94578483132038,-1.27592847934925
"279514",3.06949110108001,0.471792246777407,3.06949110108001,-2.5976988543026,-2.5976988543026,0
"3460",0.176477844940965,0.393717906156558,0.284320390162212,0.109397515994346,0.217240061215594,0.107842545221248
"362153",0.196424451292409,0.350188871230384,0.274484032359411,0.0757048388709732,0.153764419937975,0.0780595810670018
"196318",0.0891925166188006,0.0718366793340621,0.0802350782440734,-0.00839839891001125,-0.0173558372847384,-0.00895743837472719
"387655",2.67807013581272,1.57958266462304,1.91708316469311,-0.337500500070066,-1.09848747118968,-0.760986971119613
"253912",2.04595951513985,0.733917102879435,1.24694595134318,-0.513028848463743,-1.31204241226042,-0.799013563796674
"480527",1e-08,0.181916280442724,0.104658503137496,0.0772577773052284,0.181916270442724,0.104658493137496
"124789",10,5.31888392641557,8.51013747629583,-3.19125354988026,-4.68111607358443,-1.48986252370417
"165573",10,7.21969060470124,10,-2.78030939529876,-2.78030939529876,0
"277440",10,6.0424916144241,9.09693721083457,-3.05444559641047,-3.9575083855759,-0.903062789165432
"325579",10,3.64315184853555,5.73400711703882,-2.09085526850327,-6.35684815146445,-4.26599288296118
"392502",10,4.08895437662543,5.99294040547679,-1.90398602885136,-5.91104562337457,-4.00705959452321
"400937",10,7.21969060470124,10,-2.78030939529876,-2.78030939529876,0
"489850",10,5.63461025320983,8.77749242348898,-3.14288217027915,-4.36538974679017,-1.22250757651102
"195467",1.14942981857982,1.14222997615315,1.14521881476682,-0.00298883861367027,-0.00719984242666727,-0.00421100381299699
"384957",0.308791984046211,0.551513030771284,0.439363508001025,0.112149522770259,0.242721046725072,0.130571523954813
"123113",3.25739967611537,0.662497269294978,1.51874203076549,-0.856244761470513,-2.59490240682039,-1.73865764534988
"4087",0.395086067008976,0.859290531363543,0.632687034408017,0.226603496955526,0.464204464354567,0.23760096739904
"280990",3.76551086151691,1.48802825526433,2.21646743024564,-0.728439174981307,-2.27748260625258,-1.54904343127128
"195150",0.220516555599854,0.520372944631692,0.360814149720077,0.159558794911615,0.299856389031838,0.140297594120223
"253214",0.349657889583883,0.792560785020212,0.578209463794706,0.214351321225506,0.442902895436329,0.228551574210823
"58498",0.685980495225959,1.01885582907013,0.874570796635159,0.144285032434967,0.332875333844167,0.1885903014092
"146040",0.0988472847293402,0.135199663785466,0.117804583231859,0.0173950805536074,0.0363523790561262,0.0189572985025188
"457379",1.3219634079715,0.265199323912733,0.638689135966041,-0.373489812053309,-1.05676408405876,-0.683274272005456
"449457",0.23526943856925,0.132159314495512,0.181659916888073,-0.0495006023925614,-0.103110124073738,-0.0536095216811765
"460470",0.867928431997564,1.25917995084655,1.10435454023079,0.154825410615751,0.391251518848981,0.23642610823323
"332343",7.54102675304554,1.47059693106653,7.54102675304554,-6.07042982197901,-6.07042982197901,0
"103027",9.60019271783704,5.13195377240584,6.22392404414296,-1.09197027173712,-4.4682389454312,-3.37626867369408
"212176",10,4.44190299841732,5.86508922406579,-1.42318622564847,-5.55809700158268,-4.13491077593421
"274443",10,4.44190299841732,5.86508922406579,-1.42318622564847,-5.55809700158268,-4.13491077593421
"69648",10,4.672018560609,5.96806998709255,-1.29605142648354,-5.327981439391,-4.03193001290745
"7603",5.60054555167707,3.320901182778,4.03706707432885,-0.716165891550848,-2.27964436889907,-1.56347847734822
"307902",0.474021556979169,1.13948315417095,0.8489838223834,0.290499331787554,0.665461597191785,0.37496226540423
"442106",2.42948078825544,1.5722966404566,1.91217341299474,-0.339876772538141,-0.85718414779884,-0.517307375260698
"496510",0.522528654895438,0.722405780798901,0.649283735530746,0.0731220452681556,0.199877125903463,0.126755080635308
"231747",0.103667970599977,0.218783093915432,0.162825038977498,0.0559580549379344,0.115115123315455,0.0591570683775207
"344824",0.125420241003944,0.163059338521656,0.14533207757368,0.0177272609479757,0.0376390975177112,0.0199118365697355
"309322",2.9788837540806,1.19211282913033,1.87040068041256,-0.678287851282229,-1.78677092495027,-1.10848307366804
"117692",2.05212718238251,1.34688842717856,1.59801995822284,-0.251131531044278,-0.705238755203947,-0.454107224159669
"28702",0.582276744678996,0.609745296289194,0.599650391041916,0.0100949052472779,0.027468551610198,0.0173736463629202
"246312",0.155238791245419,0.221528311834608,0.189663860003183,0.0318644518314245,0.0662895205891883,0.0344250687577638
"349710",0.440717105764985,0.630701844922858,0.5579079622384,0.072793882684458,0.189984739157873,0.117190856473415
"295802",1.5550516953471,1.2099503645184,1.35593434515412,-0.145983980635721,-0.345101330828704,-0.199117350192983
"476389",0.110125968662851,0.23164440158065,0.172003900200191,0.0596405013804585,0.121518432917798,0.0618779315373399
"319801",10,3.12308496106834,5.14576586425662,-2.02268090318828,-6.87691503893166,-4.85423413574338
"450041",5.89052619381696,2.85713198952993,3.77795816175832,-0.920826172228385,-3.03339420428702,-2.11256803205864
"524084",6.92383373220885,2.18490292363421,3.53768118833974,-1.35277826470553,-4.73893080857463,-3.38615254386911
"110997",0.0516224255529735,0.136968932731214,0.096193038081532,0.0407758946496815,0.08534650717824,0.0445706125285585
"441623",0.568819912884693,0.218807314760602,0.353333584068132,-0.13452626930753,-0.350012598124091,-0.215486328816561
"170116",6.40909515353417,2.44021932644835,3.59797767891861,-1.15775835247026,-3.96887582708582,-2.81111747461556
"276582",2.18158971365769,1.09267871289403,1.46494675932393,-0.372268046429905,-1.08891100076366,-0.716642954333757
"177858",0.0845795088532885,0.111177550901661,0.0991778410032208,0.0119997098984402,0.0265980420483725,0.0145983321499323
"497498",0.108343709535204,0.0889992304269564,0.0981896657505936,-0.00919043532363725,-0.0193444791082472,-0.0101540437846099
"189027",0.380985059589443,1.08897235657694,0.783458980437703,0.305513376139234,0.707987296987495,0.402473920848261
"45402",3.27816071006328,2.08997596742642,2.50036222973232,-0.410386262305896,-1.18818474263686,-0.777798480330963
"479966",1.90890744870845,1.35663602130717,1.55550546776162,-0.198869446454447,-0.552271427401273,-0.353401980946826
"558822",0.149283387278097,0.332803955064772,0.241488085396051,0.0913158696687213,0.183520567786675,0.0922046981179535
"135257",1.50644597769164,1.62739838284218,1.5835430231421,0.0438553597000813,0.12095240515054,0.0770970454504585
"289259",1e-08,0.188197406460969,0.108440458240428,0.0797569482205402,0.188197396460969,0.108440448240428
"379365",0.261211193633967,0.0911712454973187,0.16860840969502,-0.0774371641977014,-0.170039948136649,-0.0926027839389474
"392171",2.78338346505286,1.25482764714105,1.83133954777405,-0.576511900633006,-1.52855581791181,-0.952043917278805
"179134",0.857227759817151,1.06046223034965,0.98482247426429,0.0756397560853637,0.203234470532503,0.127594714447139
"273393",2.61066524957325,1.90371117160837,2.12564674321769,-0.221935571609322,-0.70695407796488,-0.485018506355558
"492986",0.614735964283399,0.832151716943868,0.740834723013022,0.0913169939308461,0.217415752660469,0.126098758729623
"243185",4.85245872273915,1.51884124806838,2.25909553736132,-0.740254289292945,-3.33361747467077,-2.59336318537783
"264657",3.09577578782267,2.18684104410082,2.49972450274693,-0.312883458646107,-0.908934743721853,-0.596051285075746
"512159",1.2452400282789,0.801918024485812,0.960345390853481,-0.15842736636767,-0.443322003793093,-0.284894637425423
"539600",0.0562943706944799,0.155187655579928,0.104443678030776,0.050743977549152,0.0988932848854477,0.0481493073362957
"535807",3.33195320843509,0.346916142622337,3.33195320843509,-2.98503706581275,-2.98503706581275,0
"122647",0.415527612052274,0.484431613289041,0.454698394773158,0.0297332185158823,0.0689040012367664,0.0391707827208841
"338333",0.189140677763953,0.335487150140411,0.257308599488708,0.0781785506517031,0.146346472376458,0.0681679217247551
"357959",0.0483082888009291,0.11341467488744,0.0801184981254728,0.0332961767619673,0.0651063860865111,0.0318102093245438
"544129",0.0795024364743251,0.557402531283699,0.354885834663214,0.202516696620485,0.477900094809374,0.275383398188889
"386311",1.33461747888011,1.51415674651103,1.45260993226084,0.0615468142501971,0.179539267630927,0.11799245338073
"577822",0.252729109357659,0.346631383584499,0.302270307004958,0.0443610765795404,0.0939022742268396,0.0495411976472992
"451210",2.76237530622794,1.23216478681518,1.8071862475061,-0.575021460690916,-1.53021051941275,-0.955189058721835
"30286",0.0844023880211409,0.289801301944711,0.198153957411373,0.0916473445333379,0.205398913923571,0.113751569390233
"87657",0.250705759339091,0.544528114066699,0.415166299037683,0.129361815029017,0.293822354727609,0.164460539698592
"264442",0.900746043857126,0.469584062685265,0.627578226805015,-0.15799416411975,-0.431161981171861,-0.273167817052111
"565815",0.115196621654541,0.414486228236239,0.271744222150294,0.142742006085946,0.299289606581699,0.156547600495753
"351325",0.908041366323018,0.690003135166013,0.781252833377405,-0.0912496982113912,-0.218038231157005,-0.126788532945614
"303335",0.51601313592723,0.44763062308733,0.478053762135222,-0.0304231390478921,-0.0683825128399,-0.037959373792008
"167162",2.64894582447414,1.3111147331772,1.81652345350599,-0.505408720328792,-1.33783109129694,-0.832422370968152
"384911",2.19401076544446,1.11800513753638,1.48826667809965,-0.370261540563277,-1.07600562790809,-0.70574408734481
"53240",1.76663857819902,1.86869282054853,1.82924633439381,0.0394464861547239,0.102054242349516,0.0626077561947924
"65169",1.37176652001914,0.752903802802629,0.973858295445702,-0.220954492643073,-0.618862717216514,-0.397908224573441
"70066",0.144986685463594,0.181882406992271,0.165531255747959,0.0163511512443126,0.0368957215286776,0.020544570284365
"353058",0.150617824127967,0.251656747653585,0.205158273912514,0.0464984737410711,0.101038923525618,0.0545404497845474
"453704",0.0109583415538041,0.049553875487071,0.0308517718656712,0.0187021036213999,0.038595533933267,0.0198934303118671
"6473",0.791930348341981,0.65171268115668,0.707562364150624,-0.0558496829939441,-0.140217667185301,-0.084367984191357
"273099",0.0430988597093686,0.223396862421606,0.146514965311245,0.0768818971103608,0.180298002712238,0.103416105601877
"284264",1e-08,0.101324807886929,0.0593905711409438,0.0419342367459847,0.101324797886929,0.0593905611409438
"141569",0.41782650667361,0.422727540064884,0.420560998658078,0.00216654140680606,0.00490103339127396,0.0027344919844679
"87429",1.46531116244045,0.679472994227454,0.967512786511382,-0.288039792283928,-0.785838168212993,-0.497798375929065
"405870",0.00643967968793715,0.12152813726793,0.0680222868582369,0.0535058504096934,0.115088457579993,0.0615826071702997
"502957",0.100850602787461,0.550422004710734,0.312958707700843,0.237463297009892,0.449571401923274,0.212108104913382
"273431",0.278309923658208,0.8640416708937,0.533160482671181,0.330881188222519,0.585731747235492,0.254850559012973
"460111",0.527136962353891,0.475454399624564,0.498678944287854,-0.0232245446632902,-0.0516825627293273,-0.028458018066037
"384829",0.0321310714411885,0.177477174128833,0.106008777894868,0.0714683962339655,0.145346102687645,0.0738777064536791
"246071",0.289623881327008,0.402658024089386,0.356918424406955,0.0457395996824305,0.113034142762378,0.0672945430799473
"161319",0.020476429832068,0.149905710742112,0.0868227246664944,0.0630829860756178,0.129429280910044,0.0663462948344265
"335070",0.0392732491347054,0.217848311952703,0.143713671692573,0.0741346402601292,0.178575062817997,0.104440422557868
"143565",2.95113169035389,0.485839365281015,2.95113169035389,-2.46529232507287,-2.46529232507287,0
"439578",0.92854784380289,0.475785790674946,0.648366001286992,-0.172580210612046,-0.452762053127945,-0.280181842515899
"56069",0.082307652140554,0.15487604947236,0.125265732875944,0.0296103165964157,0.0725683973318056,0.0429580807353899
"289624",1.54916409486473,0.677130078485771,0.993843827442758,-0.316713748956987,-0.87203401637896,-0.555320267421973
"384961",0.0544431713904821,0.143006184771564,0.098894977135386,0.0441112076361778,0.0885630133810817,0.0444518057449039
"261808",0.027198196262579,0.253688264216625,0.150037510219336,0.103650753997289,0.226490067954046,0.122839313956757
"217431",1.6324526627554,1.19994366878518,1.38573982627969,-0.185796157494512,-0.43250899397022,-0.246712836475708
"572592",1.9204216818252,1.73348594272254,1.80721602942387,-0.073730086701324,-0.186935739102656,-0.113205652401332
"408608",0.0189640154344325,0.0995430692254185,0.0639381438407342,0.0356049253846843,0.0805790537909859,0.0449741284063016
"439720",9.87014543766558,3.14444011866724,4.55022331562086,-1.40578319695362,-6.72570531899834,-5.31992212204472
"351447",2.06797764250963,1.00895735384903,1.35890975632584,-0.349952402476804,-1.0590202886606,-0.709067886183791
"172590",1e-08,0.173289499851533,0.0838120879007282,0.0894774119508051,0.173289489851533,0.0838120779007282
"344516",0.0391532659935344,0.0759701419600315,0.0589550709050637,0.0170150710549678,0.0368168759664971,0.0198018049115293
"82798",1e-08,0.21998426463062,0.117377836074538,0.102606428556082,0.21998425463062,0.117377826074538
"376195",2.12525739671154,2.1414149064829,2.13425179918077,0.0071631073021341,0.0161575097713591,0.008994402469225
"376986",10,5.35882602525387,7.47445357416844,-2.11562754891457,-4.64117397474613,-2.52554642583156
"496066",5.95782608518365,3.14555177564887,4.01728266615378,-0.87173089050491,-2.81227430953479,-1.94054341902988
"78202",0.148873421938919,0.405347466665584,0.275393971426582,0.129953495239002,0.256474044726665,0.126520549487664
"541361",0.280505767417253,0.628513431630694,0.470273046999389,0.158240384631305,0.348007664213441,0.189767279582136
"180115",10,2.45253704349405,4.5936102661487,-2.14107322265465,-7.54746295650595,-5.4063897338513
"97125",4.02465932525584,1.90027713773166,2.64500383705473,-0.744726699323068,-2.12438218752418,-1.37965548820111
"400037",0.273843197990866,0.344572136422112,0.318094946887556,0.0264771895345561,0.0707289384312464,0.0442517488966904
"102946",1.2063298860918,0.961592337133084,1.05477443993337,-0.0931821028002875,-0.244737548958718,-0.15155544615843
"72328",0.0149685644069658,0.0614382484506359,0.0401962676183501,0.0212419808322858,0.0464696840436701,0.0252277032113843
"96929",0.193239091140085,0.499270966187909,0.372763698026288,0.126507268161621,0.306031875047823,0.179524606886203
"344402",0.235295254229679,0.282523867519619,0.259184214752592,0.0233396527670273,0.0472286132899405,0.0238889605229131
"41545",1.75012016820725,2.89927005235403,2.46711762117484,0.432152431179184,1.14914988414678,0.716997452967594
"397073",3.20562780725744,2.58537852354781,2.81263345513339,-0.227254931585583,-0.620249283709633,-0.392994352124049
"536669",0.0274471067905103,0.0972492424576792,0.0623100775139481,0.0349391649437311,0.0698021356671688,0.0348629707234377
"253275",0.69122867019898,0.821583179406189,0.767075502666981,0.0545076767392085,0.130354509207209,0.0758468324680009
"484986",0.299412102220901,0.568171329861217,0.447250529636668,0.120920800224549,0.268759227640315,0.147838427415767
"27928",0.113734582187854,0.172898132085675,0.143040072704523,0.0298580593811513,0.0591635498978211,0.0293054905166698
"342800",1.42913422788143,0.578492317598716,0.94423967432038,-0.365747356721664,-0.850641910282718,-0.484894553561054
"157344",3.17622118781662,0.749420690301553,1.58426667238718,-0.834845982085632,-2.42680049751507,-1.59195451542944
"8035",0.663115593106886,0.814886205010916,0.759936993321202,0.0549492116897138,0.15177061190403,0.0968214002143163
"112224",0.870114134756528,0.057117705024835,0.870114134756528,-0.812996429731693,-0.812996429731693,0
"194467",0.89864802707253,0.559262860618153,0.695428256679519,-0.136165396061366,-0.339385166454377,-0.203219770393011
"306724",0.691330630946981,0.211570121211032,0.401004703337575,-0.189434582126543,-0.479760509735949,-0.290325927609406
"2104",2.42600608247886,0.915265089737509,1.41958821595207,-0.504323126214561,-1.51074099274135,-1.00641786652679
"187532",1.53175582320022,0.808168083748224,1.08004324932346,-0.271875165575235,-0.723587739451997,-0.451712573876762
"62411",1.27555323943119,0.523140739659197,0.833278589279271,-0.310137849620074,-0.752412499771992,-0.442274650151918
"39086",1.39733554298348,0.607991296490178,0.870074600945638,-0.262083304455461,-0.789344246493303,-0.527260942037842
"17770",1e-08,0.318287935287981,0.176891200907805,0.141396734380175,0.318287925287981,0.176891190907805
"46921",0.129355078513575,0.492845326484069,0.301656264508081,0.191189061975988,0.363490247970493,0.172301185994505
"93354",0.580462354227361,0.688963050889142,0.636638705731478,0.0523243451576634,0.10850069666178,0.0561763515041169
"505030",0.626284918597423,0.417082915983998,0.509967402263042,-0.092884486279044,-0.209202002613425,-0.116317516334381
"166188",0.134967222607227,0.229804135093055,0.184571161376031,0.0452329737170246,0.0948369124858276,0.0496039387688031
"234224",2.05814333670078,0.706924640791129,1.23373234525143,-0.526807704460298,-1.35121869590965,-0.824410991449356
"411692",0.73298716841486,0.911535232386497,0.834937016095236,0.0765982162912607,0.178548063971637,0.101949847680376
"410834",0.264574860536374,0.438039785680945,0.348593759722549,0.0894460259583963,0.173464925144571,0.0840188991861751
"38734",0.0798109285764149,0.363681209648485,0.223523778066616,0.140157431581869,0.28387028107207,0.143712849490201
"248188",0.182197079832587,0.372361147492496,0.299379500016021,0.0729816474764745,0.190164067659909,0.117182420183435
"206366",0.347529487851501,0.619348208338209,0.492896936706927,0.126451271631282,0.271818720486708,0.145367448855426
"516305",1.04730566260687,1.83586749253421,1.52658872720216,0.309278765332049,0.788561829927341,0.479283064595292
"187599",0.0283791997565123,0.253576129899789,0.14951678481512,0.104059345084669,0.225196930143277,0.121137585058607
"314309",0.482615075263002,0.306461246219883,0.380010987357068,-0.0735497411371848,-0.176153829043118,-0.102604087905933
"111751",2.92703677948397,2.39340421020504,2.58239480233177,-0.18899059212673,-0.53363256927893,-0.344641977152199
"282487",1.52330035155636,1.43299554071821,1.47230551485153,-0.0393099741333205,-0.0903048108381466,-0.0509948367048261
"535908",4.07845533042663,2.09949140901307,2.8090514172028,-0.709560008189732,-1.97896392141356,-1.26940391322383
"145571",2.01889607976987,1.81537327834846,1.89643874883783,-0.0810654704893747,-0.203522801421417,-0.122457330932042
"440443",1.6955086725032,2.704030168331,2.33768245222714,0.366347716103859,1.0085214958278,0.642173779723938
"118440",0.612338023989924,0.501527502885961,0.551865428036743,-0.0503379251507816,-0.110810521103963,-0.0604725959531813
"144708",4.79557399514959,1.56226992710298,2.67224820606916,-1.10997827896618,-3.23330406804661,-2.12332578908043
"146362",1.22088242136221,1.02698951616769,1.10205174568461,-0.0750622295169268,-0.193892905194524,-0.118830675677597
"126487",3.98815194342563,2.72181236305568,3.07964025794671,-0.357827894891028,-1.26633958036995,-0.908511685478925
"138789",0.124714861115626,0.532970871264555,0.33216377317098,0.200807098093575,0.408256010148929,0.207448912055354
"506302",0.106406056493388,0.132979331385154,0.119999271831883,0.0129800595532702,0.0265732748917655,0.0135932153384953
"189093",0.0399001429001071,0.192934425816833,0.118162377750876,0.0747720480659569,0.153034282916726,0.0782622348507692
"311718",0.422879333419907,1.11261893841346,0.818994864718331,0.293624073695127,0.689739604993552,0.396115531298425
"121781",0.743699934319588,0.872195693007003,0.817023775308685,0.055171917698318,0.128495758687415,0.0733238409890966
"200281",0.108583172566171,0.220683858195982,0.172913678797352,0.0477701793986308,0.112100685629812,0.0643305062311808
"397050",0.0117330030377906,0.268052772615687,0.151843377183318,0.116209395432369,0.256319769577896,0.140110374145527
"76559",3.19862210955805,0.670899398391146,1.49901862970319,-0.828119231312043,-2.52772271116691,-1.69960347985487
"75845",0.311317392687104,0.23106834801331,0.267447456576197,-0.0363791085628871,-0.0802490446737946,-0.0438699361109075
"546266",3.32181811534995,1.52555494638248,2.0881288895904,-0.562573943207913,-1.79626316896747,-1.23368922575955
"89410",1e-08,0.160927605066411,0.0846336102854508,0.0762939947809605,0.160927595066411,0.0846336002854508
"413059",2.50013591010701,1.42870454429834,1.72134952793152,-0.292644983633177,-1.07143136580868,-0.778786382175499
"188866",4.32632431361723,1.26943173771293,2.2365202149437,-0.967088477230765,-3.0568925759043,-2.08980409867354
"173239",1e-08,0.131406760126658,0.0731709879416383,0.0582357721850201,0.131406750126658,0.0731709779416383
"560979",3.36899048742392,1.66847238474238,2.20588194491325,-0.537409560170876,-1.70051810268154,-1.16310854251067
"472659",0.306481171768626,0.435824635189582,0.383260390620339,0.0525642445692424,0.129343463420956,0.0767792188517137
"553327",0.181806002222106,0.389986923828562,0.287033377742771,0.10295354608579,0.208180921606456,0.105227375520666
"62890",0.0290672604007579,0.201777732270734,0.11533996185004,0.0864377704206937,0.172710471869976,0.0862727014492823
"404197",0.0802382831133877,0.344227236224317,0.21074163128824,0.133485604936077,0.263988953110929,0.130503348174852
"279572",1.30228338329723,1.04388557389561,1.14553609189262,-0.101650517997003,-0.258397809401612,-0.156747291404609
"109152",10,3.62235193531769,5.89118317439408,-2.26883123907639,-6.37764806468231,-4.10881682560592
"251475",4.24941263268646,1.70714491660168,2.57656445684613,-0.869419540244445,-2.54226771608478,-1.67284817584033
"578789",7.14297594507132,2.25436830925276,3.67599783252133,-1.42162952326857,-4.88860763581856,-3.46697811254999
"308975",0.737246873121771,0.481071708245542,0.599552051049262,-0.11848034280372,-0.256175164876229,-0.137694822072509
"214599",0.150517357219791,0.467441241311011,0.30124991550873,0.166191325802282,0.316923884091221,0.150732558288939
"139151",3.99747444522359,2.01602729729447,2.5016095407561,-0.485582243461631,-1.98144714792912,-1.49586490446749
"120661",1e-08,0.166492242599317,0.093766302027384,0.0727259405719327,0.166492232599317,0.093766292027384
"22322",0.0953459174145779,0.180057102971166,0.156479038135055,0.023578064836111,0.0847111855565885,0.0611331207204775
"430684",0.022070124967501,0.100551826901856,0.0634353933847477,0.0371164335171081,0.0784817019343548,0.0413652684172467
"269338",0.105482199235235,0.521015620499643,0.346427535083009,0.174588085416634,0.415533421264408,0.240945335847774
"524237",0.056779119022019,0.122684892185182,0.091860122952785,0.0308247692323969,0.0659057731631629,0.0350810039307659
"97053",0.112118619427984,0.121603316307462,0.117122076570642,0.00448123973682003,0.00948469687947798,0.00500345714265794
"102528",3.26697224202149,1.88314051702646,2.3370372006926,-0.453896683666135,-1.38383172499503,-0.929935041328897
"256883",0.349105925494808,0.751708612892361,0.59487873005451,0.156829882837851,0.402602687397553,0.245772804559702
"459030",1.47206111310206,1.78853594843047,1.67177880537766,0.116757143052815,0.316474835328408,0.199717692275593
"498774",1.9201544700239,1.53095200411151,1.67646118751435,-0.145509183402841,-0.389202465912387,-0.243693282509546
"570259",0.295678485966928,0.763896678924801,0.540488695109429,0.223407983815372,0.468218192957873,0.244810209142501
"398387",0.341012414560469,0.451930211168375,0.393964386641906,0.057965824526469,0.110917796607906,0.0529519720814371
"512836",1.52180122163047,0.804166501430521,1.0779096774277,-0.273743175997177,-0.717634720199947,-0.44389154420277
"134285",0.800753733955851,0.594871376264274,0.676651359507149,-0.0817799832428755,-0.205882357691577,-0.124102374448702
"341076",1.71536274152327,0.613928134882602,1.00745771687634,-0.393529581993738,-1.10143460664066,-0.707905024646925
"268824",0.981051824150266,0.932911962886989,0.94954552314523,-0.0166335602582408,-0.0481398612632771,-0.0315063010050363
"486649",3.54993283556222,1.96201508368688,2.50907086556357,-0.547055781876689,-1.58791775187533,-1.04086196999864
"97425",0.317961836509871,0.24879885838798,0.273497913781187,-0.0246990553932078,-0.0691629781218916,-0.0444639227286838
"19571",2.23979390100749,1.37913289939658,1.69826085628074,-0.319127956884161,-0.860661001610912,-0.541533044726752
"79572",4.46544447047764,1.6570057083657,2.61654081714264,-0.959535108776943,-2.80843876211194,-1.84890365333499
"392273",0.326769850649219,0.830571918069522,0.582358734457232,0.248213183612289,0.503802067420303,0.255588883808014
"11879",3.75979846060466,1.80662675003719,2.46912152507709,-0.662494775039896,-1.95317171056747,-1.29067693552757
"92732",0.0285288723407323,0.152476955240127,0.0982305775083194,0.0542463777318073,0.123948082899394,0.0697017051675871
"30104",10,3.3935070038,4.8766551725742,-1.48314816877421,-6.6064929962,-5.1233448274258
"500670",1.40669777916308,0.80857660381899,1.03038646205038,-0.221809858231389,-0.59812117534409,-0.376311317112702
"414848",1.23753392287533,1.05511619847969,1.1253550831037,-0.0702388846240087,-0.182417724395638,-0.112178839771629
"72327",0.0421624741418025,0.225879083962936,0.132603439182391,0.0932756447805453,0.183716609821133,0.0904409650405882
"573022",0.518754412266111,0.728652568098951,0.645177253109664,0.083475314989287,0.209898155832839,0.126422840843552
"462708",2.12139838721165,1.13106925241205,1.48293891555887,-0.351869663146821,-0.9903291347996,-0.638459471652778
"430945",0.811208481404564,1.00867365487133,0.917485999210574,0.0911876556607519,0.197465173466762,0.10627751780601
"478388",0.879537366846049,0.716634872088082,0.783941814349861,-0.0673069422617789,-0.162902494757967,-0.0955955524961879
"99146",0.167993209403176,0.166219988036073,0.167165067831684,-0.000945079795610093,-0.00177322136710306,-0.000828141571492969
"522833",1.04923275824592,1.42606001815893,1.2669849622094,0.159075055949529,0.376827259913013,0.217752203963484
"40138",1.16161758466675,0.706531364931519,0.905303086153034,-0.198771721221515,-0.45508621973523,-0.256314498513714
"404380",0.0984838735466252,0.526168512338262,0.295468840511907,0.230699671826355,0.427684638791637,0.196984966965282
"40461",0.397069856529779,0.584718798545007,0.50084971431095,0.0838690842340564,0.187648942015227,0.103779857781171
"100191",1.71150731220365,1.11017164203411,1.36391830690346,-0.253746664869348,-0.601335670169542,-0.347589005300194
"234103",0.226454846903321,0.305514155564287,0.269252091814091,0.0362620637501962,0.0790593086609657,0.0427972449107696
"276724",0.0763514014241937,0.213350877973647,0.145614882887397,0.0677359950862503,0.136999476549453,0.0692634814632029
"267446",0.65143088596862,1.09400659808148,0.891226524201811,0.202780073879666,0.442575712112858,0.239795638233191
"360200",0.380214711448256,1.34584143816489,0.915867841134771,0.429973597030123,0.965626726716638,0.535653129686514
"78774",2.2499026197215,1.3169473936185,1.66339327491695,-0.346445881298442,-0.932955226102994,-0.586509344804552
"225997",0.232477870804486,0.300466177282722,0.275043663676022,0.0254225136066993,0.0679883064782355,0.0425657928715361
"556724",3.11341931733681,1.71928896965983,2.1542994239768,-0.435010454316978,-1.39413034767699,-0.959119893360008
"125324",0.0547110048505818,0.137613308132814,0.0993582558962404,0.038255052236574,0.0829023032822326,0.0446472510456586
"128693",0.359799937344941,0.569020302458089,0.473828163427329,0.0951921390307598,0.209220365113148,0.114028226082388
"496218",0.929276967973006,0.584821098518256,0.722271784654088,-0.137450686135832,-0.34445586945475,-0.207005183318918
"334593",0.531324288416875,0.62236944955549,0.579668608289158,0.0427008412663319,0.0910451611386152,0.0483443198722833
"418292",0.0559278156026728,0.308692924824407,0.180946040852404,0.127746883972003,0.252765109221734,0.125018225249731
"76763",1.18205260231518,1.09659605715679,1.13024233083925,-0.0336462736824563,-0.0854565451583869,-0.0518102714759305
"303805",0.125609067797236,0.271823709826958,0.208103726357605,0.0637199834693526,0.146214642029722,0.0824946585603692
"275163",1.40113908274411,0.6469444332411,0.905764079586174,-0.258819646345074,-0.754194649503011,-0.495375003157936
"551072",2.48276159420602,0.883943105895237,1.40778471733625,-0.523841611441011,-1.59881848831078,-1.07497687686977
"478764",0.233775495346922,0.352993407243041,0.309132222479235,0.043861184763806,0.119217911896118,0.0753567271323123
"283724",1e-08,0.339877020084246,0.195534996632037,0.14434202345221,0.339877010084246,0.195534986632037
"244862",4.98622346949051,0.935605752177487,4.98622346949051,-4.05061771731302,-4.05061771731302,0
"127718",0.301150610567469,0.575009417822649,0.449674726959022,0.125334690863627,0.273858807255181,0.148524116391553
"390216",0.345039476959077,0.489995219018212,0.426863302126843,0.0631319168913682,0.144955742059135,0.0818238251677664
"68129",3.65704075200484,1.07252733804523,1.80146213281093,-0.728934794765702,-2.58451341395962,-1.85557861919392
"549537",0.879761806702757,0.563837043764313,0.686287035888205,-0.122449992123893,-0.315924762938444,-0.193474770814552
"141210",0.106518053933095,0.365071675500167,0.238951087261424,0.126120588238743,0.258553621567072,0.132433033328328
"257619",0.140019636867689,0.217720518668065,0.180872976719822,0.0368475419482433,0.0777008818003762,0.040853339852133
"150690",5.32463048864147,3.46327722271745,4.05660744027973,-0.593330217562273,-1.86135326592402,-1.26802304836175
"179132",6.07285336069038,2.61183458705718,3.6458335985965,-1.03399901153932,-3.4610187736332,-2.42701976209388
"339766",10,3.09470648536745,5.00078339235631,-1.90607690698886,-6.90529351463255,-4.99921660764369
"350054",10,8.24131595264176,10,-1.75868404735824,-1.75868404735824,0
"389703",10,3.86343836791926,5.73096160461355,-1.86752323669429,-6.13656163208074,-4.26903839538645
"472646",10,2.74695945940589,4.97060472677323,-2.22364526736733,-7.25304054059411,-5.02939527322677
"484160",9.71318616473716,5.31393721646287,6.40023012837482,-1.08629291191195,-4.39924894827429,-3.31295603636234
"506370",10,4.85948928917042,8.13069636117589,-3.27120707200547,-5.14051071082958,-1.86930363882411
"550478",1.40184434146289,1.45652180032521,1.43642466647041,0.0200971338547959,0.0546774588623165,0.0345803250075205
"289220",0.848002217913005,1.3191988416515,1.09156874484401,0.227630096807494,0.471196623738497,0.243566526931003
"361196",1.15289061331913,1.33353488083229,1.2573350706149,0.0761998102173918,0.180644267513155,0.104444457295763
"454203",0.310224337689055,0.175516257363967,0.234717816931345,-0.0592015595673777,-0.134708080325088,-0.0755065207577105
"463209",3.01522304690869,1.68390938134254,2.12200326480632,-0.43809388346378,-1.33131366556615,-0.893219782102372
"486309",0.680022844727562,0.745988190116555,0.719567212892118,0.0264209772244369,0.0659653453889937,0.0395443681645568
"399276",3.33518309362426,1.68890824830838,2.21415510733113,-0.525246859022747,-1.64627484531588,-1.12102798629313
"132971",8.15278508478571,1.68879146457602,3.46392913266653,-1.77513766809051,-6.46399362020969,-4.68885595211918
"419873",2.82758327058199,1.3721578793709,1.93817709740544,-0.566019218034535,-1.45542539121109,-0.889406173176557
"521106",6.07796019070656,2.48506403093581,3.55558028321745,-1.07051625228164,-3.59289615977075,-2.52237990748911
"263782",5.31008136305131,2.55676339350434,3.33537510126621,-0.778611707761865,-2.75331796954696,-1.9747062617851
"440174",0.114415344305116,0.435843816640547,0.279013976120978,0.15682984051957,0.321428472335432,0.164598631815862
"141838",1.52289138416631,0.82697052107605,1.09029179833371,-0.263321277257664,-0.69592086309026,-0.432599585832596
"244803",1.80425966210093,1.97429004764167,1.91873014639494,0.055559901246736,0.170030385540744,0.114470484294008
"415165",1e-08,0.178135527020546,0.0868945515961816,0.0912409754243648,0.178135517020546,0.0868945415961816
"171217",0.140449717396527,0.166955506620404,0.154017478656856,0.0129380279635478,0.0265057892238771,0.0135677612603293
"565134",1.17999647563941,1.48337695328691,1.38180188005971,0.101575073227201,0.303380477647493,0.201805404420292
"214088",0.417882936449693,0.925732548032065,0.714860167237309,0.210872380794756,0.507849611582373,0.296977230787616
"483839",0.710749709810466,0.370022987749294,0.515566003805118,-0.145543016055824,-0.340726722061173,-0.195183706005349
"164476",0.709731523764359,0.54084971811444,0.600906231624922,-0.060056513510482,-0.168881805649919,-0.108825292139437
"474202",1.47052304326205,0.817478430939646,1.06135339204147,-0.243874961101819,-0.6530446123224,-0.409169651220581
"197015",0.0779887757833426,0.226716993900687,0.149623482339808,0.0770935115608794,0.148728218117345,0.0716347065564653
"94430",1.02266320574287,1.14554552661636,1.09865185078456,0.0468936758318019,0.122882320873494,0.0759886450416924
"512096",2.35242721613043,1.07749973306349,1.53077868701847,-0.453278953954979,-1.27492748306695,-0.821648529111969
"379458",0.127959475783967,0.706159719817121,0.448276567352183,0.257883152464938,0.578200244033154,0.320317091568216
"99266",0.726568785706139,0.80205405568556,0.769988885611186,0.0320651700743741,0.0754852699794215,0.0434200999050474
"376398",0.121486121968119,0.560300417032213,0.318360448399481,0.241939968632732,0.438814295064093,0.196874326431362
"39446",1e-08,0.232372737288117,0.119892834958075,0.112479902330042,0.232372727288117,0.119892824958075
"145552",0.607675523258771,0.383846149881152,0.478094121325906,-0.0942479714447542,-0.22382937337762,-0.129581401932865
"48122",1.99847466818119,0.980143633127386,1.32013422283398,-0.339990589706592,-1.0183310350538,-0.678340445347209
"230132",1.65319060396678,0.783949012438754,1.11413649869844,-0.330187486259691,-0.869241591528029,-0.539054105268338
"365891",0.0674960622667956,0.228562474462046,0.145972357552706,0.0825901169093395,0.16106641219525,0.0784762952859107
"360573",0.0962372143138659,0.288855094292243,0.189693621006862,0.0991614732853806,0.192617879978377,0.0934564066929966
"342163",1.38697872447987,0.392227790557796,0.784188290680588,-0.391960500122791,-0.994750933922072,-0.60279043379928
"37391",1e-08,0.151737584131789,0.0851723006692203,0.0665652834625686,0.151737574131789,0.0851722906692203
"842",0.0857407568273718,0.107966348066473,0.0967162876054761,0.011250060460997,0.0222255912391013,0.0109755307781043
"252844",0.302860509767717,0.384643087868491,0.351343679361599,0.0332994085068924,0.0817825781007738,0.0484831695938814
"253104",0.167576852304342,0.142619938107436,0.153262818143304,-0.0106428800358683,-0.0249569141969061,-0.0143140341610378
"106827",0.0270478633717192,0.234435723855894,0.134167395723766,0.100268328132128,0.207387860484175,0.107119532352047
"309669",0.94353835428439,1.94863024306389,1.5766939771458,0.371936265918094,1.0050918887795,0.633155622861408
"230023",5.12946583009926,2.39745671242242,3.1531614326662,-0.755704720243783,-2.73200911767684,-1.97630439743306
"40604",2.52557949018005,2.31700972065184,2.39258444375559,-0.0755747231037547,-0.208569769528207,-0.132995046424452
"480678",0.22145433568169,0.171495837346635,0.194273349598712,-0.0227775122520769,-0.0499584983350551,-0.0271809860829783
"469198",2.35479173264222,1.15115974017182,1.57717887225265,-0.426019132080823,-1.2036319924704,-0.777612860389573
"130868",0.138847738268706,0.636540277681118,0.416911806179219,0.2196284715019,0.497692539412412,0.278064067910513
"214354",0.104989600209568,0.27606302539995,0.193277364218698,0.0827856611812518,0.171073425190382,0.0882877640091301
"165762",0.0872715728381468,0.261441301820918,0.182956910820944,0.0784843909999746,0.174169728982772,0.095685337982797
"40932",3.06801418801725,1.92289281281833,2.30810156453938,-0.385208751721051,-1.14512137519893,-0.759912623477875
"554759",0.279595668817076,0.179485987535153,0.225020398803579,-0.0455344112684259,-0.100109681281923,-0.054575270013497
"108578",0.0558169813045837,0.121299540227279,0.0892088033352271,0.0320907368920515,0.065482558922695,0.0333918220306435
"120226",1.49053476788237,0.540930348366637,0.947414047095437,-0.4064836987288,-0.949604419515735,-0.543120720786935
"553279",0.140720513006172,0.622887668202173,0.40962565166168,0.213262016540493,0.482167155196001,0.268905138655508
"500995",1.62510180680225,1.81966434084596,1.74519044752611,0.0744738933198517,0.194562534043712,0.120088640723861
"132524",4.13444939572115,1.63157622940029,2.46574068727267,-0.834164457872377,-2.50287316632086,-1.66870870844849
"423103",0.0383199249962987,0.291587093806237,0.174095757617906,0.117491336188331,0.253267168809938,0.135775832621607
"419570",1.37219298127099,0.745242088571137,0.968078831274423,-0.222836742703286,-0.626950892699858,-0.404114149996572
"518406",1.4428463358787,2.77245383673406,2.40803337253912,0.364420464194943,1.32960750085536,0.965187036660421
"1579",4.33957846716789,1.82060496681827,2.70283481753742,-0.882229850719153,-2.51897350034963,-1.63674364963047
"571605",4.39659761708396,1.49703585957957,2.46335409291313,-0.966318233333557,-2.89956175750439,-1.93324352417083
"525937",3.92793885505477,1.52756422122496,2.30875644654164,-0.781192225316679,-2.40037463382981,-1.61918240851313
"438549",0.618078753739812,0.997831705643078,0.820910772966628,0.176920932676449,0.379752951903265,0.202832019226816
"77653",0.0845165584282195,0.0372620800646088,0.0588791647130661,-0.0216170846484573,-0.0472544783636107,-0.0256373937151534
"474414",0.0252120467023361,0.198100880965439,0.115739369087934,0.0823615118775046,0.172888834263103,0.0905273223855981
"545387",0.919591771672503,0.813616506745474,0.859042253843446,-0.0454257470979724,-0.105975264927029,-0.0605495178290563
"342990",2.68778858965794,1.22195209515873,1.76654589238221,-0.544593797223486,-1.46583649449921,-0.921242697275728
"561749",0.284006754372599,0.656244258303231,0.474241011783653,0.182003246519578,0.372237503930633,0.190234257411055
"108489",0.0500349868931895,0.244723739137835,0.155051513781721,0.0896722253561142,0.194688752244645,0.105016526888531
"429436",2.22855247668018,0.910441077440554,1.34249898099924,-0.432057903558684,-1.31811139923962,-0.886053495680939
"121323",6.22743727034874,2.15819109224614,3.31135097325931,-1.15315988101317,-4.0692461781026,-2.91608629708943
"532623",0.39558745500178,0.355042724593366,0.371158141766626,-0.0161154171732598,-0.0405447304084142,-0.0244293132351545
"440695",0.984158550565894,0.931938008100433,0.950758063625934,-0.018820055525501,-0.0522205424654604,-0.0334004869399593
"213809",1.97345667231874,1.29737377364161,1.54555792099091,-0.2481841473493,-0.676082898677132,-0.427898751327831
"343434",0.250088806400281,0.316414197710951,0.283571932569584,0.0328422651413668,0.0663253913106703,0.0334831261693035
"441137",1.37816846600919,1.04554950296911,1.18029629899396,-0.134746796024857,-0.332618963040078,-0.197872167015221
"343043",4.02999369043512,0.999118059727585,1.8808386185929,-0.881720558865311,-3.03087563070754,-2.14915507184222
"62580",0.0220846468896854,0.0907724446739055,0.0571854328709494,0.0335870118029561,0.0686877977842201,0.035100785981264
"125443",5.61068547297484,0.65724276179539,5.61068547297484,-4.95344271117945,-4.95344271117945,0
"533050",5.81143528287109,0.561394912718272,5.81143528287109,-5.25004037015282,-5.25004037015282,0
"282606",3.830356115563,1.61057266248975,2.3483227039649,-0.737750041475151,-2.21978345307326,-1.48203341159811
"214928",0.0881145546022067,0.189615293741965,0.138262248710467,0.051353045031498,0.101500739139759,0.0501476941082606
"564761",0.21349448040887,0.216423260386749,0.215548100088148,0.000875160298601296,0.00292877997787885,0.00205361967927756
"25462",0.0421482534062536,0.075047895110079,0.0591866155636336,0.0158612795464454,0.0328996417038254,0.01703836215738
"74654",0.28549607676505,0.472385697541455,0.387496839706536,0.0848888578349187,0.186889620776405,0.102000762941486
"377648",0.412051640301112,0.970182511596344,0.729418257936226,0.240764253660118,0.558130871295232,0.317366617635114
"531125",0.376839168333235,0.372051350316681,0.37476111057392,-0.00270976025723968,-0.00478781801655465,-0.00207805775931497
"87625",1.44994172381759,2.04029721023211,1.80687713227485,0.23342007795726,0.590355486414518,0.356935408457258
"368924",2.3318530981175,1.05268394134258,1.49882965304669,-0.446145711704104,-1.27916915677491,-0.83302344507081
"156542",0.0778871365234311,0.0972288132420527,0.0874246480756236,0.00980416516642904,0.0193416767186215,0.0095375115521925
"258379",0.259802865068765,0.580683260279217,0.442547992844304,0.138135267434913,0.320880395210452,0.182745127775539
"419985",1.22287521372947,0.964236310558982,1.05904204330941,-0.0948057327504297,-0.258638903170492,-0.163833170420062
"546966",1.18535488317326,0.975498537554813,1.05475303483277,-0.0792544972779547,-0.209856345618447,-0.130601848340493
"82010",1.24475357982707,1.02107570692225,1.10876418995743,-0.0876884830351763,-0.22367787290482,-0.135989389869644
"401684",0.0395281547255493,0.0809823672640766,0.0607260953811561,0.0202562718829204,0.0414542125385272,0.0211979406556068
"549373",7.27978927159069,2.0063998889036,3.49037241054278,-1.48397252163918,-5.2733893826871,-3.78941686104791
"62704",0.175696469504101,0.164590733497024,0.170028776449405,-0.00543804295238079,-0.0111057360070772,-0.00566769305469642
"17266",0.435394654938704,0.209204599742593,0.285804484239463,-0.0765998844968701,-0.226190055196112,-0.149590170699242
"570379",0.77720635929105,0.504297312525928,0.607105789555003,-0.102808477029075,-0.272909046765122,-0.170100569736046
"248945",0.33909758693257,0.317465745014168,0.325844158731563,-0.00837841371739506,-0.0216318419184017,-0.0132534282010066
"55228",0.104511725899794,0.257998113065285,0.211627214936748,0.0463708981285364,0.153486387165491,0.107115489036954
"136084",0.228365273196216,0.63866571328053,0.452530677569417,0.186135035711113,0.410300440084315,0.224165404373202
"3799",10,3.55952995998195,5.40698441916727,-1.84745445918532,-6.44047004001805,-4.59301558083273
"4764",0.290796137264067,0.291517531152617,0.291121757837259,0.000395773315357784,0.00072139388854997,0.000325620573192187
"112593",10,4.20217405074477,8.7811653471868,-4.57899129644203,-5.79782594925523,-1.2188346528132
"151001",7.85903513174355,2.02005648216107,3.69526045570511,-1.67520397354404,-5.83897864958248,-4.16377467603844
"157269",10,2.79573051047911,6.49088189464171,-3.6951513841626,-7.20426948952089,-3.50911810535829
"193343",10,2.65780109953187,6.40908372321612,-3.75128262368425,-7.34219890046813,-3.59091627678388
"240525",7.99427916025606,1.60085130168385,3.3198947225693,-1.71904342088545,-6.39342785857221,-4.67438443768676
"292398",10,3.74097878839515,6.91293533468963,-3.17195654629448,-6.25902121160485,-3.08706466531037
"302039",10,2.39593070471634,4.90228287898908,-2.50635217427273,-7.60406929528366,-5.09771712101092
"403530",10,3.28833541619242,6.67893365718695,-3.39059824099453,-6.71166458380758,-3.32106634281305
"448661",10,4.20217405074477,8.7811653471868,-4.57899129644203,-5.79782594925523,-1.2188346528132
"82055",10,1.69910751072726,10,-8.30089248927274,-8.30089248927274,0
"98012",8.61195453271179,1.42741806110349,8.61195453271179,-7.1845364716083,-7.1845364716083,0
"91176",0.345226236775935,0.555336382002003,0.45841147592873,0.0969249060732724,0.210110145226068,0.113185239152796
"239307",3.53372184448277,0.629818756985201,3.53372184448277,-2.90390308749757,-2.90390308749757,0
"299113",2.81191034006409,1.09647710703604,1.73552929235156,-0.639052185315518,-1.71543323302805,-1.07638104771253
"294176",0.0786005344007079,0.218217340909974,0.155836120560957,0.0623812203490174,0.139616806509266,0.0772355861602488
"86921",0.0130563516585569,0.516367797026755,0.269442463901028,0.246925333125728,0.503311445368198,0.256386112242471
"125229",0.115111585279399,0.359005236971486,0.233681633279309,0.125323603692177,0.243893651692087,0.11857004799991
"542894",2.20029108443927,1.52875391686777,1.78669883278212,-0.257944915914343,-0.671537167571493,-0.413592251657149
"493840",7.64061959658796,1.55697037772758,3.16419485463464,-1.60722447690706,-6.08364921886039,-4.47642474195332
"75259",10,3.77309086117481,5.78795004129225,-2.01485918011744,-6.22690913882519,-4.21204995870775
"127373",1.42032957605633,1.07930728377084,1.21827633311777,-0.138969049346925,-0.341022292285486,-0.202053242938561
"67718",0.371452230964745,0.49472225208972,0.442125207820081,0.0525970442696391,0.123270021124975,0.0706729768553357
"301418",1e-08,0.109263532940743,0.0623969470010414,0.0468665859397015,0.109263522940743,0.0623969370010414
"162457",0.251777530764011,0.180348836462126,0.213086604857293,-0.032737768395167,-0.0714286943018856,-0.0386909259067185
"529355",0.268056271459138,0.401805422546665,0.331551512590212,0.0702539099564521,0.133749151087526,0.063495241131074
"257717",0.0540342536947702,0.0926006087557155,0.0740674036949593,0.0185332050607561,0.0385663550609453,0.0200331500001892
"336333",1e-08,0.314708527015262,0.16784609336881,0.146862433646452,0.314708517015262,0.16784608336881
"572006",0.516609691104107,0.415165872904276,0.467558043130781,-0.0523921702265047,-0.101443818199831,-0.0490516479733267
"329706",2.06573036802957,1.66098857471964,1.81973769895956,-0.158749124239922,-0.404741793309932,-0.24599266907001
"417255",0.540880942201278,0.357884830763301,0.433052108864787,-0.075167278101486,-0.182996111437977,-0.107828833336491
"424390",0.59075184051762,0.952582538366503,0.786421977973801,0.166160560392702,0.361830697848883,0.195670137456181
"216696",0.19403537245937,0.966741135893241,0.673398301083443,0.293342834809798,0.77270576343387,0.479362928624072
"360757",0.273287728806315,0.894713835270142,0.593185104319857,0.301528730950285,0.621426106463827,0.319897375513543
"396835",0.985323569413201,0.632714987474938,0.779991412200082,-0.147276424725144,-0.352608581938262,-0.205332157213119
"451162",3.94890608528605,1.78552429216174,2.52117640079244,-0.735652108630702,-2.16338179312431,-1.42772968449361
"44928",2.39662007020436,1.42481491917964,1.79361931072253,-0.368804391542889,-0.971805151024719,-0.60300075948183
"219930",0.559859393432953,0.538758252567498,0.54656195478281,-0.00780370221531168,-0.0211011408654547,-0.013297438650143
"261881",4.20026718495149,1.15065657258511,2.07731652880203,-0.926659956216915,-3.04961061236638,-2.12295065614946
"195176",0.108764198899008,0.251817836189347,0.181420552562727,0.0703972836266206,0.14305363729034,0.072656353663719
"340575",4.56786892912293,1.37912769416941,2.41440930993341,-1.035281615764,-3.18874123495351,-2.15345961918952
"549277",1.87708343663362,1.0682158620066,1.33148070111924,-0.263264839112635,-0.808867574627015,-0.54560273551438
"323027",0.0977515324916104,0.476359410464427,0.286627347827697,0.18973206263673,0.378607877972816,0.188875815336086
"41131",1e-08,0.143540999654232,0.0748422031332696,0.0686987965209619,0.143540989654232,0.0748421931332696
"1866",0.197536211650844,0.666728674814635,0.411172220513946,0.255556454300689,0.469192463163791,0.213636008863102
"261646",1.708897882696,1.48931602314705,1.56850102809792,-0.0791850049508709,-0.219581859548955,-0.140396854598084
"566001",1.16461982776727,1.27324108661237,1.22890701811018,0.0443340685021856,0.108621258845097,0.0642871903429116
"7548",4.44263730431513,0.966078474071734,1.96420943002226,-0.99813095595053,-3.47655883024339,-2.47842787429286
"428384",0.50291817215624,0.681189823566941,0.594692570110084,0.0864972534568567,0.178271651410701,0.0917743979538439
"525786",1.38078030700036,0.886535874539428,1.07461073863584,-0.188074864096412,-0.494244432460934,-0.306169568364522
"17096",8.09790945825308,0.74819727029851,8.09790945825308,-7.34971218795457,-7.34971218795457,0
"430977",2.28281498344787,1.05634666392533,1.47211023929879,-0.415763575373462,-1.22646831952254,-0.810704744149082
"206358",0.464563887871352,0.851860557675767,0.695837053383727,0.15602350429204,0.387296669804415,0.231273165512375
"197096",3.16169780444502,2.0618324472842,2.43424241681938,-0.372409969535183,-1.09986535716082,-0.727455387625638
"23065",0.3618157767308,0.77722242873136,0.579289752125412,0.197932676605948,0.41540665200056,0.217473975394612
"289717",0.442781718983162,0.444028190330587,0.443224514555624,0.00080367577496282,0.00124647134742473,0.000442795572461907
"470163",1e-08,0.163713713459856,0.0894782836042191,0.0742354298556369,0.163713703459856,0.0894782736042191
"541960",0.0520197823248659,0.479950910525664,0.296333345397547,0.183617565128117,0.427931128200798,0.244313563072681
"225317",1.41230385350854,1.25139154353166,1.32013636769102,-0.0687448241593609,-0.160912309976878,-0.0921674858175174
"118418",2.22127643238768,1.3948685482503,1.70557043400368,-0.31070188575338,-0.826407884137382,-0.515705998384002
"576169",3.69772198392116,1.82516335892547,2.46614130945015,-0.64097795052468,-1.87255862499569,-1.23158067447101
"84986",2.23553268375223,1.19676243654304,1.56926559656566,-0.372503160022625,-1.0387702472092,-0.666267087186574
"569186",0.0344537741050782,0.106533362139823,0.0705961434498172,0.0359372186900057,0.0720795880347447,0.036142369344739
"333672",2.19771816163513,0.266531970949284,2.19771816163513,-1.93118619068584,-1.93118619068584,0
"91087",0.0452148936443676,0.271763908536467,0.166719005337981,0.105044903198486,0.226549014892099,0.121504111693613
"10141",1e-08,0.142738461703864,0.0671755476963314,0.0755629140075326,0.142738451703864,0.0671755376963314
"111109",4.94030902742268,3.96856337104107,4.28231238450016,-0.313749013459087,-0.971745656381608,-0.65799664292252
"208460",0.767317394314842,1.55564381895113,1.20068793135845,0.354955887592678,0.788326424636283,0.433370537043605
"38415",0.931033817629858,1.01583917254306,0.980884304877528,0.0349548676655329,0.0848053549132027,0.0498504872476698
"386302",5.29291048194687,3.41740531892201,4.00533779272738,-0.58793247380537,-1.87550516302486,-1.28757268921949
"406827",3.0729711047422,2.92609984586967,2.98210185838941,-0.0560020125197322,-0.14687125887253,-0.0908692463527974
"535070",5.18996808787058,3.54199445021003,4.06175935398162,-0.519764903771587,-1.64797363766056,-1.12820873388897
"6925",1.77293260008261,1.04361586815525,1.29013569529973,-0.246519827144478,-0.729316731927363,-0.482796904782885
"76919",3.04826529780353,2.43276820232817,2.65519653289978,-0.222428330571617,-0.615497095475361,-0.393068764903744
"578306",0.109311501358938,0.10825149188082,0.108659375000769,-0.000407883119948299,-0.00106000947811744,-0.000652126358169136
"459301",0.0173472369580347,0.0621252722137671,0.0417598257208649,0.0203654464929023,0.0447780352557324,0.0244125887628302
"404201",1.18285795691289,0.994103404703194,1.06903705093495,-0.0749336462317578,-0.188754552209697,-0.113820905977939
"311906",0.0493621949918278,0.291951874220675,0.173012458050474,0.1189394161702,0.242589679228847,0.123650263058647
"203941",2.79132346889298,2.31591802979357,2.47813103667723,-0.162213006883661,-0.475405439099418,-0.313192432215757
"412904",4.06497919726865,1.52090353608542,2.35648475756413,-0.83558122147871,-2.54407566118323,-1.70849443970452
"272460",2.09824933126559,1.7357110804484,1.87806455630446,-0.142353475856055,-0.362538250817186,-0.220184774961131
"216613",0.154872805287906,0.819535495856869,0.495417900219131,0.324117595637738,0.664662690568964,0.340545094931225
"100777",4.47981048105405,1.42488110489976,2.42428573137383,-0.999404626474069,-3.05492937615429,-2.05552474968022
"576100",2.78873413629534,1.46322300842059,1.9858401921265,-0.522617183705912,-1.32551112787475,-0.802893944168835
"93648",0.0461738716603573,0.119859423579593,0.0849260197593852,0.0349334038202078,0.0736855519192357,0.0387521480990279
"294322",1.70510202120744,1.14001655077067,1.37977588778625,-0.239759337015576,-0.565085470436774,-0.325326133421198
"58517",0.554266296545625,0.30550628302919,0.406536917658323,-0.101030634629133,-0.248760013516435,-0.147729378887302
"291538",0.890124557187186,0.40086065416545,0.616831882023117,-0.215971227857667,-0.489263903021736,-0.273292675164069
"527183",1.48328812846537,1.1126526919161,1.26866743325097,-0.156014741334866,-0.370635436549266,-0.2146206952144
"344805",1.32035328120467,0.647579087877457,0.871308897466978,-0.223729809589521,-0.672774193327213,-0.449044383737693
"336515",0.0778681907404417,0.234340546004258,0.15492957392896,0.0794109720752976,0.156472355263816,0.0770613831885182
"231511",1e-08,0.30458309847373,0.158966440288,0.14561665818573,0.30458308847373,0.158966430288
"529472",0.0346374214696939,0.169323611307961,0.102404973847668,0.0669186374602932,0.134686189838267,0.0677675523779736
"19204",5.78663466019431,2.13289387281611,3.17938777759684,-1.04649390478073,-3.65374078737821,-2.60724688259748
"428595",3.04510339711077,0.717985599008135,1.48420353141193,-0.766217932403798,-2.32711779810263,-1.56089986569884
"537535",0.875127410844129,0.541857516668713,0.671523003994893,-0.12966548732618,-0.333269894175417,-0.203604406849237
"341335",1e-08,0.147521838399769,0.0810034757297398,0.0665183626700296,0.147521828399769,0.0810034657297398
"112207",0.797280081463271,0.512094897898401,0.646819495298997,-0.134724597400596,-0.28518518356487,-0.150460586164274
"483112",2.15435766276009,1.60999844558666,1.82601367563155,-0.216015230044893,-0.544359217173433,-0.328343987128541
"197633",8.23374367761391,1.17918961719051,8.23374367761391,-7.0545540604234,-7.0545540604234,0
"359340",10,3.20715557011116,4.7854270559924,-1.57827148588123,-6.79284442988884,-5.2145729440076
"463149",10,3.18689412453582,4.72580054525489,-1.53890642071907,-6.81310587546418,-5.27419945474511
"313602",2.33335192480301,1.12375158301567,1.55333196841333,-0.429580385397664,-1.20960034178735,-0.780019956389682
"307434",0.00892225438703907,0.0818579512861333,0.0467801144277065,0.0350778368584268,0.0729356968990943,0.0378578600406675
"267737",0.990596384875948,1.38889850724736,1.22682220981346,0.162076297433904,0.398302122371412,0.236225824937508
"555254",2.82611114514266,0.734782413388427,1.43168583434986,-0.696903420961429,-2.09132873175423,-1.3944253107928
"17237",0.36816614864874,0.23592753823146,0.284518956808963,-0.048591418577503,-0.13223861041728,-0.0836471918397765
"486389",0.949854009415079,0.716557587922304,0.813471838052336,-0.0969142501300327,-0.233296421492776,-0.136382171362743
"325137",0.0713662688239762,0.153937615915308,0.114268131607895,0.0396694843074133,0.0825713470913317,0.0429018627839184
"171967",0.2673863896186,0.986921248605475,0.653426906656991,0.333494341948484,0.719534858986875,0.386040517038391
"554156",4.12751772960729,1.6613186924716,2.49271512613152,-0.831396433659918,-2.46619903713569,-1.63480260347577
"509890",1.19844096821554,0.782152299869119,0.930662358692258,-0.148510058823139,-0.416288668346424,-0.267778609523285
"521509",0.506999038040988,0.419891377133871,0.449337338852648,-0.0294459617187764,-0.0871076609071171,-0.0576616991883406
"486313",4.22938458607754,1.39135468511877,2.30709341613313,-0.915738731014367,-2.83802990095877,-1.9222911699444
"87903",0.399782301643135,0.676890158739495,0.565785195877825,0.11110496286167,0.27710785709636,0.16600289423469
"148321",1.13788255590395,1.13896367077665,1.13861355180301,0.000350118973644342,0.00108111487269746,0.000730995899053122
"244261",0.0946551070495641,0.144310773783679,0.119982394610245,0.0243283791734339,0.0496556667341148,0.0253272875606808
"55046",6.60170012527907,1.63151948342792,2.89654265033904,-1.26502316691112,-4.97018064185115,-3.70515747494003
"569727",1e-08,0.212664076152389,0.104524254549003,0.108139821603386,0.212664066152389,0.104524244549003
"339311",0.172333931979767,0.231739173722668,0.205188480154224,0.0265506935684437,0.0594052417429008,0.0328545481744571
"46879",0.201214019146625,0.619354322950449,0.396431052492396,0.222923270458053,0.418140303803825,0.195217033345771
"144055",0.162591936731426,0.246089541178552,0.205457716962363,0.0406318242161888,0.0834976044471259,0.0428657802309371
"203810",1.59819640860268,1.077866819386,1.30090125077173,-0.223034431385722,-0.520329589216672,-0.29729515783095
"263949",1.78755249724411,0.952581597458166,1.29471633066817,-0.342134733210003,-0.834970899785946,-0.492836166575943
"170011",0.023319242177115,0.253951874551142,0.153591975949201,0.100359898601941,0.230632632374027,0.130272733772086
"192816",0.782426432482222,1.35781170563687,1.12277823072646,0.23503347491041,0.575385273154648,0.340351798244238
"103507",1.10105657284978,1.66949296138445,1.44947741284017,0.220015548544281,0.568436388534673,0.348420839990393
"351124",1.37928238851437,1.13110706008007,1.2318144683021,-0.100707408222026,-0.248175328434303,-0.147467920212277
"339030",0.594441230834851,0.223409934904785,0.360765167613364,-0.137355232708579,-0.371031295930066,-0.233676063221487
"39340",0.747531199349887,0.332470670894389,0.462938863292918,-0.130468192398528,-0.415060528455498,-0.28459233605697
"447543",0.78898577674621,0.785444370336602,0.787023518773969,-0.00157914843736673,-0.00354140640960732,-0.00196225797224059
"94408",1.89677995814824,1.1159932784248,1.45210013329281,-0.336106854868012,-0.780786679723436,-0.444679824855424
"199895",2.16466501020442,1.64584889152744,1.84627408553037,-0.200425194002931,-0.518816118676977,-0.318390924674046
"926",10,5.70148608241477,7.79765189164307,-2.09616580922829,-4.29851391758523,-2.20234810835693
"154459",0.457288414365878,0.36971823082791,0.406440651078119,-0.0367224202502098,-0.0875701835379688,-0.050847763287759
"139405",1.44081496979242,1.88901879798596,1.71302338739107,0.175995410594892,0.448203828193541,0.272208417598649
"204068",5.23844136781372,3.22192274704347,3.84192882899643,-0.620006081952961,-2.01651862077025,-1.39651253881729
"2081",6.31992966280957,2.73524516847072,3.81942949300589,-1.08418432453517,-3.58468449433885,-2.50050016980368
"251538",3.50516168685184,2.28997219497446,2.733874390602,-0.443902195627534,-1.21518949187737,-0.771287296249837
"258388",3.09140596061254,2.40528234056012,2.65254370160141,-0.247261361041287,-0.686123620052419,-0.438862259011131
"331569",0.842284734702244,1.17563787192297,1.03526484312517,0.1403730287978,0.333353137220723,0.192980108422924
"359665",2.78388337929353,1.01035210385593,1.64047308268453,-0.630120978828601,-1.7735312754376,-1.143410296609
"206009",1.23230070656973,1.282998951702,1.26187406201109,0.0211248896909084,0.0506982451322697,0.0295733554413613
"564744",0.234030807399306,0.263827899385284,0.248459716451114,0.0153681829341703,0.0297970919859776,0.0144289090518073
"149733",1e-08,0.193158096176436,0.110730616688515,0.0824274794879216,0.193158086176436,0.110730606688515
"102340",0.744734319541271,0.611297394344929,0.662459518538053,-0.0511621241931239,-0.133436925196342,-0.0822748010032177
"388153",7.30274205574984,1.83169630412203,3.33164572210593,-1.4999494179839,-5.47104575162781,-3.97109633364391
"456197",10,4.90885805445953,7.07605228845681,-2.16719423399728,-5.09114194554047,-2.92394771154319
"57296",2.11229142041914,1.47107365712734,1.71224240072187,-0.241168743594527,-0.641217763291794,-0.400049019697267
"61822",2.43618954146582,1.12197426378456,1.58679882834803,-0.464824564563466,-1.31421527768126,-0.849390713117789
"270678",2.15262016742009,1.3003563147826,1.61182245973755,-0.311466144954947,-0.852263852637489,-0.540797707682542
"10560",2.3619788129302,1.42795431739811,1.78703234473081,-0.359078027332707,-0.934024495532094,-0.574946468199387
"45756",4.13826120272428,1.4561435010169,2.32662291898835,-0.870479417971459,-2.68211770170738,-1.81163828373592
"306870",0.0940653347564764,0.46607100175766,0.275252159452446,0.190818842305214,0.372005667001184,0.181186824695969
"198975",0.308202187000388,0.538715114866093,0.43446681812621,0.104248296739883,0.230512927865705,0.126264631125822
"22652",3.82510024143171,1.98081883494805,2.62985696047319,-0.64903812552514,-1.84428140648366,-1.19524328095852
"455113",0.349673818301564,0.714640738760433,0.589601830054531,0.125038908705902,0.36496692045887,0.239928011752967
"33494",0.288666191836386,0.370403952716154,0.337372577501278,0.0330313752148767,0.0817377608797686,0.0487063856648919
"345059",0.147550486491548,0.428153426343128,0.288626751796083,0.139526674547044,0.28060293985158,0.141076265304535
"244526",6.73181888921746,2.21828823970041,3.53352686225401,-1.3152386225536,-4.51353064951705,-3.19829202696345
"286798",0.049025229733957,0.13001964519334,0.0955556455586627,0.0344639996346775,0.0809944154593832,0.0465304158247057
"266853",0.180696917374854,0.218558800759698,0.200505088492187,0.0180537122675108,0.0378618833848437,0.0198081711173329
"364643",0.439045590444728,0.562306743541145,0.506513069266788,0.0557936742743564,0.123261153096416,0.0674674788220597
"272840",3.84783024558027,1.26640797334264,2.06900137679033,-0.802593403447691,-2.58142227223764,-1.77882886878994
"425275",1.13833366946024,0.7564268017277,0.925700817920768,-0.169274016193068,-0.381906867732539,-0.212632851539471
"517598",1e-08,0.117072721722101,0.0648502135745114,0.0522225081475895,0.117072711722101,0.0648502035745114
"188906",1.3773014790572,1.00059574655572,1.1461046912017,-0.145508944645972,-0.376705732501474,-0.231196787855502
"66239",1.81183738072193,1.52581427053993,1.61152160123307,-0.0857073306931393,-0.286023110182006,-0.200315779488867
"578142",3.39730552307424,1.95998041763573,2.44545004995753,-0.485469632321798,-1.43732510543851,-0.951855473116712
"11199",0.464823380523445,0.395603052774905,0.424036111513188,-0.0284330587382835,-0.0692203277485399,-0.0407872690102564
"275331",0.71964029648536,0.526225167947319,0.596009011010746,-0.0697838430634267,-0.193415128538041,-0.123631285474614
"270641",0.573229263179235,1.14110266851014,0.885409959860389,0.255692708649754,0.567873405330908,0.312180696681154
"178332",0.477928434689398,1.25026141609715,0.972471102456053,0.277790313641096,0.772332981407751,0.494542667766655
"564998",2.97638975591431,1.84405545189025,2.2116660444945,-0.367610592604244,-1.13233430402406,-0.764723711419813
"126747",1.07722292415608,0.666450230980981,0.841630621362566,-0.175180390381586,-0.410772693175103,-0.235592302793518
"101678",1.20043588924894,1.36194920490508,1.29339197589509,0.0685572290099909,0.16151331565614,0.0929560866461487
"88725",1.13606602890694,1.31185518434167,1.23723463607915,0.0746205482625211,0.17578915543473,0.101168607172209
"208448",1e-08,0.246812949745232,0.13971903467658,0.107093915068653,0.246812939745232,0.13971902467658
"529500",1.85232384925005,1.67663253642158,1.7440797784698,-0.0674472420482164,-0.175691312828471,-0.108244070780254
"323224",2.96021172296462,1.1065476949228,1.79484391266922,-0.688296217746417,-1.85366402804182,-1.1653678102954
"573708",5.48297425659468,0.691470098234807,5.48297425659468,-4.79150415835988,-4.79150415835988,0
"179136",10,2.0958475660891,4.45738022457746,-2.36153265848836,-7.9041524339109,-5.54261977542254
"204626",0.0301233055776363,0.125238116933621,0.0815616969886512,0.0436764199449696,0.0951148113559844,0.0514383914110148
"261719",0.0317244548308143,0.0899755461490253,0.0615494044271619,0.0284261417218634,0.058251091318211,0.0298249495963476
"269355",1.38036500931198,0.793051749463227,1.00711432325521,-0.214062573791986,-0.58731325984875,-0.373250686056764
"516375",0.608446708649063,0.617070250671612,0.613750834194218,0.00331941647739376,0.00862354202254956,0.0053041255451558
"73489",0.269167102625697,0.295992009735148,0.282599362685961,0.0133926470491862,0.0268249071094504,0.0134322600602642
"239564",0.301334459657778,0.258516195756144,0.280043847705735,-0.0215276519495913,-0.0428182639016346,-0.0212906119520433
"330516",0.0605255949416055,0.0825022309419404,0.0715692482851328,0.0109329826568075,0.0219766360003349,0.0110436533435273
"553161",2.79574766624159,1.02358223027925,1.65607627572841,-0.632494045449151,-1.77216543596233,-1.13967139051318
"155369",0.454382245627316,0.601489995069448,0.531293154334411,0.070196840735037,0.147107749442132,0.0769109087070947
"447897",0.688395730444023,1.09716258893153,0.912526721844876,0.184635867086655,0.408766858487508,0.224130991400853
"299979",0.105701115728989,0.374533807899416,0.238262654453507,0.136271153445909,0.268832692170427,0.132561538724518
"219680",5.54747486615658,0.833098783803726,5.54747486615658,-4.71437608235286,-4.71437608235286,0
"24167",1e-08,0.176597851094192,0.0899740773524362,0.0866237737417559,0.176597841094192,0.0899740673524362
"22455",0.128395305261873,0.318374451272003,0.225836389235711,0.0925380620362919,0.18997914601013,0.0974410839738382
"274010",7.30723234604152,1.74199713383824,3.24201563302169,-1.50001849918345,-5.56523521220329,-4.06521671301984
"523309",2.24951823383301,0.976068461646112,1.4113082560834,-0.435239794437286,-1.2734497721869,-0.838209977749611
"60050",0.435824542690995,0.768690057021892,0.631239672076169,0.137450384945723,0.332865514330897,0.195415129385174
"481577",0.231498041449712,0.737188418305681,0.456138117662053,0.281050300643628,0.505690376855969,0.224640076212341
"24168",2.22709476819441,1.17039139540849,1.54000583874066,-0.369614443332169,-1.05670337278592,-0.687088929453755
"9340",0.887139273946409,0.669947575797582,0.758798511664802,-0.0888509358672207,-0.217191698148827,-0.128340762281607
"77921",0.0350510668835801,0.150035034581086,0.0931568264239154,0.0568782081571704,0.114983967697506,0.0581057595403353
"360474",2.36302234277607,0.938563539733191,1.41907408978033,-0.480510550047141,-1.42445880304288,-0.943948252995735
"560330",3.04251704625096,2.32679132490609,2.58141048440572,-0.254619159499626,-0.71572572134487,-0.461106561845244
"433256",0.132635822792184,0.465500163465929,0.301261267477602,0.164238895988327,0.332864340673745,0.168625444685418
"372127",3.21195538185087,0.669711997890816,1.50892408566733,-0.839212087776514,-2.54224338396005,-1.70303129618354
"120771",0.467429726907833,0.415965385449602,0.437341759811294,-0.0213763743616921,-0.0514643414582313,-0.0300879670965392
"346565",1.99982458731551,1.23305654304516,1.52164296766203,-0.288586424616869,-0.766768044270352,-0.478181619653483
"194802",3.18156946897228,1.75760871690502,2.23554455037964,-0.477935833474628,-1.42396075206726,-0.946024918592634
"387676",3.36129469805555,3.69003732863757,3.58758708553967,0.102450243097905,0.32874263058202,0.226292387484115
"2155",0.12597453867458,0.308615035706895,0.242510686609718,0.0661043490971776,0.182640497032315,0.116536147935138
"308847",0.0807322690987662,0.285420999059374,0.187645429832658,0.0977755692267159,0.204688729960607,0.106913160733892
"41242",5.28614456241182,0.777364449302575,5.28614456241182,-4.50878011310924,-4.50878011310924,0
"18341",0.348703496148705,0.574599413130751,0.464222895060541,0.11037651807021,0.225895916982046,0.115519398911836
"531050",1.34280371747071,0.73018955887997,0.946362621234993,-0.216173062355023,-0.612614158590741,-0.396441096235717
"500747",6.86750573208852,1.87856140316729,3.25684442971488,-1.37828302654759,-4.98894432892124,-3.61066130237365
"96064",0.435952620280198,1.08399767463867,0.802853249760601,0.281144424878064,0.648045054358468,0.366900629480404
"418401",0.311173614672764,0.300467445031633,0.305358937725653,-0.00489149269402001,-0.0107061696411316,-0.00581467694711157
"132922",1.04410222671354,0.427362559710353,0.656701845166748,-0.229339285456395,-0.616739667003191,-0.387400381546796
"305890",2.10344755350857,3.14775864255649,2.7455801083237,0.402178534232789,1.04431108904792,0.64213255481513
"319376",0.795860103851908,0.658481744668345,0.712410320821296,-0.053928576152951,-0.137378359183563,-0.0834497830306121
"442370",1.31610099860345,0.785724947459972,0.97564156949034,-0.189916622030368,-0.530376051143476,-0.340459429113109
"487838",2.01527170815839,0.554470148261374,1.0854592326808,-0.530989084419427,-1.46080155989702,-0.929812475477593
"44164",0.13939143075761,0.252433391544479,0.197085326394348,0.0553480651501315,0.113041960786869,0.0576938956367373
"360579",0.238467405113055,0.26293043433842,0.252046823568991,0.0108836107694289,0.0244630292253656,0.0135794184559367
"147971",1.27314678025515,1.21089991418504,1.23688838185132,-0.0259884676662796,-0.062246866070113,-0.0362583984038334
"19187",0.18726636017797,0.309592896743688,0.24761948058437,0.0619734161593182,0.122326536565719,0.0603531204064005
"114495",0.260747424363851,0.147349546223793,0.196385763255148,-0.0490362170313557,-0.113397878140058,-0.0643616611087027
"96118",2.7218094557707,1.84161630335679,2.13937288333365,-0.297756579976862,-0.880193152413913,-0.582436572437051
"502815",2.25244852012531,1.26329956884049,1.61309169642561,-0.349792127585121,-0.989148951284816,-0.639356823699695
"274575",0.181263331404751,0.560671172593698,0.347804829016031,0.212866343577668,0.379407841188947,0.166541497611279
"78419",2.71880257910497,1.09723443783914,1.68714302885781,-0.589908591018674,-1.62156814126583,-1.03165955024715
"537580",1.25438080951956,0.9423155652969,1.06307477463566,-0.120759209338762,-0.312065244222663,-0.191306034883901
"546300",0.885753238829427,0.47330480616573,0.625536301380339,-0.152231495214609,-0.412448432663698,-0.260216937449088
"26030",0.7237125279162,0.453382873781378,0.545470390907765,-0.0920875171263864,-0.270329654134822,-0.178242137008435
"530268",1.70227304707603,0.864702008801862,1.19260709283838,-0.327905084036514,-0.837571038274171,-0.509665954237657
"508738",1.1286835733567,0.961195128345451,1.02248028766511,-0.0612851593196638,-0.167488445011248,-0.106203285691584
"469948",0.490660137795541,0.347405090068966,0.405112524762728,-0.0577074346937619,-0.143255047726575,-0.0855476130328128
"392306",0.35854357906334,0.806637975644218,0.58868438938851,0.217953586255707,0.448094396580878,0.230140810325171
"574047",4.27427187517282,1.09093805585643,2.03361100697282,-0.942672951116391,-3.18333381931639,-2.2406608682
"130072",1.62075711621393,1.30805160462078,1.413593679945,-0.105542075324228,-0.312705511593154,-0.207163436268926
"346009",0.0622686435560228,0.213386544095612,0.139077140103606,0.0743094039920064,0.151117900539589,0.076808496547583
"173756",0.561187856622103,0.692170150304983,0.642635338609559,0.0495348116954245,0.130982293682881,0.0814474819874562
"48026",0.135987454850946,0.401969229309608,0.26175458612778,0.140214643181828,0.265981774458662,0.125767131276834
"484649",0.376127859462002,0.333224255216071,0.343358998573064,-0.0101347433569928,-0.0429036042459308,-0.032768860888938
"121036",0.0696661481773587,0.217673968036892,0.151458985636059,0.0662149824008331,0.148007819859533,0.0817928374587001
"93408",1.72282912224078,1.30050387074986,1.4872634210226,-0.186759550272732,-0.422325251490913,-0.235565701218181
"284577",0.64476122062045,0.698143539375205,0.677981874608849,0.0201616647663562,0.0533823187547547,0.0332206539883986
"404202",3.52391466119797,2.2862375718947,2.73238153744586,-0.446143965551157,-1.23767708930327,-0.791533123752112
"544379",0.96713061946965,0.579575041354334,0.73463979602123,-0.155064754666897,-0.387555578115316,-0.23249082344842
"523096",0.335250305857897,0.325570123449652,0.329549202244675,-0.00397907879502318,-0.00968018240824536,-0.00570110361322218
"393414",0.109324091520618,0.303279176480524,0.215098993959291,0.0881801825212328,0.193955084959906,0.105774902438673
"185774",10,3.30060730221372,5.14145959483776,-1.84085229262404,-6.69939269778628,-4.85854040516224
"187928",8.35364656445564,4.5168021759237,5.39949268322602,-0.882690507302326,-3.83684438853195,-2.95415388122962
"206943",2.02004758588099,1.35413166332553,1.6034276317009,-0.249295968375372,-0.665915922555457,-0.416619954180085
"374389",3.75754717904639,1.75972607416322,2.4429250290986,-0.683198954935382,-1.99782110488317,-1.31462214994778
"58962",3.46884607077011,1.63024204355543,2.22969244513522,-0.599450401579794,-1.83860402721468,-1.23915362563489
"75954",1.78770030600287,1.52148169152607,1.62275606728426,-0.101274375758196,-0.266218614476805,-0.164944238718609
"78204",0.0546050505055973,0.126503294390025,0.0912307059284436,0.0352725884615817,0.071898243884428,0.0366256554228463
"454289",0.0252660658983407,0.0740321853697165,0.048868678894569,0.0251635064751475,0.0487661194713759,0.0236026129962284
"129247",0.680811581337655,0.548081246584607,0.612494972093084,-0.0644137255084772,-0.132730334753048,-0.0683166092445707
"120325",0.947218925507349,0.773281463424863,0.851395555411122,-0.0781140919862582,-0.173937462082486,-0.0958233700962278
"126218",0.31876208827555,0.189839450855952,0.254531114937509,-0.0646916640815569,-0.128922637419598,-0.0642309733380411
"292440",0.439700293293925,0.795904667448474,0.619671138725255,0.176233528723219,0.356204374154549,0.17997084543133
"276268",0.594510024471227,0.785444801224859,0.709122710873516,0.0763220903513431,0.190934776753632,0.114612686402289
"419893",1.18793381198399e-08,0.332900388232969,0.178470690826959,0.15442969740601,0.332900376353631,0.178470678947621
"403244",0.3481659101211,0.43415518787354,0.398287510417351,0.0358676774561886,0.0859892777524403,0.0501216002962517
"540984",5.22028588552196,1.31505934569942,2.61199574432351,-1.29693639862409,-3.90522653982254,-2.60829014119845
"416127",0.60771328360229,0.667165128777217,0.643763912733274,0.0234012160439433,0.0594518451749272,0.0360506291309839
"261468",0.16548620442617,0.571193788883441,0.352187899192177,0.219005889691264,0.405707584457271,0.186701694766008
"10954",1.88191982571034,1.73606238496656,1.79342653822129,-0.0573641532547355,-0.145857440743785,-0.0884932874890498
"336705",0.800737404396109,1.69579841255069,1.30931286277394,0.386485549776753,0.89506100815458,0.508575458377827
"169287",3.43089084161733,1.72758260787359,2.30069920530323,-0.573116597429641,-1.70330823374373,-1.13019163631409
"26603",10,3.96397007322324,5.94200145816298,-1.97803138493974,-6.03602992677676,-4.05799854183702
"211975",1.95487156728368,0.756957737724475,1.22417703250296,-0.467219294778485,-1.1979138295592,-0.730694534780717
"469059",0.126777084213879,0.292587763698645,0.213745646691058,0.0788421170075868,0.165810679484766,0.0869685624771797
"184261",3.35399546579046,2.04443806704001,2.51914489463397,-0.474706827593955,-1.30955739875045,-0.834850571156492
"201046",0.768552926590308,0.92914429560373,0.858046922947883,0.0710973726558473,0.160591369013422,0.0894939963575745
"566174",0.223088604902807,0.411098038018872,0.317551356106594,0.0935466819122776,0.188009433116065,0.0944627512037874
"72567",1.23000708932015,2.38850469052277,1.86441624988793,0.524088440634835,1.15849760120262,0.634409160567787
"167867",0.13517989105184,0.253570251648984,0.194768025332509,0.0588022263164749,0.118390360597143,0.0595881342806685
"198069",0.76549595135213,0.668326275561705,0.707395800601412,-0.0390695250397071,-0.0971696757904253,-0.0581001507507183
"147866",0.179767792190779,0.443868623444065,0.311207746542063,0.132660876902002,0.264100831253286,0.131439954351283
"503646",0.0323383245661917,0.0759766897182598,0.0562006869021105,0.0197760028161493,0.0436383651520681,0.0238623623359188
"39995",3.04309727164225,0.563156882799315,3.04309727164225,-2.47994038884294,-2.47994038884294,0
"27257",0.252048705518855,0.699499642658049,0.479464605075086,0.220035037582964,0.447450937139194,0.22741589955623
"216341",0.65280965129827,0.917062285587137,0.803838758166761,0.113223527420376,0.264252634288867,0.151029106868491
"29019",0.0691642315150628,0.147118039725758,0.108609759452671,0.0385082802730864,0.0779538082106949,0.0394455279376086
"236338",2.47315814544965,1.43173691479149,1.83093032166173,-0.399193406870247,-1.04142123065817,-0.642227823787919
"534019",1.80718541083411,1.50203719217988,1.61260147439597,-0.110564282216095,-0.305148218654231,-0.194583936438136
"386608",0.309762336604158,0.844164067121456,0.641210584598684,0.202953482522772,0.534401730517297,0.331448247994525
"211484",1.76840247612457,1.86800005412851,1.82929326121468,0.0387067929138289,0.0995975780039329,0.0608907850901039
"321429",0.559868319069607,0.35836243659744,0.44468964030032,-0.0863272037028806,-0.201505882472167,-0.115178678769287
"153075",1.03750054665476,0.640352455658712,0.766428950736802,-0.12607649507809,-0.397148090996048,-0.271071595917959
"7829",3.99090861224474,2.21168594735271,2.85693609478787,-0.645250147435158,-1.77922266489203,-1.13397251745687
"117498",0.471510593910038,0.642164375700846,0.563561671800384,0.0786027039004621,0.170653781790807,0.0920510778903452
"494292",0.0614779512949802,0.133358217166911,0.0995908217675603,0.033767395399351,0.0718802658719311,0.0381128704725801
"552275",0.223274531887455,0.288691781532699,0.256499789387598,0.0321919921451012,0.0654172496452439,0.0332252575001427
"221302",7.39980530794269,1.75578327800582,3.28689040213661,-1.53110712413078,-5.64402202993686,-4.11291490580608
"452174",10,2.18841970569384,4.07375718695385,-1.88533748126001,-7.81158029430616,-5.92624281304615
"341518",0.106146904298822,0.394071080976945,0.25556785575271,0.138503225224235,0.287924176678123,0.149420951453888
"288654",4.61349252028834,2.59796161126804,3.17910708738006,-0.581145476112018,-2.01553090902029,-1.43438543290828
"129574",0.694864238881391,0.509929151685303,0.575493744313262,-0.0655645926279588,-0.184935087196088,-0.119370494568129
"40901",5.33752768994287,1.53525967223439,2.49654556843363,-0.961285896199242,-3.80226801770848,-2.84098212150924
"548944",3.33921882351743,2.3578606772035,2.71247841705919,-0.354617739855693,-0.981358146313926,-0.626740406458233
"493992",5.32489444185411,2.83228780057529,3.566662707948,-0.734374907372705,-2.49260664127882,-1.75823173390611
"387552",0.834283750409969,0.909078191384394,0.876271039036737,0.0328071523476572,0.0747944409744252,0.041987288626768
"8361",0.227150050910458,0.401623020762069,0.312996851223299,0.0886261695387702,0.174472969851611,0.0858468003128406
"223462",1.22958106928056,0.811130306999294,0.959089618052694,-0.1479593110534,-0.418450762281267,-0.270491451227867
"249482",0.5537262136746,0.656522463697328,0.614828782216521,0.0416936814808068,0.102796250022728,0.0611025685419212
"574133",1.84880281952395,0.707541853970189,1.15464018597706,-0.44709833200687,-1.14126096555376,-0.69416263354689
"550548",1.19383811592332,0.69032309499547,0.910621760364904,-0.220298665369434,-0.503515020927848,-0.283216355558414
"480094",0.726679968120784,0.6367364307591,0.672749552439731,-0.0360131216806305,-0.0899435373616837,-0.0539304156810532
"279528",3.81377903220274,1.83714074109939,2.5102830267767,-0.673142285677312,-1.97663829110336,-1.30349600542605
"451322",3.26082929921417,1.97730915768866,2.41301998456499,-0.43571082687633,-1.28352014152551,-0.847809314649178
"201815",0.594227814438494,0.678610816677684,0.646071480105754,0.0325393365719295,0.0843830022391893,0.0518436656672597
"414567",2.11478949367679,2.40589287005339,2.30293310387365,0.102959766179744,0.291103376376608,0.188143610196864
"205823",0.248261369097566,1.16372458530571,0.681376281528168,0.482348303777547,0.915463216208149,0.433114912430602
"324505",0.648758273145304,0.589290159625915,0.617200331857345,-0.0279101722314302,-0.059468113519389,-0.0315579412879587
"43333",0.286187798514653,1.0867359499472,0.666380820573447,0.420355129373758,0.800548151432551,0.380193022058794
"125479",2.69789490613815,1.33043933725854,1.86678350228045,-0.536344165021906,-1.36745556887961,-0.831111403857707
"167471",1e-08,0.100981510458804,0.054776718907339,0.0462047915514652,0.100981500458804,0.054776708907339
"307241",0.283245436840576,0.395890780221757,0.349909125022972,0.0459816551987848,0.112645343381181,0.0666636881823959
"563624",0.0501309489154744,0.301907330451591,0.173597817196773,0.128309513254818,0.251776381536117,0.123466868281299
"485038",1.04361662353678,1.28249413162829,1.18378889880628,0.0987052328220102,0.238877508091508,0.140172275269498
"253472",0.607344334570862,0.878270323412785,0.76090834535242,0.117361978060364,0.270925988841922,0.153564010781558
"106175",1.84788560003034,1.71892211333657,1.76813180720141,-0.0492096938648405,-0.128963486693767,-0.0797537928289269
"461098",2.32415158379527,2.48089305060251,2.42764960015635,0.0532434504461605,0.156741466807242,0.103498016361082
"187671",0.360887943808072,0.11211526455921,0.21955979419209,-0.10744452963288,-0.248772679248862,-0.141328149615982
"254874",7.34010114291546,1.28067861277548,7.34010114291546,-6.05942253013998,-6.05942253013998,0
"564600",4.31678708412266,1.40982836610755,2.36051858566115,-0.950690219553599,-2.90695871801511,-1.95626849846151
"55382",1.28310909655297,1.14669318351328,1.2008172364662,-0.0541240529529237,-0.136415913039688,-0.0822918600867639
"151425",0.25939028204567,0.473825678090792,0.384009830803535,0.0898158472872578,0.214435396045123,0.124619548757865
"172967",0.41402258648608,0.458306705760159,0.439631125502403,0.0186755802577559,0.0442841192740791,0.0256085390163232
"222701",1.62111560163942,1.59144980617026,1.6022118473172,-0.0107620411469396,-0.029665795469157,-0.0189037543222175
"246410",2.31545728154905,1.22967838728165,1.62250518939729,-0.392826802115638,-1.0857788942674,-0.692952092151766
"243820",0.0797923591583099,0.168298717921504,0.127316795230896,0.0409819226906083,0.0885063587631943,0.047524436072586
"398413",0.0234436662415133,0.0399347683257855,0.0317385556270679,0.00819621269871761,0.0164911020842723,0.00829488938555465
"521294",0.792103398406763,0.884190266729122,0.843307479325019,0.0408827874041037,0.0920868683223593,0.0512040809182557
"508530",0.0905430382753036,0.117260144055065,0.103824495457799,0.013435648597266,0.026717105779761,0.0132814571824949
"301611",0.0810912644739984,0.168304583714962,0.130051311270804,0.0382532724441583,0.0872133192409638,0.0489600467968055
"62551",1.54585496376256,1.94510604253509,1.79073815392142,0.154367888613673,0.399251078772527,0.244883190158854
"113861",0.163009903922193,0.398597724900058,0.279141568034529,0.119456156865528,0.235587820977864,0.116131664112336
"356801",1.8629123567357,1.47694921058812,1.61741722426565,-0.140468013677527,-0.385963146147581,-0.245495132470054
"153974",0.660889834719177,0.77409746786052,0.729001961218644,0.0450955066418758,0.113207633141343,0.0681121264994671
"389704",1.41124371355965,0.788888572695632,1.01474697693769,-0.225858404242054,-0.622355140864013,-0.396496736621959
"325511",0.298250919369226,0.90852785259203,0.643744705248255,0.264783147343775,0.610276933222804,0.345493785879028
"191391",1.26371735910879,1.27955879218085,1.27305577940202,0.00650301277883436,0.0158414330720549,0.00933842029322052
"353114",9.84510952307728,3.80726089425734,5.16420562365483,-1.3569447293975,-6.03784862881995,-4.68090389942245
"195136",3.66723338633922,2.03889171714156,2.60743607954879,-0.568544362407224,-1.62834166919765,-1.05979730679043
"256802",0.126058409535359,0.289409371630774,0.210976933421145,0.0784324382096296,0.163350962095415,0.0849185238857856
"513416",1.02103397695993,1.2063403141795,1.132357770487,0.0739825436924999,0.185306337219577,0.111323793527077
"118422",0.139890295100417,0.188330532939803,0.165922036664922,0.0224084962748814,0.0484402378393866,0.0260317415645052
"575818",0.0483259467723849,0.168737793322081,0.110992845558265,0.0577449477638164,0.120411846549696,0.0626668987858796
"240230",0.0564181172535302,0.240434278854664,0.153984223157483,0.0864500556971806,0.184016161601134,0.0975661059039532
"167510",0.164249501171344,0.214514117613442,0.191013605228449,0.0235005123849932,0.0502646164420981,0.0267641040571049
"354353",0.0637917715899544,0.251453861583437,0.169353851732024,0.0821000098514126,0.187662089993482,0.10556208014207
"127749",0.146833872958457,0.563276219894982,0.380706329617989,0.182569890276993,0.416442346936526,0.233872456659532
"577409",1.68182441467014,1.23951109481517,1.43078113844606,-0.191270043630893,-0.442313319854971,-0.251043276224078
"40848",0.33524047839066,0.50789047757184,0.433763826539354,0.0741266510324858,0.17264999918118,0.0985233481486943
"74545",0.260731551157211,0.631564982533705,0.461337170110641,0.170227812423063,0.370833431376494,0.20060561895343
"286887",0.535725523342091,0.676864406463466,0.624027682271961,0.0528367241915052,0.141138883121375,0.0883021589298701
"194678",1.26558196464169,0.512943020660942,0.747873991124713,-0.234930970463771,-0.752638943980752,-0.517707973516981
"266262",7.71618409151351,1.62464819744124,3.25579397944683,-1.63114578200559,-6.09153589407227,-4.46039011206668
"407262",1.65581177352365,1.36328150769665,1.46751797034271,-0.104236462646065,-0.292530265827006,-0.188293803180941
"170646",0.181459597063724,0.531946297955798,0.382822755371351,0.149123542584447,0.350486700892074,0.201363158307627
"177356",0.73887361543923,1.49560342135718,1.17131876930187,0.324284652055314,0.756729805917949,0.432445153862635
"220392",0.884152033541809,1.34487542280505,1.14916543626826,0.195709986536797,0.460723389263243,0.265013402726446
"266242",1.89395666127178,1.65108130474686,1.74503302481575,-0.0939517200688933,-0.24287535652492,-0.148923636456027
"353264",2.02573294603847,1.39422263116899,1.63191025020368,-0.237687619034694,-0.631510314869483,-0.393822695834789
"566980",5.24549651530376,3.17688266942014,3.80253289033654,-0.625650220916399,-2.06861384588362,-1.44296362496722
"336709",0.0432555544595405,0.0668194675123421,0.0551987458301521,0.01162072168219,0.0235639130528016,0.0119431913706116
"328777",1e-08,0.60822551978269,0.297588533113535,0.310636986669156,0.60822550978269,0.297588523113535
"126222",1.56564039396509,1.35122660543376,1.44512861983245,-0.0939020143986897,-0.214413788531324,-0.120511774132635
"442322",0.0225928855289194,0.153537743618842,0.0921656304170281,0.061372113201814,0.130944858089923,0.0695727448881087
"362236",3.13290803066148,1.1122726766007,1.87744514687067,-0.765172470269968,-2.02063535406077,-1.25546288379081
"526181",0.0693678461034183,0.0877589105518198,0.0786748391182208,0.00908407143359898,0.0183910644484015,0.00930699301480249
"434979",1e-08,0.115951600977097,0.0587324055188497,0.0572191954582475,0.115951590977097,0.0587323955188497
"497252",6.36027710010302,2.17771439256075,3.36900333523309,-1.19128894267235,-4.18256270754228,-2.99127376486993
"430878",0.0890461043002785,0.513104777191532,0.29481284674799,0.218291930443542,0.424058672891254,0.205766742447711
"58574",0.179306383777951,0.231249056621105,0.204925821513349,0.0263232351077563,0.0519426728431542,0.0256194377353978
"332366",0.325127393778328,0.598824138943112,0.469436983798236,0.129387155144875,0.273696745164784,0.144309590019908
"338555",4.15424385596729,1.45326256028573,2.34089944726723,-0.887636886981502,-2.70098129568157,-1.81334440870007
"499916",3.165050229103,0.490833219793627,3.165050229103,-2.67421700930937,-2.67421700930937,0
"154803",3.59344918428476,1.90066173757733,2.47518941178262,-0.574527674205287,-1.69278744670743,-1.11825977250214
"402850",5.91077863344603,2.38598462441898,3.36945616470557,-0.983471540286587,-3.52479400902704,-2.54132246874046
"322558",7.10062090732033,1.69018566822945,3.12748362281054,-1.43729795458109,-5.41043523909088,-3.97313728450979
"559386",0.181824610311279,0.313348723366489,0.264289358657359,0.0490593647091302,0.131524113055209,0.0824647483460791
"221122",0.19022232818947,0.353592045579246,0.271737918417608,0.0818541271616384,0.163369717389776,0.0815155902281372
"161261",0.742381060138532,0.533581100274735,0.613795976782689,-0.0802148765079537,-0.208799959863797,-0.128585083355844
"26534",0.995298736668934,1.14236666701479,1.08604205807209,0.0563246089426941,0.147067930345853,0.090743321403159
"517981",1.54226675094272,0.749316896444918,1.04313624706476,-0.29381935061984,-0.792949854497797,-0.499130503877957
"436304",0.892404192830604,0.584280199810511,0.705488320705482,-0.12120812089497,-0.308123993020092,-0.186915872125122
"80436",1e-08,0.0415818902174012,0.0231001787641463,0.0184817114532549,0.0415818802174012,0.0231001687641463
"317749",0.100197244809755,0.237578166648256,0.169989881134925,0.0675882855133309,0.137380921838501,0.0697926363251697
"128371",4.0671886004362,1.90395392132328,2.65778280595351,-0.753828884630232,-2.16323467911291,-1.40940579448268
"175354",7.03251439790903,2.4250579101539,3.7843744336124,-1.3593165234585,-4.60745648775514,-3.24813996429664
"73518",3.85299501868017,2.13676553916425,2.75108737360818,-0.614321834443933,-1.71622947951592,-1.10190764507199
"555575",0.764692627720442,0.80308906431788,0.787114096874759,0.0159749674431212,0.038396436597438,0.0224214691543168
"577890",0.600078634938789,0.341725630456965,0.422634909709357,-0.0809092792523926,-0.258353004481824,-0.177443725229432
"331123",1.52999441218783,1.93016739453243,1.77497644922698,0.155190945305453,0.400172982344603,0.24498203703915
"455309",0.164507971502061,0.490060151875504,0.328889344116978,0.161170807758525,0.325552180373442,0.164381372614917
"241728",4.27784954095095,0.980054651615383,1.95480575458495,-0.974751102969563,-3.29779488933556,-2.323043786366
"507283",0.0253279860356415,0.279942029218178,0.162846130568211,0.117095898649967,0.254614043182537,0.13751814453257
"402365",0.352795635203399,0.350797740979658,0.351579448520787,-0.000781707541129606,-0.00199789422374147,-0.00121618668261186
"4550",0.400016105033294,0.735968153576425,0.613931620548556,0.122036533027869,0.335952048543131,0.213915515515262
"530459",0.69351446051161,0.615405236498229,0.646206499457165,-0.0308012629589357,-0.0781092240133808,-0.0473079610544451
"57828",1.7378266925718,0.491185809641505,0.917955995974764,-0.426770186333259,-1.24664088293029,-0.819870696597034
"315560",4.63535620075906,2.34554596218749,2.94302575398667,-0.597479791799176,-2.28981023857157,-1.69233044677239
"223090",1e-08,0.0868949690316812,0.0440275418963252,0.0428674271353559,0.0868949590316812,0.0440275318963252
"127128",0.142537402056586,0.128198599589875,0.134968188447744,-0.00676958885786874,-0.0143388024667112,-0.0075692136088425
"475564",2.44857291502284,1.02580743577456,1.51441596498811,-0.488608529213549,-1.42276547924827,-0.934156950034724
"22762",1.61782780837748,0.935755325129442,1.20653447817643,-0.270779153046987,-0.682072483248043,-0.411293330201055
"151551",0.320448404910863,0.277696052690725,0.293386162761458,-0.0156901100707326,-0.0427523522201382,-0.0270622421494057
"470247",0.0103116219943094,0.0435779055162511,0.0262603397098257,0.0173175658064253,0.0332662835219417,0.0159487177155164
"275526",0.0727347706320168,0.22990187213576,0.148574771042227,0.0813271010935331,0.157167101503743,0.0758400004102098
"423123",5.20636063751904,2.12066398648072,2.97854299386751,-0.857879007386786,-3.08569665103832,-2.22781764365154
"577674",4.65748614421923,1.45555589651465,2.52815207767896,-1.07259618116431,-3.20193024770458,-2.12933406654027
"476393",0.40555550097047,0.310294926453058,0.347989119504715,-0.0376941930516568,-0.0952605745174123,-0.0575663814657555
"79533",1.37206784985016,2.42744557216064,1.98696389298956,0.440481679171084,1.05537772231048,0.614896043139397
"316694",0.0530190442776227,0.118716851889204,0.0873163815744082,0.0314004703147954,0.0656978076115809,0.0342973372967855
"194890",2.23334329087035,1.50330326916379,1.78382236909595,-0.280519099932159,-0.730040021706567,-0.449520921774407
"151845",1.17038326807894,0.475159724013131,0.744819491177202,-0.269659767164071,-0.695223544065813,-0.425563776901742
"523731",0.135483136560798,0.157868187706036,0.147337313333973,0.0105308743720634,0.0223850511452375,0.0118541767731741
"329117",1.08099922957926,1.11456143405722,1.10151810793899,0.0130433261182268,0.033562204477956,0.0205188783597292
"105353",4.73461881135288,1.38338918665208,2.48654365280052,-1.10315446614844,-3.3512296247008,-2.24807515855236
"151777",4.28493674971606,1.54105490940195,2.44775949320391,-0.906704583801957,-2.7438818403141,-1.83717725651214
"3317",2.00859093991922,1.74540030271859,1.84677378118547,-0.101373478466882,-0.263190637200632,-0.16181715873375
"40566",0.911083206434356,0.651558704333034,0.781049517368636,-0.129490813035602,-0.259524502101322,-0.130033689065719
"12349",0.681334042143854,0.648017021032623,0.661268083795451,-0.0132510627628285,-0.033317021111231,-0.0200659583484025
"459896",3.66519557781633,1.69094255337583,2.34073266386496,-0.649790110489127,-1.9742530244405,-1.32446291395137
"559077",1.27126332027667,0.98239339504461,1.09480098371094,-0.112407588666327,-0.288869925232062,-0.176462336565736
"136377",3.15922597031198,2.11599439604033,2.4739568794646,-0.357962483424264,-1.04323157427165,-0.685269090847388
"167588",2.00879896799767,1.03990865634997,1.36823437792975,-0.328325721579779,-0.968890311647694,-0.640564590067915
"43832",4.75966112421499,3.25084729533361,3.70159550818192,-0.450748212848314,-1.50881382888138,-1.05806561603307
"203986",6.56934122813828,2.41104313251758,3.62136657966818,-1.2103234471506,-4.1582980956207,-2.9479746484701
"218582",2.38066007961751,1.31559397590341,1.71109199463446,-0.395498018731052,-1.0650661037141,-0.669568084983052
"187280",0.00674918671204644,0.020861057839277,0.0138571396576511,0.00700391818162592,0.0141118711272305,0.00710795294560463
"560184",4.08830504138556,1.47206556638966,2.31651263314334,-0.844447066753684,-2.6162394749959,-1.77179240824222
"11734",2.10090230363896,1.81776901350809,1.91107794374901,-0.0933089302409209,-0.283133290130871,-0.18982435988995
"135852",0.145387839088419,0.345553383974526,0.249553687712508,0.0959996962620177,0.200165544886107,0.104165848624089
"407978",0.0861046689241614,0.224552037119276,0.157590890179892,0.0669611469393843,0.138447368195115,0.0714862212557303
"482256",0.0945034118856189,0.335701939752066,0.210074366494388,0.125627573257678,0.241198527866447,0.115570954608769
"364221",0.559483112333725,0.427528360834719,0.485357115643833,-0.0578287548091141,-0.131954751499007,-0.0741259966898924
"131738",0.0651092621366055,0.366031440458735,0.213211544479595,0.15281989597914,0.300922178322129,0.148102282342989
"188058",1.47359278627798,0.815306891404482,1.05961412150985,-0.244307230105365,-0.658285894873496,-0.413978664768131
"234552",2.97498366599835,2.22230566323694,2.48649560817652,-0.264189944939583,-0.752678002761412,-0.488488057821828
"350149",0.31902098999009,0.362488109600086,0.345647963164025,0.0168401464360611,0.0434671196099956,0.0266269731739345
"233733",3.5712361419221,1.34204857550046,2.01570889194376,-0.673660316443308,-2.22918756642164,-1.55552724997833
"265945",1.55299183355292,1.03419695239362,1.24510891535438,-0.210911962960763,-0.518794881159296,-0.307882918198533
"128321",4.16210101877752,2.81178083450959,3.17514310688111,-0.36336227237152,-1.35032018426794,-0.986957911896418
"222630",2.29576234873,1.39741128507899,1.7393151364085,-0.341903851329511,-0.898351063651009,-0.556447212321499
"415715",1.14364022640602,0.959164862063579,1.02882669628304,-0.0696618342194575,-0.184475364342443,-0.114813530122986
"326544",1.58664624460578,2.3307443107475,2.01308039897857,0.317663911768931,0.744098066141714,0.426434154372784
"369794",1.42315000144482,1.26972663276625,1.33607567936979,-0.0663490466035419,-0.153423368678574,-0.0870743220750323
"489062",1.99066667935811,1.66225815842852,1.79055073240629,-0.128292573977762,-0.32840852092958,-0.200115946951819
"559910",1e-08,0.19559890736579,0.105613777706183,0.0899851296596063,0.19559889736579,0.105613767706183
"493766",1.5633005457375,0.947005743416943,1.19368974608223,-0.246684002665285,-0.616294802320558,-0.369610799655273
"398982",0.613476844924012,0.602867755088081,0.608046900473315,-0.00517914538523334,-0.0106090898359308,-0.00542994445069744
"253438",0.0162264565608049,0.128391490484674,0.0802962228231744,0.0480952676614996,0.112165033923869,0.0640697662623696
"100754",0.197105496148007,0.34108828095931,0.284828817733143,0.056259463226167,0.143982784811302,0.0877233215851355
"264953",0.253004371810485,0.476857358100892,0.389266667877576,0.0875906902233164,0.223852986290407,0.136262296067091
"378860",0.885877235055885,0.916401981794529,0.902161866148541,0.0142401156459874,0.0305247467386435,0.0162846310926561
"469012",0.0202437709504009,0.0305843555510036,0.0255002777040083,0.00508407784699531,0.0103405846006028,0.00525650675360746
"300239",3.2929216120728,2.29039005795896,2.65080862183512,-0.360418563876158,-1.00253155411384,-0.642112990237684
"421765",2.58026311570202,1.21235540048271,1.72712417716732,-0.514768776684613,-1.36790771521931,-0.8531389385347
"304320",0.511910060590397,0.372227052109818,0.444064309396832,-0.0718372572870142,-0.139683008480579,-0.0678457511935652
"287010",0.226487112402574,0.234576754990954,0.230627042617988,0.00394971237296607,0.00808964258838063,0.00413993021541456
"247060",1.45849949090841,2.32041857782814,2.03234067538152,0.288077902446616,0.861919086919725,0.57384118447311
"482920",0.127210087620621,0.290576214808443,0.207819184963091,0.0827570298453521,0.163366127187822,0.0806090973424698
"319481",0.755577411625398,0.625644510640332,0.676002715204537,-0.0503582045642055,-0.129932900985066,-0.0795746964208608
"190852",0.416267192928111,0.931101902130215,0.722349145965895,0.20875275616432,0.514834709202104,0.306081953037784
"359800",0.596066035160665,0.549706152834835,0.566291483952019,-0.0165853311171836,-0.0463598823258298,-0.0297745512086461
"378852",1.43034774159562,0.876716024194118,1.08602789025448,-0.209311866060361,-0.553631717401504,-0.344319851341143
"454601",2.20960289856916,1.63685493539186,1.86542756792128,-0.228572632529422,-0.572747963177298,-0.344175330647876
"478394",2.04122119383824,1.68443691674256,1.82359023512354,-0.139153318380988,-0.356784277095685,-0.217630958714697
"90922",1.33423758815089,0.941317147407506,1.09284128967139,-0.151524142263883,-0.392920440743381,-0.241396298479498
"110947",8.15890083568831,1.47615683580526,8.15890083568831,-6.68274399988305,-6.68274399988305,0
"334938",4.54425599768747,1.80859790283273,2.77572038187071,-0.967122479037974,-2.73565809485473,-1.76853561581676
"117742",0.218388208582572,0.44199642165297,0.32350184672759,0.11849457492538,0.223608213070398,0.105113638145018
"141098",2.29950545638152,1.39660364107993,1.74009856313611,-0.343494922056171,-0.902901815301589,-0.559406893245418
"121128",3.12062036677949,1.8699302653065,2.30023930578379,-0.43030904047729,-1.25069010147299,-0.820381060995699
"169891",3.48877248124083,0.408620252242217,3.48877248124083,-3.08015222899861,-3.08015222899861,0
"473963",3.78168923802044,1.66120450667009,2.36853517297098,-0.707330666300893,-2.12048473135035,-1.41315406504946
"127151",0.676415276113962,0.782911043988114,0.739350985624769,0.0435600583633449,0.106495767874152,0.0629357095108073
"572359",0.259971134563106,0.458375638407716,0.382119085513404,0.076256552894312,0.19840450384461,0.122147950950298
"202587",1e-08,0.159389302520494,0.0953041991028377,0.0640851034176558,0.159389292520494,0.0953041891028377
"334586",0.128637649947856,0.18719819098754,0.160055596212293,0.0271425947752466,0.0585605410396839,0.0314179462644373
"42134",4.24689984064759,2.19002975821048,2.74610427880827,-0.556074520597789,-2.0568700824371,-1.50079556183931
"521691",5.31592222272225,4.24885404787022,4.47045839881922,-0.221604350949,-1.06706817485204,-0.845463823903037
"86321",1.04046369420804,1.27760125031621,1.17960430436914,0.0979969459470735,0.237137556108172,0.139140610161098
"40517",0.292303359862017,0.471566028309287,0.377366299249886,0.0941997290594003,0.17926266844727,0.0850629393878695
"316135",0.904809815209114,0.750375135599384,0.814622765575157,-0.0642476299757729,-0.15443467960973,-0.0901870496339567
"46365",0.290263073540232,0.625080770954197,0.475738977993088,0.149341792961109,0.334817697413965,0.185475904452855
"393599",0.277471305375785,0.235141886037327,0.255093278546261,-0.0199513925089338,-0.042329419338458,-0.0223780268295242
"41215",0.10017552418484,0.454197484759747,0.274017371452965,0.180180113306783,0.354021960574907,0.173841847268125
"29689",3.80859864828165,1.57569315765554,2.30945692031894,-0.733763762663398,-2.23290549062611,-1.49914172796271
"295826",1.66577252842716,2.84025471327935,2.40756478909439,0.432689924184954,1.17448218485219,0.741792260667238
"339264",0.962126996344864,0.597671089570515,0.699569441621706,-0.101898352051192,-0.364455906774349,-0.262557554723157
"344276",0.672803104613972,0.620445260156172,0.645441485484221,-0.0249962253280489,-0.0523578444578007,-0.0273616191297518
"145254",0.540728120320238,0.724448907517482,0.654079990780445,0.070368916737037,0.183720787197244,0.113351870460207
"320492",1.39187914244115,0.990326771413381,1.1477676119658,-0.157440840552419,-0.401552371027768,-0.244111530475349
"494367",3.80040909963798,1.6009641409517,2.31879324294839,-0.717829101996687,-2.19944495868628,-1.48161585668959
"69022",3.16947918240697,0.741747251302136,1.56404362688368,-0.822296375581548,-2.42773193110483,-1.60543555552328
"174362",0.894434771970635,0.657097218228775,0.755729310319343,-0.0986320920905686,-0.23733755374186,-0.138705461651291
"166597",0.166653193704255,0.243409150549416,0.205739894604926,0.0376692559444902,0.076755956845161,0.0390867009006708
"142579",0.362153367167068,0.401321225413734,0.385098474710199,0.0162227507035358,0.0391678582466662,0.0229451075431304
"5758",0.0275789913121107,0.0939678562261297,0.0593699227203404,0.0345979335057893,0.066388864914019,0.0317909314082297
"432197",1.9118832620032,1.39173532318612,1.57890251139172,-0.187167188205596,-0.520147938817073,-0.332980750611478
"300316",0.0797957741615543,0.171670922025612,0.129903566320761,0.0417673557048512,0.0918751478640577,0.0501077921592065
"491546",1.11732381196047,1.05277930745258,1.07801932193862,-0.0252400144860387,-0.0645445045078923,-0.0393044900218535
"247042",0.215391074338216,0.549119369651214,0.402718774867138,0.146400594784076,0.333728295312997,0.187327700528921
"17097",2.78380770023719,2.43059334459248,2.55827497812544,-0.12768163353296,-0.353214355644711,-0.225532722111752
"536086",0.15561074428325,0.12303798761407,0.137864860026731,-0.0148268724126602,-0.0325727566691793,-0.0177458842565191
"421767",0.443000422701854,0.46752600907203,0.456991323698772,0.0105346853732577,0.0245255863701751,0.0139909009969174
"407405",0.116896810574985,0.220649103442621,0.169371377507743,0.0512777259348785,0.103752292867636,0.0524745669327578
"236641",0.0965884160063302,0.134150985969048,0.116483749331005,0.0176672366380426,0.0375625699627178,0.0198953333246752
"466443",1e-08,0.215176607251677,0.11595510264555,0.0992215046061267,0.215176597251677,0.11595509264555
"442729",0.995386202765458,1.4448823736831,1.25779426260113,0.187088111081977,0.449496170917644,0.262408059835667
"96766",0.17072806720727,0.697635606229234,0.44121790056565,0.256417705663583,0.526907539021964,0.27048983335838
"418145",1.44351413185261,1.70621085268772,1.60916418629896,0.097046666388763,0.262696720835112,0.165650054446349
"343239",0.251625629665901,0.197529757577863,0.222147712059405,-0.024617954481542,-0.0540958720880379,-0.0294779176064959
"517130",2.6878469215976,1.3883141796728,1.89313416371493,-0.504819984042133,-1.2995327419248,-0.794712757882671
"309399",2.20058542959932,2.56485053158953,2.43392324873108,0.130927282858452,0.364265101990206,0.233337819131754
"347395",0.0307237432153726,0.290249825202595,0.170765408254382,0.119484416948213,0.259526081987222,0.140041665039009
"150696",0.149794927121353,0.193701857017079,0.17404522346264,0.0196566335544388,0.0439069298957255,0.0242502963412867
"186180",0.077281691125548,0.033351697486091,0.0547111474365919,-0.0213594499505009,-0.0439299936394571,-0.0225705436889561
"439865",1e-08,0.193760360651709,0.0949204700252011,0.0988398906265076,0.193760350651709,0.0949204600252011
"510691",1.03051731765197,0.629812894841956,0.798008475910336,-0.16819558106838,-0.400704422810017,-0.232508841741637
"47163",0.130084335994031,0.287022614555821,0.214652024627007,0.0723705899288146,0.15693827856179,0.0845676886329753
"17880",0.157848536928232,0.509410917259719,0.321019135253193,0.188391782006526,0.351562380331487,0.163170598324961
"308543",2.46474238524794,1.14173254337618,1.62035729383118,-0.478624750455004,-1.32300984187176,-0.84438509141676
"1345",2.41959018095287,1.15575774782407,1.6121769975092,-0.456419249685129,-1.2638324331288,-0.807413183443672
"72162",0.700827488850351,1.01043619137092,0.870489649533765,0.139946541837156,0.309608702520569,0.169662160683413
"179475",0.442674419959862,0.77407567850716,0.61084470417464,0.16323097433252,0.331401258547298,0.168170284214778
"72674",0.0223558027993738,0.0308020496297479,0.0269311610556345,0.00387088857411341,0.00844624683037403,0.00457535825626062
"22101",0.0959226021518809,0.156119156465395,0.126092130124101,0.0300270263412946,0.0601965543135143,0.0301695279722197
"387245",0.599333556979719,0.21191896967997,0.361302151889208,-0.149383182209238,-0.387414587299749,-0.238031405090511
"19535",4.17223199987021,1.48963647149629,2.36146012422734,-0.871823652731053,-2.68259552837392,-1.81077187564287
"537372",3.81852020686711,1.3163223171918,2.09625782060186,-0.779935503410055,-2.5021978896753,-1.72226238626525
"18705",0.758627390464781,0.462583894353431,0.566564431570147,-0.103980537216717,-0.29604349611135,-0.192062958894634
"140822",0.162319153265694,0.165337021893678,0.163943180349263,0.0013938415444151,0.00301786862798348,0.00162402708356837
"485807",0.121030064388732,0.267419098030781,0.201248755651652,0.0661703423791288,0.146389033642049,0.0802186912629206
"262730",0.0718701683193883,0.220035658809557,0.159968940762487,0.0600667180470705,0.148165490490169,0.0880987724430984
"548372",0.114598470615676,0.268736261866269,0.195055061163554,0.0736812007027155,0.154137791250594,0.080456590547878
"382436",6.93212061887772,1.52099616300822,2.9050714920258,-1.38407532901758,-5.4111244558695,-4.02704912685192
"535072",2.03015582235555,1.15201306575019,1.45896493776333,-0.306951872013141,-0.878142756605363,-0.571190884592223
"23572",1e-08,0.0831194415729201,0.039152987151564,0.043966454421356,0.0831194315729201,0.039152977151564
"94339",0.676398727225389,0.761763536998018,0.725728496724221,0.0360350402737976,0.0853648097726289,0.0493297694988314
"80698",0.702775123837773,0.572807358660727,0.634162354618495,-0.0613549959577679,-0.129967765177046,-0.0686127692192784
"152636",1.12745922532821,1.24299075515164,1.19609070764566,0.0469000475059762,0.115531529823426,0.0686314823174496
"519767",0.24567194276844,0.488194782208818,0.389469638313096,0.0987251438957217,0.242522839440378,0.143797695544656
"390241",0.319393156882468,0.60400309302634,0.474159668737571,0.129843424288769,0.284609936143872,0.154766511855103
"259414",1.10131252541166,0.499098735782531,0.732892442687579,-0.233793706905048,-0.602213789629124,-0.368420082724077
"522610",4.99909881268649,2.80262802667002,3.47196220275587,-0.669334176085852,-2.19647078601647,-1.52713660993062
"460963",3.89212321097055,1.57642745260779,2.32999978551968,-0.75357233291189,-2.31569575836276,-1.56212342545087
"487081",0.884743737197844,1.59344493438847,1.29766361599023,0.295781318398236,0.708701197190623,0.412919878792387
"313274",0.2532995652707,0.164307820505423,0.210803297728061,-0.0464954772226371,-0.0889917447652762,-0.0424962675426391
"531764",1.3358896919847,0.764656922921502,0.970779667202456,-0.206122744280954,-0.571232769063198,-0.365110024782244
"70600",4.55977342415764,3.44915652310892,3.80133858363983,-0.352182060530905,-1.11061690104872,-0.758434840517816
"259682",5.4375763572598,3.53413476297164,4.14483610087819,-0.61070133790655,-1.90344159428816,-1.29274025638161
"57424",5.85602645703396,3.33436419028939,4.12580412299571,-0.791439932706314,-2.52166226674456,-1.73022233403825
"77209",0.977639477537399,1.36393926632736,1.2108086103204,0.153130656006961,0.386299788789966,0.233169132783005
"316045",3.95200053217426,3.4774058762371,3.6233545697352,-0.1459486934981,-0.474594655937166,-0.328645962439065
"92626",1.98508660655596,1.63742900084574,1.76780492468311,-0.130375923837366,-0.347657605710215,-0.217281681872849
"276627",3.96024070494326,1.90617915499109,2.62524096295221,-0.719061807961123,-2.05406154995217,-1.33499974199105
"44765",1.41353506047627,1.38052992894868,1.39416540961892,-0.0136354806702454,-0.0330051315275888,-0.0193696508573433
"79717",0.223495705246053,0.288630696790186,0.255505128310928,0.0331255684792577,0.0651349915441329,0.0320094230648751
"342673",0.901559739047983,0.727971395904376,0.800821087379383,-0.0728496914750064,-0.173588343143606,-0.1007386516686
"507604",0.952335190271711,0.938492816482163,0.943495637099483,-0.00500282061732038,-0.0138423737895481,-0.00883955317222773
"313398",1.70644359954109,0.777352489840023,1.13578363495859,-0.358431145118566,-0.929091109701063,-0.570659964582497
"9349",0.8750343425246,0.801077548651242,0.832488462931569,-0.0314109142803268,-0.0739567938733574,-0.0425458795930306
"172327",0.824602968203584,0.949033052300457,0.894194098456538,0.0548389538439186,0.124430084096873,0.0695911302529546
"258654",1e-08,0.432522553882447,0.227140299396466,0.205382254485981,0.432522543882447,0.227140289396466
"18840",0.0271403370842512,0.159547883132128,0.0958279862924749,0.0637198968396535,0.132407546047877,0.0686876492082237
"555266",0.0934985117193964,0.137669230355071,0.116366429331197,0.0213028010238738,0.0441707186356748,0.022867917611801
"177391",1.68166188686569,0.779308953696299,1.131980514952,-0.352671561255705,-0.902352933169389,-0.549681371913684
"93036",0.52735570767094,0.45318935662714,0.485421353030585,-0.0322319964034454,-0.0741663510438005,-0.0419343546403551
"328922",3.61602066310669,1.89617396553755,2.48671980234893,-0.590545836811386,-1.71984669756915,-1.12930086075776
"377264",4.65335256653241,3.90382183263692,4.15099993057217,-0.247178097935246,-0.749530733895487,-0.502352635960241
"471220",0.212032440580557,0.198374740851989,0.204302481823231,-0.00592774097124249,-0.0136576997285684,-0.00772995875732588
"415648",2.3200270384606,1.16938992761472,1.58529545046225,-0.415905522847528,-1.15063711084589,-0.734731587998357
"147653",0.921070827471349,0.481340173457932,0.641117503305049,-0.159777329847117,-0.439730654013417,-0.2799533241663
"323047",0.179221971081597,0.360631287649701,0.269423306917562,0.0912079807321396,0.181409316568104,0.0902013358359649
"183583",2.4089248184075,1.65081704787875,1.95258926842376,-0.301772220545013,-0.75810777052875,-0.456335549983737
"75951",1.61259670713908,1.89024083399219,1.78195844090307,0.108282393089121,0.277644126853113,0.169361733763992
"200794",2.62634828684869,1.31443173714464,1.81346441079458,-0.499032673649943,-1.31191654970405,-0.812883876054104
"517968",2.57572763934959,0.720213524640191,1.29345191662805,-0.573238391987857,-1.85551411470939,-1.28227572272154
"444496",0.338740544193741,1.08699981146421,0.771262571022471,0.31573724044174,0.74825926727047,0.43252202682873
"94839",0.134355060723181,0.154628645230561,0.145004605074526,0.00962404015603557,0.0202735845073808,0.0106495443513452
"441614",0.509851920494961,1.21470834541616,0.886992426124232,0.327715919291931,0.704856424921201,0.377140505629271
"362282",2.20872827083848,1.35971103315386,1.67196032134122,-0.312249288187364,-0.849017237684627,-0.536767949497263
"406462",0.0309744425387258,0.264060386206647,0.191799549032279,0.0722608371743676,0.233085943667921,0.160825106493553
"21532",1.36387903282574,2.06204870430758,1.79216656633725,0.269882137970329,0.698169671481842,0.428287533511513
"175411",0.974086043789257,1.15784441658111,1.08509368790118,0.0727507286799309,0.183758372791852,0.111007644111921
"441329",4.53696596440344,1.62663410861467,2.62463534173064,-0.998001233115975,-2.91033185578877,-1.9123306226728
"297248",0.265971108587361,0.472289499061398,0.36449559287992,0.107793906181478,0.206318390474037,0.0985244842925588
"227093",2.49358069293697,2.12159041239754,2.22532096512284,-0.103730552725299,-0.371990280539422,-0.268259727814123
"122277",0.0307454303214029,0.0781278217892836,0.0573245187598024,0.0208033030294812,0.0473823914678807,0.0265790884383995
"232787",0.467686409632153,1.03953087273165,0.790800801843032,0.248730070888623,0.571844463099502,0.323114392210879
"330660",1.08945706463602,1.19519916679832,1.15249022164176,0.0427089451565559,0.105742102162305,0.0630331570057487
"211384",2.06699309780295,1.29052282568487,1.56792054885554,-0.277397723170675,-0.776470272118087,-0.499072548947412
"141386",3.02385193322261,2.01204436219649,2.3425499985503,-0.330505636353801,-1.01180757102612,-0.681301934672319
"177191",0.104799157989011,0.387814791913997,0.251242346779616,0.136572445134381,0.283015633924986,0.146443188790605
"569704",0.252745043949875,0.465600159461127,0.373385009874821,0.0922151495863053,0.212855115511252,0.120639965924946
"157370",0.275659943230986,0.37082089630239,0.322043819018241,0.0487770772841492,0.0951609530714048,0.0463838757872557
"54909",1.96118186483113,0.526380059238527,1.03306292107086,-0.506682861832333,-1.4348018055926,-0.928118943760267
"11370",0.029878537350345,0.179018004295157,0.112203281400402,0.0668147228947548,0.149139466944812,0.0823247440500574
"301180",0.128624895104794,0.502823091138639,0.306687515151607,0.196135575987031,0.374198196033845,0.178062620046813
"540469",1.15719233510329,1.07401146713374,1.10632210048305,-0.0323106333493111,-0.0831808679695514,-0.0508702346202403
"434090",1e-08,0.385898974426431,0.202211780248959,0.183687194177471,0.385898964426431,0.202211770248959
"442763",0.0951563084967431,0.346517720869163,0.227773509428477,0.118744211440686,0.25136141237242,0.132617200931734
"83208",1.88460068132645,0.878447136160807,1.17870665077376,-0.30025951461295,-1.00615354516565,-0.705894030552696
"512858",0.328217054014348,1.19759946779799,0.817202250819278,0.380397216978713,0.869382413783644,0.488985196804931
"262304",0.281562002865112,0.176698835651632,0.207358727235724,-0.0306598915840925,-0.10486316721348,-0.0742032756293879
"50635",0.0929294992016027,0.311532544198353,0.209266603984292,0.102265940214061,0.218603044996751,0.116337104782689
"72036",0.127189473872719,0.231675847756994,0.181581307027738,0.0500945407292559,0.104486373884275,0.0543918331550191
"126429",0.190663712074508,0.0926685897971231,0.138216288996868,-0.0455476991997453,-0.0979951222773845,-0.0524474230776392
"94640",0.0922875220715597,0.442839475414766,0.25650408393986,0.186335391474906,0.350551953343206,0.164216561868301
"549572",1.49490452508799,0.910467760372142,1.13566135119301,-0.22519359082087,-0.584436764715851,-0.359243173894981
"415410",0.69526416530478,0.690605990352078,0.692530462556979,-0.00192447220490077,-0.00465817495270149,-0.00273370274780071
"115100",1.07646731937455,0.737084186026835,0.887761685883958,-0.150677499857124,-0.339383133347712,-0.188705633490588
"444371",0.484400124001905,0.973799844036872,0.771721925871165,0.202077918165707,0.489399720034967,0.287321801869261
"16074",1.99611308080329,0.768014821831422,1.25145145321717,-0.483436631385747,-1.22809825897187,-0.744661627586121
"435080",0.124062475559849,0.45725168201007,0.286833705895508,0.170417976114562,0.333189206450221,0.162771230335659
"118168",0.953016422804603,0.487522882308411,0.66088461300349,-0.173361730695078,-0.465493540496192,-0.292131809801114
"162929",0.513244347973773,0.260494006952445,0.361065017857018,-0.100571010904572,-0.252750341021328,-0.152179330116755
"352636",0.450144799503206,0.728432238784948,0.592638307451572,0.135793931333376,0.278287439281742,0.142493507948366
"289278",0.151375434128217,0.660821922342416,0.408634105687838,0.252187816654578,0.509446488214199,0.257258671559621
"438667",0.100362218093058,0.163039863626113,0.133891135413757,0.0291487282123568,0.0626776455330552,0.0335289173206984
"327525",1e-08,0.0670112105948512,0.0307734276284195,0.0362377829664317,0.0670112005948512,0.0307734176284195
"412224",1.62376127761682,1.6242369780781,1.624061926209,0.000175051869096388,0.000475700461281203,0.000300648592184816
"325365",0.0840661248844133,0.116049756734935,0.100925470165533,0.0151242865694021,0.0319836318505214,0.0168593452811194
"19537",0.651492236443226,0.679743961431927,0.668734161382539,0.0110098000493876,0.028251724988701,0.0172419249393134
"237182",0.0597821264182563,0.174841415231044,0.11677498328353,0.0580664319475148,0.115059288812788,0.0569928568652734
"135135",0.0727065857011205,0.250052858714985,0.157494412395458,0.0925584463195268,0.177346273013865,0.084787826694338
"122816",1.23911297655547,1.08905240755687,1.1480427808469,-0.0589903732900274,-0.150060568998598,-0.0910701957085702
"574457",4.83580938274704,2.50426074797755,3.16659752588741,-0.662336777909862,-2.33154863476949,-1.66921185685963
"92028",0.792083237759838,0.83439076783877,0.815959728350683,0.0184310394880866,0.042307530078932,0.0238764905908454
"294573",2.24717278412994,0.473571684594295,1.11216843357378,-0.638596748979488,-1.77360109953564,-1.13500435055615
"313807",0.396954347683469,0.310184614467933,0.354158165226127,-0.0439735507581944,-0.0867697332155364,-0.042796182457342
"239159",1.80869653166443,0.958454261201675,1.30655111558536,-0.34809685438368,-0.850242270462753,-0.502145416079073
"48680",1.67580727152374,0.865794787654064,1.18235803640292,-0.31656324874886,-0.810012483869678,-0.493449235120818
"328910",3.18720800627028,1.11397901035786,1.89863069056513,-0.784651680207265,-2.07322899591242,-1.28857731570515
"67491",0.931433682612952,0.622957219897799,0.750186418997324,-0.127229199099526,-0.308476462715154,-0.181247263615628
"284218",0.188456435557275,0.111388457602967,0.149511104303603,-0.0381226467006363,-0.0770679779543086,-0.0389453312536723
"84320",0.20224916154129,0.556261173096764,0.362072909266954,0.19418826382981,0.354012011555475,0.159823747725665
"430906",1.01880987737495,0.482514391251195,0.68989862019025,-0.207384228939056,-0.536295486123753,-0.328911257184697
"21872",2.85397730749142,1.2009591114767,1.82531486984717,-0.624355758370467,-1.65301819601472,-1.02866243764425
"469907",0.137783590236812,0.147173655987122,0.142640290516148,0.00453336547097405,0.00939006575031004,0.00485670027933599
"415397",0.0684168761157885,0.184950052485275,0.125276221501787,0.0596738309834884,0.116533176369487,0.0568593453859981
"470460",0.0635436740036444,0.112921646463964,0.0879856439314948,0.024936002532469,0.0493779724603194,0.0244419699278504
"96762",0.333335829132245,0.253600821612217,0.292946511719553,-0.0393456901073357,-0.0797350075200277,-0.0403893174126919
"11945",2.75971402283938,2.40540045653677,2.52695507306408,-0.121554616527314,-0.354313566302608,-0.232758949775294
"490654",0.192652224326374,0.300985738361934,0.245371467048815,0.0556142713131197,0.108333514035561,0.052719242722441
"480330",5.67195173920892,4.70630677247197,4.91776237771983,-0.211455605247863,-0.965644966736949,-0.754189361489086
"130596",0.568281239849642,0.904444676700042,0.76302320692017,0.141421469779872,0.3361634368504,0.194741967070528
"571411",0.159503130653133,0.646197117753811,0.385678244490945,0.260518873262866,0.486693987100678,0.226175113837812
"283306",1.95146356374656,0.599741455191831,1.09591462640117,-0.496173171209336,-1.35172210855473,-0.855548937345396
"183217",1e-08,0.184743558388119,0.104099845845322,0.0806437125427975,0.184743548388119,0.104099835845322
"176673",0.79028073257118,0.463381254674623,0.58393734479318,-0.120556090118557,-0.326899477896557,-0.206343387778
"38221",0.536549349286679,0.52062351487576,0.527872864243753,-0.00724934936799215,-0.0159258344109189,-0.00867648504292673
"135142",0.0881798845207823,0.0858182576828381,0.0868708229033386,-0.00105256522050053,-0.00236162683794428,-0.00130906161744375
"540151",1.33313109532262,1.4666087937904,1.42010809544265,0.0465006983477514,0.133477698467789,0.0869770001200381
"546228",0.443251734019133,0.499859946005202,0.475466828774344,0.0243931172308577,0.0566082119860688,0.0322150947552111
"374681",0.261642181608461,0.827098918945367,0.557653618370347,0.26944530057502,0.565456737336906,0.296011436761885
"358951",1.74030231230341,1.39461993402078,1.51580539775435,-0.121185463733577,-0.345682378282633,-0.224496914549056
"111312",0.0622259041762819,0.202458099358631,0.131644105896659,0.070813993461972,0.140232195182349,0.0694182017203775
"313645",2.32237744269775,1.33039286076397,1.69671163346373,-0.366318772699757,-0.991984581933782,-0.625665809234025
"389231",1.19581082048006,0.517915769727668,0.795929910770134,-0.278014141042466,-0.677895050752395,-0.39988090970993
"183971",2.60817980695485,0.837568504411081,1.4238879034678,-0.586319399056716,-1.77061130254376,-1.18429190348705
"123933",0.29883098001034,0.424499380804429,0.375773520444283,0.0487258603601465,0.125668400794089,0.0769425404339424
"509313",0.267282019087246,0.546008386871573,0.428473895770969,0.117534491100604,0.278726367784327,0.161191876683723
"107705",0.91016738275448,1.19033534769766,1.08057769435639,0.109757653341264,0.280167964943176,0.170410311601911
"117337",0.0338268517786561,0.156175672317732,0.0974243449437071,0.0587513273740248,0.122348820539076,0.063597493165051
"375292",0.093076519332144,0.177211552329367,0.137584969002463,0.0396265833269042,0.0841350329972231,0.0445084496703189
"249417",4.22252473414852,1.24850284084281,2.19037110157586,-0.941868260733049,-2.97402189330571,-2.03215363257266
"414790",0.0859309932684137,0.0809104389645929,0.0831516532037979,-0.00224121423920493,-0.00502055430382077,-0.00277934006461585
"474151",1.02313117579465,0.531405282535775,0.726100282820107,-0.194695000284332,-0.491725893258876,-0.297030892974544
"418607",0.123464658164815,0.231419247205501,0.180387516442379,0.0510317307631226,0.107954589040687,0.0569228582775641
"26548",0.953343004224835,0.579054032721372,0.726981786632943,-0.14792775391157,-0.374288971503462,-0.226361217591892
"209320",2.4935098288554,1.12703056396187,1.61743468319939,-0.490404119237516,-1.36647926489353,-0.876075145656016
"186377",0.258893200438884,0.373524184105943,0.328981751361211,0.0445424327447319,0.114630983667059,0.0700885509223267
"394023",0.12062093013363,0.184179031906193,0.153761912515576,0.0304171193906166,0.0635581017725625,0.033140982381946
"524570",0.8508179413686,0.596912983187723,0.701003852109527,-0.104090868921804,-0.253904958180878,-0.149814089259074
"171321",0.0724420272644265,0.268682092955338,0.171567299827499,0.0971147931278395,0.196240065690912,0.0991252725630721
"332304",2.25271475905599,1.55071346314422,1.82267776268199,-0.27196429953777,-0.702001295911774,-0.430036996374004
"449948",0.019408674751912,0.0646241278166435,0.0432135769822998,0.0214105508343437,0.0452154530647314,0.0238049022303877
"406182",1.3461805980112,0.33882794969519,0.710467572825192,-0.371639623130002,-1.00735264831601,-0.635713025186007
"450280",0.77924520244649,0.455070677393752,0.57593406888794,-0.120863391494189,-0.324174525052738,-0.203311133558549
"16914",0.0827439669012342,0.293390038997285,0.186027997738429,0.107362041258856,0.210646072096051,0.103284030837195
"558971",3.77253512272666,2.87454318340855,3.12793167473788,-0.253388491329331,-0.897991939318111,-0.644603447988779
"393857",1.22915582778118,0.823258059337939,0.976156697094024,-0.152898637756085,-0.405897768443243,-0.252999130687158
"211485",0.305788746165154,0.254057499406998,0.276919450904207,-0.0228619514972084,-0.0517312467581557,-0.0288692952609472
"364035",1.70323770926135,0.721532246997344,1.09202749342032,-0.370495246422981,-0.981705462264008,-0.611210215841027
"555799",0.665977930221668,0.919088213330125,0.811029773059545,0.10805844027058,0.253110283108457,0.145051842837877
"413328",0.720148779938636,0.715334248595323,0.717333492889548,-0.0019992442942246,-0.00481453134331267,-0.00281528704908807
"561130",0.751093860349176,0.538829714280443,0.617092539302787,-0.0782628250223443,-0.212264146068734,-0.13400132104639
"236087",2.64059753736296,2.12334465217027,2.30301526966508,-0.179670617494807,-0.517252885192686,-0.337582267697879
"96968",1e-08,0.198349675364449,0.102958619403259,0.0953910559611897,0.198349665364449,0.102958609403259
"70631",0.181456074277775,0.222824758282858,0.204547611543509,0.0182771467393485,0.041368684005082,0.0230915372657335
"561770",2.60435151907162,1.08164861908726,1.61846458729443,-0.536815968207177,-1.52270289998436,-0.985886931777183
"118133",10,7.48002783825141,9.98419582192304,-2.50416798367163,-2.51997216174859,-0.0158041780769569
"124034",10,6.77598031467582,9.46035097494476,-2.68437066026894,-3.22401968532418,-0.539649025055244
"139238",10,4.7868923147421,6.132327390266,-1.3454350755239,-5.2131076852579,-3.867672609734
"150293",10,3.02057131233668,5.12994214623398,-2.10937083389731,-6.97942868766332,-4.87005785376602
"202681",10,2.59284699306636,4.7030385464028,-2.11019155333645,-7.40715300693364,-5.2969614535972
"229695",3.24960324811152,1.43764873835981,2.01229132304832,-0.574642584688507,-1.81195450975171,-1.23731192506321
"25321",3.34446224978442,1.25583169624327,1.89671004361956,-0.64087834737629,-2.08863055354115,-1.44775220616486
"331624",5.3997245288019,3.16738902405946,3.8584643873168,-0.691075363257338,-2.23233550474244,-1.5412601414851
"33939",10,3.42741867616311,5.27896395868313,-1.85154528252002,-6.57258132383689,-4.72103604131687
"34868",6.22164320427782,2.32503515459425,3.45844541561387,-1.13341026101962,-3.89660804968357,-2.76319778866395
"564595",10,3.28151502674378,5.30879883908119,-2.0272838123374,-6.71848497325622,-4.69120116091881
"62254",10,4.80281317940768,6.31800738825184,-1.51519420884416,-5.19718682059232,-3.68199261174816
"229981",2.03397011736401,1.46565534474358,1.67691264463733,-0.211257299893752,-0.568314772620433,-0.35705747272668
"324806",1.10724596765915,0.593227789457988,0.809925362167253,-0.216697572709264,-0.514018178201159,-0.297320605491895
"361058",1.41436924614686,1.90110751134993,1.71861245562669,0.182495055723236,0.486738265203067,0.304243209479832
"471839",1.78671673137492,1.60212703527576,1.66964536421176,-0.067518328936006,-0.184589696099159,-0.117071367163153
"969",3.37607749687228,1.64101352509083,2.19813211039383,-0.557118585303004,-1.73506397178146,-1.17794538647846
"106549",0.729559207400515,0.601471800042382,0.650120757570597,-0.0486489575282146,-0.128087407358133,-0.079438449829918
"394857",1.56286522313295,0.980908408499119,1.21257406179119,-0.231665653292075,-0.581956814633836,-0.350291161341761
"708",1.34579671548226,0.939425735514618,1.09688836734791,-0.157462631833292,-0.406370979967644,-0.248908348134352
"75767",0.086376832434877,0.130819925036502,0.109396638668927,0.0214232863675757,0.0444430926016253,0.0230198062340497
"392106",0.624372279699383,0.785578550658386,0.720409230491643,0.0651693201667426,0.161206270959003,0.0960369507922602
"504785",1.43808325234165,0.772313387546465,1.01699226580338,-0.244678878256911,-0.665769864795185,-0.421090986538273
"550966",0.877853079387212,1.0797389072104,1.00729457379348,0.072444333416928,0.201885827823193,0.129441494406265
"152525",0.733354950790188,1.04084045515262,0.901070699625398,0.139769755527218,0.307485504362428,0.16771574883521
"255215",0.211050505035155,0.248819174634241,0.231325459966998,0.0174937146672435,0.0377686695990862,0.0202749549318427
"10121",2.02747889318044,1.50478713752532,1.6994455207587,-0.19465838323338,-0.522691755655122,-0.328033372421742
"8351",1.90878940778551,1.24078491556683,1.47927107080472,-0.238486155237891,-0.668004492218676,-0.429518336980785
"73799",0.300205504564974,0.609542020172298,0.473667146554,0.135874873618298,0.309336515607324,0.173461641989025
"449596",1.68111861763245,0.864423950348251,1.18207352506223,-0.317649574713983,-0.816694667284204,-0.49904509257022
"565441",0.765589284787192,0.464039324432492,0.602537338721228,-0.138498014288736,-0.3015499603547,-0.163051946065964
"279930",0.0552112038845985,0.289439056545847,0.177442134799229,0.111996921746618,0.234227852661248,0.12223093091463
"304484",0.158983731376005,0.492041341411831,0.321374935918989,0.170666405492841,0.333057610035826,0.162391204542985
"87271",1.61850494899137,0.821308896263111,1.12330801569296,-0.301999119429847,-0.797196052728257,-0.49519693329841
"152333",0.816978578205831,0.471939635930745,0.598669902486673,-0.126730266555928,-0.345038942275085,-0.218308675719158
"367573",2.83649471578606,2.44853086470054,2.58716184904815,-0.138630984347615,-0.387963851085527,-0.249332866737912
"187887",1.1958378059181,1.16838863060292,1.17910738877272,-0.0107187581698065,-0.0274491753151875,-0.016730417145381
"38083",1.34606621771746,0.71907909900012,0.940564896534967,-0.221485797534848,-0.626987118717338,-0.40550132118249
"416931",0.265403212917321,0.602057885307379,0.453969974348907,0.148087910958472,0.336654672390058,0.188566761431586
"2555",0.117015644875302,0.154230447783736,0.136069528609432,0.0181609191743043,0.037214802908434,0.0190538837341297
"426723",0.100313731378497,0.678263702872124,0.410714734959584,0.26754896791254,0.577949971493627,0.310401003581087
"427383",0.525923398755186,0.886629115360544,0.738204614684345,0.148424500676199,0.360705716605358,0.212281215929159
"500578",2.16261434868093,1.25806645231818,1.58123704478023,-0.323170592462058,-0.904547896362754,-0.581377303900696
"526559",4.48030701630286,1.33765473352438,2.36847638246235,-1.03082164893797,-3.14265228277848,-2.11183063384051
"525266",1.4883883002385,2.00086377238301,1.79938019342241,0.201483578960603,0.512475472144517,0.310991893183914
"455995",6.38303818312024,2.86553838548999,3.52950711968391,-0.663968734193916,-3.51749979763025,-2.85353106343633
"398983",0.121683779897008,0.448528463655664,0.313368229984344,0.13516023367132,0.326844683758656,0.191684450087336
"568784",0.844706285560064,1.53673741946907,1.25322841669124,0.28350900277783,0.692031133909009,0.40852213113118
"179310",1e-08,0.141208944740229,0.0654702708385723,0.0757386739016566,0.141208934740229,0.0654702608385723
"44926",1.40021821654643,1.02298504368485,1.17169809271696,-0.148713049032103,-0.377233172861573,-0.22852012382947
"541262",4.90297103145979,1.76960461356193,2.59140163812465,-0.821797024562715,-3.13336641789785,-2.31156939333514
"148107",1e-08,0.227156396022195,0.128181747971593,0.0989746480506023,0.227156386022195,0.128181737971593
"443365",0.0887379562822043,0.472242564407194,0.30946563628568,0.162776928121514,0.38350460812499,0.220727680003476
"187073",4.64343590412091,4.25560588323806,4.38538270135084,-0.129776818112784,-0.387830020882853,-0.258053202770069
"496501",10,4.1942900719184,5.85638512585408,-1.66209505393568,-5.8057099280816,-4.14361487414592
"85524",4.49577781531779,1.73862663486979,2.69617536868858,-0.957548733818796,-2.75715118044801,-1.79960244662921
"240354",2.23394709048772,0.915504510924204,1.35107007622167,-0.435565565297468,-1.31844257956352,-0.882877014266049
"526144",2.14176621983931,1.33323710065435,1.63401040776027,-0.300773307105921,-0.808529119184962,-0.507755812079041
"153055",8.03000380079791,1.62549177154615,3.35298976404609,-1.72749799249994,-6.40451202925176,-4.67701403675182
"474952",0.0257033248313739,0.167807963349338,0.101488943647062,0.0663190197022768,0.142104638517965,0.0757856188156877
"510522",0.452693206572704,0.69420139540509,0.579786682242453,0.114414713162637,0.241508188832386,0.127093475669749
"537481",1.72624028277313,3.23139109458649,2.6481862637029,0.583204830883587,1.50515081181337,0.921945980929779
"245361",0.038443276590585,0.122933783731211,0.0823900626151907,0.0405437211160204,0.0844905071406261,0.0439467860246057
"261970",1.64706700997018,1.84798803189087,1.7699160811974,0.0780719506934748,0.20092102192069,0.122849071227215
"251557",3.99168921002517,1.26401677174356,2.09869355104079,-0.834676779297238,-2.72767243828161,-1.89299565898438
"524758",4.13848357954384,1.31100680412848,2.19930492903377,-0.888298124905291,-2.82747677541535,-1.93917865051006
"567252",7.74846689688698,1.44097174946339,7.74846689688698,-6.30749514742358,-6.30749514742358,0
"257357",0.0573620835849547,0.15842651538465,0.105602646266494,0.0528238691181559,0.101064431799695,0.048240562681539
"533215",3.62716563378375,1.83108773325927,2.44549708849665,-0.614409355237384,-1.79607790052448,-1.1816685452871
"533492",0.467196291810642,1.12173925735766,0.825850316849947,0.295888940507708,0.654542965547013,0.358654025039305
"205551",1e-08,0.240507194252083,0.12958548450368,0.110921709748404,0.240507184252083,0.12958547450368
"246774",1e-08,0.205649395657799,0.106502669541297,0.099146726116502,0.205649385657799,0.106502659541297
"98061",1e-08,0.0812122663560916,0.0444281922009095,0.036784074155182,0.0812122563560916,0.0444281822009095
"155366",0.165194642427464,0.279505893613476,0.221609686110805,0.057896207502671,0.114311251186012,0.0564150436833411
"401105",1.3717689710024,0.791412951465981,1.0067427954064,-0.215329843940422,-0.580356019536421,-0.365026175595999
"524423",1.14949061002868,1.12879686086243,1.13687988631075,-0.00808302544831685,-0.0206937491662456,-0.0126107237179287
"317654",6.00290859736273,2.92952785902598,3.86857852773983,-0.939050668713847,-3.07338073833675,-2.1343300696229
"287071",1.13552169758565,1.34274191923122,1.2568750011129,0.0858669181183265,0.207220221645571,0.121353303527244
"284783",4.04204394808016,3.79653000577226,3.87559770138424,-0.0790676956119731,-0.245513942307893,-0.16644624669592
"386672",3.01179414888109,2.70337871240382,2.81724560595501,-0.113866893551188,-0.308415436477267,-0.194548542926078
"84024",1e-08,0.554094995985556,0.265687834471052,0.288407161514505,0.554094985985556,0.265687824471052
"499872",3.21458380944413,1.8574122678368,2.31005430244449,-0.452642034607684,-1.35717154160733,-0.904529506999648
"369631",0.241435298286572,0.0709312754816473,0.149308547273462,-0.0783772717918143,-0.170504022804925,-0.0921267510131104
"65490",0.270641117302615,0.466420929971121,0.382088885202646,0.0843320447684749,0.195779812668507,0.111447767900032
"100600",1.40168202334009,0.823933633538127,1.03421969810701,-0.210286064568881,-0.577748389801958,-0.367462325233078
"208515",0.456713262950153,0.535359813716509,0.500381731065855,0.0349780826506541,0.0786465507663557,0.0436684681157016
"21440",0.258352991054783,0.691781827953452,0.49439619316663,0.197385634786822,0.433428836898669,0.236043202111847
"437145",0.702456419160174,1.06007855100255,0.898606141580296,0.161472409422258,0.35762213184238,0.196149722420123
"556769",0.615224061939288,1.39308433825456,1.01736458074222,0.375719757512338,0.777860276315268,0.40214051880293
"88247",0.0135820082183878,0.195269333197265,0.109438917858547,0.0858304153387177,0.181687324978877,0.0958569096401594
"331975",3.88991515554579,2.09880165437899,2.7387637088793,-0.639962054500307,-1.7911135011668,-1.15115144666649
"8127",1.0565050162818,1.69832490658177,1.4149737631047,0.283351143477078,0.641819890299977,0.358468746822899
"157063",0.960867206335888,1.13029459962907,1.06559237780437,0.064702221824706,0.169427393293186,0.10472517146848
"39333",3.64479293144221,1.27522405802929,1.99410777074896,-0.718883712719668,-2.36956887341292,-1.65068516069325
"209590",0.070081408096933,0.208537663988824,0.136471957340832,0.0720657066479919,0.138456255891891,0.0663905492438992
"278035",2.37863305287212,1.52077978956709,1.85708104570538,-0.336301256138285,-0.857853263305025,-0.52155200716674
"340049",0.427871316960097,0.169769294279683,0.256082298164817,-0.0863130038851331,-0.258102022680413,-0.17178901879528
"431286",0.232628198274144,0.552642966936458,0.41057933795916,0.142063628977298,0.320014768662314,0.177951139685016
"444847",0.0148300804883062,0.0752373316685936,0.0489045280396354,0.0263328036289582,0.0604072511802874,0.0340744475513292
"22851",0.0194231430594841,0.0886785558724497,0.0566896178685543,0.0319889380038954,0.0692554128129656,0.0372664748090702
"4256",4.48194339003881,1.54015468481035,2.529218177554,-0.989063492743648,-2.94178870522845,-1.9527252124848
"500010",0.0232153246708283,0.111085005892038,0.0768165309210058,0.0342684749710323,0.0878696812212099,0.0536012062501776
"74677",0.0985820652830303,0.196875264274149,0.150140488306892,0.0467347759672571,0.0982931989911182,0.0515584230238612
"119165",1.37352342631114,0.78347093687031,0.994792771476298,-0.211321834605988,-0.590052489440827,-0.378730654834839
"437478",1.15826956232098,1.49674221748138,1.38291561704445,0.113826600436936,0.338472655160398,0.224646054723462
"251554",1e-08,0.393437999047814,0.195746042432489,0.197691956615325,0.393437989047814,0.195746032432489
"406559",0.405449420827114,1.56047968166079,1.10544308655652,0.455036595104271,1.15503026083368,0.699993665729404
"174692",0.0650505422442871,0.295733364308404,0.184882137202268,0.110851227106136,0.230682822064117,0.119831594957981
"16991",0.562026259642112,1.06673858943038,0.835903882126032,0.230834707304352,0.504712329788272,0.27387762248392
"107806",0.147990863211377,0.21873454530533,0.188779258916376,0.0299552863889547,0.0707436820939539,0.0407883957049993
"439400",0.259590330988958,0.424409851289339,0.339830955724577,0.0845788955647623,0.164819520300382,0.0802406247356193
"175317",0.563448877811449,0.849883356094315,0.705501706335111,0.144381649759205,0.286434478282867,0.142052828523662
"31758",1.83671249113037,1.67194453512576,1.73438081549946,-0.0624362803737024,-0.16476795600461,-0.102331675630907
"423786",0.0873578094576817,0.129359283485392,0.108857070338105,0.0205022131472875,0.0420014740277108,0.0214992608804233
"517175",10,3.13593499484925,4.83498092567926,-1.69904593083001,-6.86406500515075,-5.16501907432074
"251330",1.25973296227786,1.67851520566928,1.48838232060392,0.190132885065364,0.418782243391426,0.228649358326062
"410636",1.26956271537746,1.57310107825356,1.43808973723129,0.135011341022267,0.303538362876096,0.16852702185383
"316273",1.44975401336127,0.961810457228935,1.15562462222378,-0.193814164994848,-0.487943556132334,-0.294129391137486
"505004",0.168013986682544,0.232672197041931,0.212222364430238,0.0204498326116929,0.0646582103593866,0.0442083777476936
"265694",2.45033882000824,1.3794147749755,1.780561359235,-0.401146584259499,-1.07092404503273,-0.669777460773235
"351040",10,3.0596327933954,4.82020050709555,-1.76056771370015,-6.9403672066046,-5.17979949290445
"420332",6.2546174586762,2.53135010302482,3.62897254218442,-1.0976224391596,-3.72326735565139,-2.62564491649179
"551096",10,3.86580018724006,6.04752804294779,-2.18172785570773,-6.13419981275994,-3.95247195705221
"399409",0.888062970718271,0.891903192572359,0.890029278732752,0.00187391383960733,0.00384022185408761,0.00196630801448028
"109269",7.36003958815486,1.86036032676243,3.38060096429915,-1.52024063753673,-5.49967926139243,-3.9794386238557
"262309",10,2.32380504001591,4.71502318765683,-2.39121814764093,-7.67619495998409,-5.28497681234317
"92595",0.0455854663932701,0.183770711348847,0.120427980729521,0.0633427306193263,0.138185244955577,0.0748425143362507
"153036",0.104488239503312,0.413288838057491,0.250127223603211,0.16316161445428,0.308800598554179,0.145638984099898
"116123",3.46856340880287,1.95858764246398,2.47162085584153,-0.513033213377559,-1.5099757663389,-0.996942552961338
"89449",5.04604264614099,1.13147843639972,2.37437838493084,-1.24289994853112,-3.91456420974127,-2.67166426121015
"478671",0.152328953337581,0.678070724009354,0.506644421787168,0.171426302222186,0.525741770671774,0.354315468449587
"176667",1.96736121431316,1.40938112071313,1.61708111913823,-0.207699998425096,-0.557980093600031,-0.350280095174935
"233058",9.37372361006937,4.66524492532869,5.76062405237101,-1.09537912704232,-4.70847868474068,-3.61309955769836
"2817",3.52347309411336,2.16636872263186,2.65504582628069,-0.488677103648826,-1.3571043714815,-0.86842726783267
"350740",6.07745324954546,3.08817747614419,4.01368274664048,-0.925505270496287,-2.98927577340127,-2.06377050290498
"7636",5.19111853808012,3.43140724626335,3.983025036998,-0.55161779073465,-1.75971129181677,-1.20809350108212
"88052",1.81214197423965,1.93970462896977,1.887844641283,0.0518599876867698,0.127562654730118,0.0757026670433483
"440957",0.000815374904605133,0.134325879750685,0.0742315363744475,0.0600943433762374,0.13351050484608,0.0734161614698424
"461075",1e-08,0.18062258848302,0.0966369695551697,0.0839856189278502,0.18062257848302,0.0966369595551697
"528596",0.6803185250953,0.329106260979995,0.477004133424589,-0.147897872444594,-0.351212264115306,-0.203314391670712
"415978",0.112556338635374,0.260946101608871,0.189079396111851,0.0718667054970198,0.148389762973497,0.0765230574764772
"82890",0.667427537507877,0.657294320071843,0.661168043298309,-0.00387372322646606,-0.0101332174360339,-0.00625949420956784
"125312",6.48639449228116,3.06671228326252,3.73131210599645,-0.664599822733927,-3.41968220901864,-2.75508238628471
"9055",0.609971799399763,0.424149446908386,0.504159723595541,-0.0800102766871554,-0.185822352491377,-0.105812075804222
"435968",1.32170692424656,0.798753108528912,0.991198953531167,-0.192445845002255,-0.522953815717652,-0.330507970715398
"431034",0.105488424331258,0.34238432932433,0.228023982365757,0.114360346958573,0.236895904993072,0.122535558034499
"157773",0.227836556099497,0.990094225254529,0.604950788005585,0.385143437248944,0.762257669155033,0.377114231906088
"244874",2.40085340344916,1.31973396301834,1.71936643975208,-0.399632476733744,-1.08111944043083,-0.681486963697084
"373222",1e-08,0.916798476762901,0.496064600402514,0.420733876360387,0.916798466762901,0.496064590402514
"440961",1.49199708598313,1.04818790264903,1.2278178326127,-0.179629929963674,-0.443809183334105,-0.264179253370431
"26768",0.491543503826905,0.837634511166689,0.68813891390305,0.149495597263638,0.346091007339784,0.196595410076146
"511378",1.9975496337182,1.45243569185903,1.6538321891828,-0.201396497323775,-0.545113941859175,-0.3437174445354
"503110",0.00921789072038621,0.196693918688451,0.10931683385312,0.0873770848353314,0.187476027968065,0.100098943132733
"277129",0.071870823143765,0.318877117305228,0.203321277571299,0.115555839733929,0.247006294161463,0.131450454427534
"557313",0.765108540194738,0.87539877522595,0.828515373493011,0.0468834017329394,0.110290235031212,0.0634068332982729
"287079",3.44590491736379,2.00700221235802,2.50046369445684,-0.49346148209882,-1.43890270500576,-0.945441222906944
"330009",0.5261683401149,0.402787727543322,0.457850106372493,-0.0550623788291717,-0.123380612571578,-0.0683182337424068
"564858",0.144471438766576,0.291319263208334,0.217808107539657,0.0735111556686772,0.146847824441759,0.0733366687730814
"304566",0.18838160161257,0.529790661511512,0.427421127103112,0.1023695344084,0.341409059898942,0.239039525490541
"506906",3.55565649278532,1.76788186235471,2.37066906765145,-0.602787205296747,-1.78777463043061,-1.18498742513386
"58912",10,4.0285766470288,6.16433817763984,-2.13576153061104,-5.9714233529712,-3.83566182236016
"462309",0.404044003269529,1.0197133832064,0.758875130225275,0.260838252981121,0.615669379936867,0.354831126955745
"199093",1.43111151439043,0.922499639792932,1.12143800402508,-0.198938364232145,-0.508611874597502,-0.309673510365358
"115092",0.0913132579163011,0.70953769835845,0.375757092070285,0.333780606288165,0.618224440442149,0.284443834153984
"316533",0.127368368505719,0.0679095316778111,0.0950252370864204,-0.0271157054086092,-0.0594588368279082,-0.032343131419299
"322410",0.206202749143632,0.690991916897028,0.467741348006184,0.223250568890844,0.484789167753396,0.261538598862552
"126654",4.27012107251273,3.13240941825843,3.48271502451411,-0.350305606255688,-1.13771165425431,-0.787406047998618
"238460",1.59083682730476,1.13968133052252,1.3275890664449,-0.187907735922383,-0.451155496782238,-0.263247760859855
"464062",2.37929469807683,1.86433384722041,2.07485311821693,-0.210519270996521,-0.514960850856415,-0.304441579859894
"11447",0.107290675520518,0.292352427247465,0.211332983897268,0.0810194433501977,0.185061751726947,0.10404230837675
"105650",0.301781453852639,0.621202219285835,0.47913432757585,0.142067891709985,0.319420765433196,0.177352873723211
"533419",1.84910964022555,1.85192551736469,1.85079975616818,0.00112576119651275,0.00281587713913911,0.00169011594262636
"235224",2.71401077958205,2.24144472921555,2.40678574437586,-0.165341015160306,-0.472566050366496,-0.307225035206191
"486809",0.0754139587904797,0.197508022918298,0.139393579338148,0.0581144435801501,0.122094064127818,0.0639796205476679
"514046",0.486686074827576,0.521307757839346,0.506074385397367,0.0152333724419791,0.0346216830117702,0.0193883105697911
"419346",0.291641287094177,1.01622412300968,0.630689325776664,0.385534797233011,0.724582835915498,0.339048038682487
"253267",1.03065013732937,1.0992353130699,1.07318139757921,0.0260539154906894,0.06858517574053,0.0425312602498407
"334352",0.160288064596552,0.138718084434497,0.149003533731277,-0.01028544929678,-0.0215699801620555,-0.0112845308652755
"372896",0.0516776109968644,0.0757775132475225,0.0637883639828417,0.0119891492646808,0.0240999022506581,0.0121107529859773
"383810",0.242124089505782,0.696269799128321,0.488100908966258,0.208168890162063,0.454145709622539,0.245976819460477
"436788",1e-08,0.105378848092417,0.0613873317941035,0.0439915162983134,0.105378838092417,0.0613873217941035
"345810",0.0286040641170318,0.143732477504621,0.0972377198477863,0.0464947576568351,0.11512841338759,0.0686336557307545
"91723",1.58287268013779e-08,0.23497260422853,0.128334943359293,0.106637660869237,0.234972588399803,0.128334927530566
"212393",0.154907670471112,0.180378416558428,0.168477085415558,0.0119013311428696,0.0254707460873158,0.0135694149444462
"570449",0.00858060688570699,0.0317143873430916,0.0210495744095223,0.0106648129335693,0.0231337804573846,0.0124689675238153
"92296",0.674163597256009,1.20371319741113,0.954145650508988,0.249567546902138,0.529549600155118,0.27998205325298
"436890",4.59031215761554,0.903655404729139,4.59031215761554,-3.68665675288641,-3.68665675288641,0
"101162",2.4554460812929,1.87307441345172,2.11243024130252,-0.239355827850803,-0.58237166784118,-0.343015839990377
"371629",10,3.29602864542985,4.97221668156669,-1.67618803613683,-6.70397135457015,-5.02778331843331
"400758",7.36870871644228,2.20108566221949,3.69745805536582,-1.49637239314633,-5.16762305422279,-3.67125066107645
"494113",5.63383277370503,3.11413691094392,3.88267904281646,-0.768542131872542,-2.51969586276112,-1.75115373088857
"94753",1.76826418728973,2.3592564964421,2.10865585917851,0.250600637263592,0.590992309152371,0.340391671888778
"158775",3.65633616532892,1.69952782486889,2.34346176957741,-0.64393394470852,-1.95680834046004,-1.31287439575152
"348660",10,4.18101118348602,6.18174608780371,-2.00073490431769,-5.81898881651398,-3.81825391219629
"195146",2.51183502554339,0.864708930810419,1.40555489182886,-0.54084596101844,-1.64712609473297,-1.10628013371453
"376410",1.12376682091707,1.02075742391199,1.06036199190923,-0.039604567997239,-0.103009397005071,-0.0634048290078322
"284235",0.582221078357926,0.982323747598948,0.806188117543293,0.176135630055655,0.400102669241021,0.223967039185367
"528965",0.013844493692003,0.118722855681364,0.068427853284793,0.0502950023965711,0.104878361989361,0.05458335959279
"215068",0.0730763288206679,0.515604372729599,0.292115073303246,0.223489299426353,0.442528043908931,0.219038744482578
"579604",0.299341083375563,0.733308093055216,0.527038580971363,0.206269512083853,0.433967009679653,0.2276974975958
"322859",0.0485875466824897,0.0932487104997059,0.0715858425210723,0.0216628679786336,0.0446611638172162,0.0229982958385825
"497065",0.241603727436652,0.618787442017267,0.454033635713326,0.164753806303941,0.377183714580615,0.212429908276674
"148012",3.20822480536273,1.78567668683247,2.2613490776194,-0.475672390786927,-1.42254811853026,-0.946875727743334
"411843",0.205581279629939,0.876134236515838,0.546316071803171,0.329818164712667,0.670552956885899,0.340734792173232
"572589",0.838560901273086,0.617198825310063,0.707043987443599,-0.0898451621335357,-0.221362075963023,-0.131516913829488
"402040",2.50091616598031,1.18497732087416,1.6625848677956,-0.477607546921437,-1.31593884510615,-0.838331298184715
"527191",5.03552074082843,2.550699659046,3.2616803488631,-0.710980689817105,-2.48482108178243,-1.77384039196533
"504992",0.288681940689368,0.525852910230347,0.417139758935345,0.108713151295001,0.237170969540979,0.128457818245978
"174709",0.597191468140375,0.667517207636372,0.641230601069712,0.0262866065666599,0.0703257394959967,0.0440391329293368
"302485",0.205795281442943,0.473436000329297,0.36399907658593,0.109436923743367,0.267640718886354,0.158203795142987
"392671",5.8568074722652,3.00141763164752,3.86573493483178,-0.864317303184258,-2.85538984061768,-1.99107253743342
"204761",2.14740801732077,0.882588875066892,1.40783048608956,-0.525241611022668,-1.26481914225388,-0.739577531231209
"313001",0.0662912722195203,0.0649053919286392,0.0655972549229712,-0.000691862994332021,-0.0013858802908811,-0.000694017296549082
"578254",4.30280459853175,1.31448430286891,2.262464303054,-0.947980000185087,-2.98832029566284,-2.04034029547775
"303868",1.54299352308856,1.07888925399993,1.27164987437788,-0.192760620377953,-0.464104269088628,-0.271343648710675
"330409",0.786002841933777,1.03761569242886,0.921461972199171,0.11615372022969,0.251612850495084,0.135459130265394
"261948",0.00456738755559379,0.0506883982839606,0.0290201977918608,0.0216682004920997,0.0461210107283668,0.024452810236267
"125105",0.932339157826066,1.35246929356605,1.18544548033231,0.167023813233739,0.42013013573998,0.253106322506241
"228614",1.23901058249441,0.977994905735434,1.07930750260063,-0.101312596865192,-0.261015676758974,-0.159703079893782
"453179",0.291181729692389,0.908126895980656,0.65354823066885,0.254578665311807,0.616945166288267,0.362366500976461
"184707",0.101844078944429,0.196273226546731,0.148532040263598,0.0477411862831326,0.0944291476023014,0.0466879613191688
"19064",3.41604996436339,1.79407714387893,2.34580322386051,-0.551726079981582,-1.62197282048445,-1.07024674050287
"438783",2.90356296863789,3.18711678041316,3.07580273677582,0.111314043637341,0.283553811775271,0.17223976813793
"51315",5.09278018567672,4.09202030227982,4.41960805755971,-0.327587755279897,-1.0007598833969,-0.673172128117004
"577578",1.68110670872022,1.75169298195552,1.72396410999667,0.0277288719588458,0.0705862732352986,0.0428574012764529
"69239",6.02456317283229,2.72159964057064,3.71101997987746,-0.989420339306821,-3.30296353226165,-2.31354319295483
"234623",0.242103613507155,0.276493502902698,0.260756710593851,0.0157367923088477,0.0343898893955429,0.0186530970866952
"65017",0.100896554956811,0.409942555156194,0.255500069827634,0.15444248532856,0.309046000199383,0.154603514870823
"370658",1.14528830985177,1.71408257067112,1.49648630807765,0.217596262593469,0.568794260819344,0.351197998225875
"413102",0.0933876540251178,0.0780297089768193,0.0853772935618841,-0.00734758458506483,-0.0153579450482985,-0.00801036046323371
"376483",0.374169475319378,0.540351768368652,0.46850466894581,0.0718470994228422,0.166182293049274,0.094335193626432
"107854",0.0195302792919593,0.120605432778735,0.0789547106381868,0.0416507221405486,0.101075153486776,0.0594244313462274
"402601",0.438978137709991,0.668333487631508,0.559230338519596,0.109103149111913,0.229355349921518,0.120252200809605
"487133",1.34686017209748,1.17793323111045,1.24716777336071,-0.0692345422502634,-0.168926940987032,-0.0996923987367684
"31674",0.478374397627984,0.695682252124673,0.61294450166964,0.0827377504550324,0.217307854496688,0.134570104041656
"147320",0.628971101320097,0.86794148480228,0.768528161790038,0.0994133230122413,0.238970383482182,0.139557060469941
"15663",0.105974303466107,0.258422216903035,0.179853174264183,0.0785690426388515,0.152447913436927,0.0738788707980756
"70930",2.42549609456087,1.48025662207114,1.84466292924113,-0.364406307169989,-0.945239472489726,-0.580833165319737
"50774",0.708632979109163,0.553525022911446,0.611184396054381,-0.057659373142935,-0.155107956197718,-0.0974485830547827
"334362",0.29705671542371,0.259453064413901,0.277978939040765,-0.0185258746268633,-0.0376036510098091,-0.0190777763829458
"483717",0.126071548021202,0.131267412448157,0.128937261002224,0.00233015144593293,0.00519586442695524,0.00286571298102231
"43242",1.94619205695459,0.690929033835997,1.16819924495599,-0.477270211119993,-1.25526302311859,-0.777992811998599
"30856",0.173491483028408,0.276611303873153,0.226569592577323,0.0500417112958294,0.103119820844745,0.0530781095489152
"503624",2.27654917394489,1.61003245927899,1.86950440149862,-0.259471942219621,-0.666516714665891,-0.40704477244627
"200268",1e-08,0.467918907566022,0.246433001352633,0.221485906213389,0.467918897566022,0.246432991352633
"342509",0.407737975035614,0.260321492098454,0.32018947960437,-0.0598679875059161,-0.14741648293716,-0.0875484954312439
"164509",0.519446829769362,0.896063158151207,0.706272814855357,0.18979034329585,0.376616328381844,0.186825985085995
"483116",2.12274037291307,1.160298457285,1.49383565417868,-0.33353719689368,-0.962441915628064,-0.628904718734384
"196628",1.77193228713068,0.73670484283681,1.13225269491062,-0.395547852073808,-1.03522744429387,-0.639679592220064
"440395",0.78865479042291,1.57106242663975,1.25253242342147,0.318530003218271,0.782407636216836,0.463877632998565
"40554",1.08925938251683,1.16976694290631,1.13758783502262,0.0321791078836968,0.0805075603894811,0.0483284525057843
"116560",0.173987768488996,0.397096353658583,0.315299188402986,0.0817971652555967,0.223108585169587,0.14131141991399
"77113",4.19209490847402,1.60347638667617,2.47873180508933,-0.875255418413159,-2.58861852179785,-1.71336310338469
"225449",0.0428397833782565,0.222598651955566,0.148155160918332,0.0744434910372341,0.179758868577309,0.105315377540075
"517948",0.719285350728825,0.71761848082511,0.718313878721791,-0.000695397896681493,-0.00166686990371578,-0.000971472007034291
"487745",0.253937673492547,0.400041171857106,0.325761353639224,0.0742798182178819,0.146103498364559,0.0718236801466774
"111133",2.05942195305229,1.35643344273054,1.60935025786267,-0.252916815132129,-0.702988510321749,-0.450071695189621
"389603",0.595803534401396,0.825648121499735,0.728801100859751,0.0968470206399835,0.229844587098339,0.132997566458355
"158477",0.101524193992325,0.317661084772932,0.215524749152136,0.102136335620796,0.216136890780607,0.11400055515981
"392442",2.84914791480509,0.804295920814362,1.49151857074301,-0.687222649928649,-2.04485199399073,-1.35762934406208
"498371",10,3.38547139778166,4.9063692415069,-1.52089784372524,-6.61452860221834,-5.0936307584931
"475235",0.0993692868071888,0.470142776004383,0.284110564376449,0.186032211627934,0.370773489197194,0.18474127756926
"193809",0.779590015270535,0.929884381891516,0.864787239979546,0.0650971419119701,0.150294366620981,0.0851972247090108
"81403",0.571065458342968,0.932980640025465,0.780291912818733,0.152688727206732,0.361915181682497,0.209226454475765
"418605",4.67167307806247,1.39176270061472,2.47588350815477,-1.08412080754004,-3.27991037744775,-2.19578956990771
"484249",1.23069494987984,0.702696326504448,0.882953700206619,-0.180257373702171,-0.52799862337539,-0.347741249673219
"234265",0.334650812913005,1.01096454443061,0.652879403363582,0.35808514106703,0.676313731517607,0.318228590450577
"360455",0.679617108877467,0.766449225715759,0.730165141691375,0.0362840840243837,0.086832116838292,0.0505480328139083
"560955",2.13515950926307,1.58980606074641,1.79783712753851,-0.208031066792095,-0.545353448516661,-0.337322381724566
"75785",1.11967867862048,0.855111397682563,0.951761372006382,-0.0966499743238191,-0.264567280937916,-0.167917306614097
"441126",6.96571765641362,2.23164977561539,3.60274252755118,-1.3710927519358,-4.73406788079823,-3.36297512886243
"167758",2.29265804594827,1.64360326241323,1.89733134903232,-0.253728086619084,-0.649054783535039,-0.395326696915954
"485471",1.64803555796349,0.974630616160485,1.19194862723396,-0.21731801107347,-0.673404941803004,-0.456086930729534
"464035",0.0622411437167347,0.103970002152716,0.0844755703806992,0.0194944317720164,0.0417288584359809,0.0222344266639645
"188375",0.099228168526888,0.445749262502556,0.264953676776171,0.180795585726385,0.346521093975668,0.165725508249283
"267923",0.405050328874046,0.828002175275543,0.62415581772865,0.203846357546893,0.422951846401496,0.219105488854603
"134340",5.80427680556287,2.81182079835269,3.70632889620264,-0.894508097849951,-2.99245600721018,-2.09794790936023
"42152",1.51956298795875,1.93379469939763,1.76800548624572,0.165789213151903,0.414231711438876,0.248442498286973
"501420",3.15723850985347,2.83832716782897,2.96055160148372,-0.122224433654758,-0.3189113420245,-0.196686908369742
"366697",1.00058470575182,0.383279489633101,0.601982135937724,-0.218702646304623,-0.617305216118721,-0.398602569814098
"530474",0.670218277192076,0.435632208106372,0.544479657803021,-0.108847449696649,-0.234586069085705,-0.125738619389056
"510329",1.77941348765096,1.10521581202215,1.39160769465698,-0.286391882634835,-0.67419767562881,-0.387805792993975
"95510",0.0765560361722564,0.322824075434717,0.195744733969299,0.127079341465418,0.246268039262461,0.119188697797042
"443153",1.05704926764174,0.913076041109742,0.96295120492489,-0.0498751638151486,-0.143973226531998,-0.0940980627168492
"39661",0.211976864567543,0.832557720916712,0.541668368520198,0.290889352396514,0.620580856349169,0.329691503952655
"140689",0.243911368887575,0.451248828460686,0.343722374354818,0.107526454105867,0.20733745957311,0.0998110054672431
"565924",1.37661654170421,1.07526176254023,1.19587098201558,-0.120609219475351,-0.301354779163985,-0.180745559688635
"551079",0.249112004750648,0.174248142329242,0.210011488356562,-0.0357633460273195,-0.0748638624214054,-0.039100516394086
"11693",0.164409068302534,0.214453576921372,0.192188995230075,0.0222645816912976,0.0500445086188385,0.0277799269275409
"273146",1e-08,0.37391511962206,0.17835696961105,0.19555815001101,0.37391510962206,0.17835695961105
"544668",2.41129612931054,1.44304877604817,1.81762123518647,-0.374572459138298,-0.968247353262364,-0.593674894124066
"397586",0.045342942012969,0.107441717865309,0.0783802317775623,0.0290614860877471,0.0620987758523404,0.0330372897645933
"290001",0.60320609728373,1.00423854093996,0.829272177505696,0.174966363434261,0.401032443656228,0.226066080221967
"450193",0.0302395461241325,0.219511926373145,0.130613581810805,0.0888983445623401,0.189272380249012,0.100374035686672
"261739",4.98971692956564,2.62323654492827,3.26992003893979,-0.646683494011522,-2.36648038463737,-1.71979689062585
"293099",1.91465588048386,1.58154580011612,1.70670456513172,-0.125158765015601,-0.333110080367741,-0.20795131535214
"27947",2.06461082723936,1.56248690406783,1.75421808064007,-0.191731176572232,-0.502123923171527,-0.310392746599295
"469318",1.20363667148059,1.43060668199903,1.33374863300474,0.0968580489942932,0.226970010518439,0.130111961524146
"34966",4.4378613093748,1.27197409110888,2.2790669597528,-1.00709286864392,-3.16588721826592,-2.158794349622
"23644",0.431668387566207,0.381017754781705,0.401854997189637,-0.0208372424079315,-0.050650632784502,-0.0298133903765705
"309180",0.724583808319801,1.15394157812254,0.955171975231422,0.198769602891118,0.429357769802738,0.230588166911621
"316578",0.105465537496778,0.163288098194829,0.135314361513198,0.0279737366816308,0.0578225606980504,0.0298488240164196
"146065",2.81148537813485,1.36607213926874,1.92732842640326,-0.561256287134519,-1.44541323886612,-0.884156951731598
"177680",1.84218013462974,0.610191883008221,1.04757124501937,-0.437379362011151,-1.23198825162151,-0.794608889610364
"166035",1e-08,0.0973290763222438,0.0503758732961986,0.0469532030260451,0.0973290663222438,0.0503758632961986
"189874",0.214270856390036,0.297440912361284,0.255992188616816,0.0414487237444675,0.0831700559712482,0.0417213322267808
"128733",1.50480387836403,0.894895193600723,1.13668383763292,-0.241788644032201,-0.609908684763305,-0.368120040731104
"474574",0.739541416182805,0.587218932493966,0.648926625463111,-0.0617076929691447,-0.152322483688839,-0.0906147907196946
"339167",0.437303050486594,0.583252943721246,0.515690320709683,0.0675626230115629,0.145949893234652,0.0783872702230886
"334875",4.28608396213379,1.46979132502658,2.39700758761133,-0.927216262584753,-2.81629263710722,-1.88907637452246
"369408",4.5292751997582,1.17931897670683,2.23074742261793,-1.0514284459111,-3.34995622305137,-2.29852777714027
"126110",0.0314386190537008,0.106289014583735,0.0699445300531208,0.0363444845306138,0.0748503955300337,0.0385059109994199
"283700",0.463296961387115,0.71537241718101,0.594327582328129,0.121044834852881,0.252075455793895,0.131030620941014
"175366",1.51546461494693,0.885534936162579,1.13397531567119,-0.248440379508607,-0.629929678784347,-0.381489299275739
"109811",1.19156303695669,1.55828126712366,1.39895379069374,0.159327476429916,0.366718230166968,0.207390753737052
"166338",0.702816042690794,0.770075121554262,0.74266755788946,0.0274075636648021,0.0672590788634682,0.039851515198666
"494178",0.489910496019847,0.525351543357268,0.509457880343886,0.0158936630133814,0.0354410473374209,0.0195473843240395
"93908",2.56882941990502,1.0030603823435,1.55167360130957,-0.548613218966064,-1.56576903756151,-1.01715581859545
"526641",10,4.29136998202715,6.26707218843404,-1.97570220640689,-5.70863001797285,-3.73292781156596
"87597",0.0458613214483781,0.185071003966984,0.114585709458905,0.0704852945080785,0.139209682518606,0.0687243880105272
"34869",0.256325603998412,0.248287708362534,0.251954417479809,-0.00366670911727443,-0.00803789563587751,-0.00437118651860308
"7828",0.0914146079236849,0.655115732894239,0.407121998085464,0.247993734808775,0.563701124970554,0.315707390161779
"234400",1.43580771980034,1.1151625370602,1.24420731088752,-0.129044773827318,-0.320645182740146,-0.191600408912828
"403551",1e-08,0.182118455173319,0.0950868794426537,0.087031575730665,0.182118445173319,0.0950868694426537
"55746",0.06282347522453,0.261640607422255,0.161434121826444,0.100206485595811,0.198817132197725,0.0986106466019143
"495611",0.287049184542456,0.194625796737371,0.223732992385206,-0.0291071956478351,-0.0924233878050846,-0.0633161921572495
"346396",1.58211329253479,0.660753931806568,0.991458709118686,-0.330704777312118,-0.921359360728222,-0.590654583416103
"240641",1.1775414286128,0.458617787295485,0.745966170407453,-0.287348383111967,-0.718923641317318,-0.431575258205351
"252144",5.368754298463,1.88501942972036,2.83069580961207,-0.945676379891703,-3.48373486874264,-2.53805848885093
"196764",0.17993546423104,0.949280146152661,0.629341783484657,0.319938362668004,0.769344681921621,0.449406319253617
"427745",0.212949717787453,0.29913687708667,0.256502865480599,0.0426340116060714,0.0861871592992177,0.0435531476931464
"315905",3.47276628226592,1.86763270519774,2.41661274302152,-0.548980037823781,-1.60513357706818,-1.0561535392444
"339642",2.66962699382434,2.88825545207264,2.80735879916916,0.0808966529034869,0.218628458248302,0.137731805344815
"563259",9.39404102897937,4.64860376443623,5.73407547238555,-1.08547170794933,-4.74543726454314,-3.65996555659381
"566012",0.236965051038234,0.415847217800638,0.323346142319122,0.0925010754815169,0.178882166762404,0.0863810912808874
"254676",0.321741433322931,0.54345138662806,0.447506945189307,0.0959444414387531,0.221709953305129,0.125765511866376
"568483",0.0345340305046074,0.0853342664492489,0.0614813644859041,0.0238529019633448,0.0508002359446416,0.0269473339812967
"108917",0.313853812982384,0.39087017220782,0.359417530866553,0.0314526413412671,0.0770163592254356,0.0455637178841685
"59525",0.0767500955482681,0.445308642622458,0.308250417750404,0.137058224872054,0.36855854707419,0.231500322202136
"149130",10,6.74168589998849,9.67870985442474,-2.93702395443626,-3.25831410001151,-0.321290145575258
"166917",10,3.38811397038131,5.62244520610837,-2.23433123572706,-6.61188602961869,-4.37755479389163
"237181",10,5.03108026249812,8.52666338593608,-3.49558312343796,-4.96891973750188,-1.47333661406392
"273462",10,4.4423283145775,6.21294626259149,-1.770617948014,-5.5576716854225,-3.78705373740851
"291799",10,8.15487286270449,10,-1.84512713729551,-1.84512713729551,0
"31432",6.82452528065174,2.55702920171407,3.82365166922874,-1.26662246751467,-4.26749607893767,-3.00087361142299
"352732",10,3.95279430637987,7.70952203344224,-3.75672772706237,-6.04720569362012,-2.29047796655776
"429196",5.99490007903154,3.06896526510714,3.96267279946754,-0.893707534360398,-2.9259348139244,-2.032227279564
"462311",6.43838050205138,2.83147599308485,3.92226392003591,-1.09078792695105,-3.60690450896653,-2.51611658201548
"7995",10,5.23673405645756,8.68693377445314,-3.45019971799558,-4.76326594354244,-1.31306622554686
"83631",10,6.66570269562141,9.62893869878321,-2.9632360031618,-3.33429730437859,-0.371061301216789
"436117",2.57262813929445,2.25389889288856,2.3624071265352,-0.108508233646644,-0.318729246405894,-0.21022101275925
"543389",5.23478879618251,2.42232547617362,3.18698193596688,-0.764656459793262,-2.81246332000889,-2.04780686021562
"9900",2.52068886902647,0.987479370216291,1.51484967312805,-0.527370302911763,-1.53320949881018,-1.00583919589841
"375813",0.0679405214650208,0.227527676390462,0.145025774163544,0.0825019022269178,0.159587154925441,0.0770852526985234
"436804",1.37635041200645,1.18547237006764,1.26272693990895,-0.0772545698413101,-0.190878041938806,-0.113623472097496
"464063",4.33629663874699,1.70725724272012,2.6223240136644,-0.915066770944277,-2.62903939602687,-1.71397262508259
"318199",0.355449787078278,0.443889192057161,0.406073139227158,0.0378160528300031,0.0884394049788838,0.0506233521488808
"526908",0.429884689999905,0.483651735311674,0.460460243600373,0.0231914917113012,0.0537670453117692,0.0305755536004679
"171377",1.86414088973946,0.470950433121347,0.944990806972388,-0.47404037385104,-1.39319045661811,-0.919150082767071
"522663",0.0480658161039198,0.102183586899727,0.0768896364941993,0.0252939504055278,0.0541177707958074,0.0288238203902796
"33575",1e-08,0.515984491245379,0.281898159617663,0.234086331627716,0.515984481245379,0.281898149617663
"406193",5.75123620111334,3.02207778600084,3.87636644594112,-0.854288659940281,-2.72915841511249,-1.87486975517221
"279773",1.12804286259636,1.1327745808465,1.13086739379214,0.00190718705436232,0.00473171825013896,0.00282453119577664
"556737",5.51583423954517,3.62260013389422,4.23244350105163,-0.609843367157413,-1.89323410565096,-1.28339073849354
"577214",10,6.82370746452227,8.83545985417152,-2.01175238964925,-3.17629253547773,-1.16454014582848
"370480",0.428307651181584,0.452346665062164,0.441500827995723,0.0108458370664404,0.0240390138805796,0.0131931768141391
"558706",1.91418760784803,1.62034606069926,1.73198094753004,-0.111634886830783,-0.293841547148765,-0.182206660317982
"440941",0.511236094039938,0.338502305247338,0.410740981734481,-0.0722386764871432,-0.1727337887926,-0.100495112305457
"302509",3.1358393488774,2.05907992707616,2.42516662291206,-0.366086695835902,-1.07675942180124,-0.710672725965339
"122913",0.0317910312057507,0.093854178240266,0.0654325083696918,0.0284216698705741,0.0620631470345153,0.0336414771639412
"543410",1.96194815422346,0.508286725736713,1.01642068147555,-0.50813395573884,-1.45366142848675,-0.945527472747912
"486237",1.53928197451016,1.22792424742796,1.36017146419814,-0.132247216770184,-0.311357727082199,-0.179110510312015
"52948",1.53958370765328,1.80184771056715,1.69798305456971,0.103864655997439,0.26226400291387,0.158399346916431
"80168",0.104935044456186,0.201245132673022,0.152032754574146,0.0492123780988763,0.0963100882168365,0.0470977101179602
"154841",0.172934633673199,0.651058619950776,0.386733737571046,0.26432488237973,0.478123986277577,0.213799103897847
"89247",2.58206753754095,1.00541045974235,1.55982228705324,-0.554411827310888,-1.5766570777986,-1.02224525048771
"564033",0.557837053448468,0.934419816323097,0.774544371354021,0.159875444969076,0.376582762874628,0.216707317905553
"536109",0.00962452935354324,0.0988644991869614,0.0553559619262675,0.0435085372606939,0.0892399698334181,0.0457314325727243
"354528",0.093926853282666,0.143474586518731,0.120862047357552,0.022612539161179,0.0495477332360653,0.0269351940748863
"24680",0.040424829741047,0.342106229568599,0.193468805849134,0.148637423719465,0.301681399827552,0.153043976108087
"267008",0.0692171378384632,0.392499563452279,0.23872140225134,0.153778161200939,0.323282425613815,0.169504264412877
"396414",0.312494605384371,0.566137450565769,0.453026336615017,0.113111113950752,0.253642845181398,0.140531731230646
"568848",3.01935261726441,1.75236171809263,2.15340888201565,-0.401047163923013,-1.26699089917178,-0.865943735248766
"481978",0.0979489584145449,0.398528977936631,0.265376201680683,0.133152776255947,0.300580019522086,0.167427243266138
"122259",6.7793310719519,2.60407092198281,3.85524055937371,-1.2511696373909,-4.17526014996908,-2.92409051257818
"323939",9.47295227650394,4.89088214955705,5.98974154553653,-1.09885939597949,-4.58207012694689,-3.4832107309674
"329258",6.24870922393041,2.85145453817873,3.88560069829848,-1.03414616011974,-3.39725468575167,-2.36310852563193
"531631",5.29515936938706,2.57524375279884,3.38386868818685,-0.808624935388009,-2.71991561658822,-1.91129068120021
"104544",0.506560701850544,0.546671892665836,0.528969231691335,0.0177026609745009,0.0401111908152918,0.0224085298407909
"579204",0.481728955538273,0.400341170665305,0.435364405652734,-0.0350232349874291,-0.0813877848729682,-0.0463645498855391
"30063",6.42181979262155,1.9864603259485,3.2186591978541,-1.23219887190559,-4.43535946667305,-3.20316059476746
"422043",3.987521467996,1.36284451508269,2.19348798165639,-0.830643466573701,-2.62467695291331,-1.79403348633961
"559254",2.21448305254798,1.81373415592214,1.97540543856895,-0.161671282646808,-0.40074889662584,-0.239077613979032
"277273",0.940750626688723,1.37814244720579,1.20337940904213,0.174763038163658,0.437391820517068,0.26262878235341
"510008",2.47965453988399,2.50750030233821,2.49710797062159,0.0103923317166168,0.0278457624542185,0.0174534307376017
"138049",10,4.76210465507268,9.48943401795961,-4.72732936288693,-5.23789534492732,-0.510565982040388
"236566",10,3.05616918480696,5.32249240173502,-2.26632321692806,-6.94383081519304,-4.67750759826498
"307504",10,3.45171888077888,6.9722483023367,-3.52052942155781,-6.54828111922112,-3.0277516976633
"478160",10,4.76210465507268,9.48943401795961,-4.72732936288693,-5.23789534492732,-0.510565982040388
"494737",10,2.77274926363837,6.57312939811871,-3.80038013448034,-7.22725073636163,-3.42687060188129
"37284",0.444761848481093,0.213131263068127,0.296403390600041,-0.0832721275319132,-0.231630585412966,-0.148358457881053
"300400",0.0399710369032495,0.303172590705195,0.177147562204231,0.126025028500964,0.263201553801946,0.137176525300982
"380929",2.02169625018871,1.30377787818128,1.5583896565178,-0.254611778336524,-0.717918372007435,-0.463306593670911
"116717",0.131770312272805,0.379772483283337,0.287588582636289,0.0921839006470482,0.248002171010533,0.155818270363485
"325814",1.81482309740321,1.65921375158922,1.71924621372607,-0.0600324621368462,-0.155609345813992,-0.0955768836771453
"399180",0.216866981197711,0.520023850965161,0.392244174710916,0.127779676254245,0.30315686976745,0.175377193513205
"529067",2.90261728778058,0.828973255157595,1.53590537630834,-0.70693212115074,-2.07364403262299,-1.36671191147225
"203770",3.30231460911656,2.15712432509833,2.55410445072198,-0.396980125623653,-1.14519028401823,-0.748210158394579
"550360",2.29761079491543,2.57107474975851,2.47384744853273,0.0972273012257827,0.273463954843075,0.176236653617293
"556916",3.54328796052366,1.33844686981158,2.00900538837187,-0.670558518560295,-2.20484109071208,-1.53428257215178
"211186",0.0634165988022459,0.298826006212735,0.182719231074713,0.116106775138022,0.235409407410489,0.119302632272467
"340520",1.88453482539335,1.41980961239445,1.58857184447357,-0.168762232079122,-0.464725212998901,-0.295962980919779
"97490",0.248965848886884,0.266909153654834,0.258258791773665,0.00865036188116958,0.0179433047679503,0.00929294288678076
"428838",0.122583457286669,0.247538862646014,0.194232352071015,0.0533065105749996,0.124955405359346,0.071648894784346
"100329",0.663679039718039,0.819485716309057,0.753632103279092,0.0658536130299652,0.155806676591018,0.0899530635610528
"474645",1e-08,0.0731466671535629,0.0386037187988404,0.0345429483547224,0.0731466571535629,0.0386037087988404
"316448",0.885643159884105,0.637266691521573,0.741163397792527,-0.103896706270954,-0.248376468362532,-0.144479762091578
"545750",0.854908648876195,0.831504155144958,0.84174450123904,-0.0102403460940814,-0.0234044937312363,-0.0131641476371549
"178471",0.284445650755566,0.585589399275651,0.452635639287193,0.132953759988459,0.301143748520085,0.168189988531626
"524280",0.435884463805077,0.752716019360556,0.592479139863547,0.160236879497009,0.316831555555479,0.15659467605847
"201177",0.0304290734250534,0.117200489430325,0.0726923160687496,0.0445081733615755,0.0867714160052717,0.0422632426436963
"437459",0.659192939479536,0.775942392600452,0.72619819067468,0.0497442019257722,0.116749453120916,0.0670052511951441
"7830",0.157521837045805,0.42611881527747,0.282180174128074,0.143938641149396,0.268596978231665,0.124658337082269
"129639",1.14406387765936,0.667727048707647,0.871593759082969,-0.203866710375321,-0.476336828951717,-0.272470118576396
"150427",0.573667145957747,0.658679597530803,0.625002695652221,0.0336769018785825,0.0850124515730563,0.0513355496944737
"547293",0.100170563090273,0.161017954369605,0.135024158611876,0.0259937957577294,0.0608473912793322,0.0348535955216028
"17248",4.41511820494928,3.78380354422053,3.9800445374182,-0.196240993197661,-0.631314660728746,-0.435073667531085
"175681",1.54053435311874,1.69807666508502,1.63836619577471,0.0597104693103114,0.15754231196628,0.0978318426559686
"234852",10,5.9261889165309,7.56491718213576,-1.63872826560486,-4.0738110834691,-2.43508281786424
"94734",1.669130099049,1.45824429250273,1.53575496617113,-0.0775106736684008,-0.210885806546266,-0.133375132877866
"415194",0.350328823830373,0.592553229469772,0.479243752072478,0.113309477397294,0.242224405639399,0.128914928242105
"517284",0.0520283446513026,0.212054163798,0.134241459179293,0.0778127046187071,0.160025819146698,0.0822131145279905
"441620",0.768124138641072,0.618793079706917,0.676293465497795,-0.0575003857908779,-0.149331058934155,-0.0918306731432771
"63502",0.727890439251257,0.855421513534143,0.801361431548358,0.0540600819857847,0.127531074282886,0.0734709922971014
"60968",0.146310896959104,0.208595721830033,0.179937134410172,0.0286585874198608,0.0622848248709284,0.0336262374510676
"368751",0.0201554809617284,0.114401912892565,0.0690701315261385,0.0453317813664266,0.0942464319308367,0.0489146505644101
"152355",0.903754801934571,0.678633155760328,0.772226053239456,-0.0935928974791281,-0.225121646174243,-0.131528748695115
"431132",0.0689122837882078,0.227387095318715,0.150270266581902,0.0771168287368132,0.158474811530508,0.0813579827936943
"257523",1.51150285717955,0.903579992234094,1.13882147809362,-0.235241485859526,-0.607922864945456,-0.37268137908593
"308559",2.49023206696917,0.96406456398956,1.48062141199799,-0.516556848008425,-1.52616750297961,-1.00961065497118
"174572",10,3.53658133387844,5.18109841936374,-1.6445170854853,-6.46341866612156,-4.81890158063626
"189592",10,3.761841276859,5.22580344333702,-1.46396216647802,-6.238158723141,-4.77419655666298
"23301",4.26868216823647,1.80425966068185,2.65612784614267,-0.851868185460819,-2.46442250755462,-1.6125543220938
"440656",7.23424316775743,2.20911895161568,3.66801081271624,-1.45889186110056,-5.02512421614175,-3.56623235504119
"577794",10,2.61827198556607,4.99495814645402,-2.37668616088795,-7.38172801443393,-5.00504185354598
"255430",2.16826665546918,1.28322077464377,1.60426839486545,-0.321047620221678,-0.885045880825411,-0.563998260603733
"110703",3.98048086933711,3.35250608420264,3.53699577136469,-0.184489687162055,-0.627974785134477,-0.443485097972422
"31920",1.98309941936824,1.8039074581515,1.87569648299946,-0.0717890248479547,-0.179191961216734,-0.10740293636878
"319273",1.77615094843045,1.69096344198513,1.7229011492817,-0.0319377072965701,-0.0851875064453229,-0.0532497991487528
"404088",0.202273909666661,1.35449517798926,0.812418224310829,0.542076953678433,1.1522212683226,0.610144314644168
"20261",0.0824092365085706,0.292590230127185,0.191083061184821,0.101507168942364,0.210180993618614,0.108673824676251
"415777",0.169482475025647,0.317968765306507,0.263922238749639,0.0540465265568676,0.14848629028086,0.0944397637239923
"113552",0.624323369892305,1.09608019265098,0.877394203220258,0.218685989430727,0.471756822758679,0.253070833327952
"49911",0.301706313164279,1.17553487911978,0.820747889076676,0.354786990043109,0.873828565955506,0.519041575912397
"129391",0.0107954561385996,0.317582835299458,0.200615437093064,0.116967398206394,0.306787379160858,0.189819980954465
"326249",2.70259302300298,0.980789016495964,1.58759199552944,-0.60680297903348,-1.72180400650702,-1.11500102747354
"182204",4.17170646938596,1.55455475488203,2.42357215487069,-0.869017399988663,-2.61715171450393,-1.74813431451527
"101372",0.190142921683143,0.242506359201223,0.217464749324544,0.0250416098766797,0.0523634375180808,0.0273218276414011
"474663",4.99961641273054,2.70172418408762,3.37333662684299,-0.671612442755369,-2.29789222864292,-1.62627978588755
"518012",0.375761745067957,0.329660556925466,0.347812224643487,-0.0181516677180202,-0.0461011881424908,-0.0279495204244706
"112335",0.0761138383965919,0.331031184509979,0.217594134611324,0.113437049898655,0.254917346113387,0.141480296214732
"290005",1.04655813212686,0.73235893779923,0.836919119247982,-0.104560181448752,-0.314199194327633,-0.209639012878881
"35117",0.0287836462610274,0.108261589250365,0.0763020288430575,0.0319595604073076,0.0794779429893377,0.0475183825820301
"315213",0.0399460429696786,0.830041940782719,0.484359410419673,0.345682530363046,0.79009589781304,0.444413367449994
"366591",0.0152344045729078,0.150096554713609,0.0844402585297863,0.0656562961838227,0.134862150140701,0.0692058539568784
"141299",0.227929347375742,0.579537454783272,0.421084182993212,0.15845327179006,0.35160810740753,0.193154835617469
"131036",0.430364171236507,0.971183492554744,0.694546179628714,0.27663731292603,0.540819321318237,0.264182008392207
"19052",9.31825303715231,4.99933939994418,6.03675966208433,-1.03742026214015,-4.31891363720813,-3.28149337506798
"302251",0.739822540422112,0.486914177918246,0.57435513058395,-0.0874409526657041,-0.252908362503866,-0.165467409838162
"559619",1.38235102292865,1.15450784520167,1.24836014920355,-0.0938523040018806,-0.227843177726987,-0.133990873725106
"2674",0.520175077244759,1.37770994958925,1.07010319415786,0.30760675543139,0.857534872344489,0.549928116913099
"502871",0.86155708277589,0.665944635333527,0.747296778747822,-0.0813521434142951,-0.195612447442363,-0.114260304028067
"386674",0.118818355027012,0.549112140870148,0.357988169119132,0.191123971751016,0.430293785843136,0.23916981409212
"234549",5.19539872521713,1.24973232341801,2.54743961606687,-1.29770729264886,-3.94566640179912,-2.64795910915026
"121741",0.0294373845455359,0.328186341754578,0.187230584471671,0.140955757282906,0.298748957209042,0.157793199926136
"485560",1.44638765084091,2.36924541851599,1.98242268791804,0.386822730597943,0.922857767675074,0.536035037077131
"476772",6.98503166836392,1.67999612280875,3.10442782124542,-1.42443169843667,-5.30503554555517,-3.8806038471185
"204273",0.269524872382337,1.56665213375433,0.918037776216468,0.648614357537861,1.29712726137199,0.648512903834131
"193966",0.0191667499228357,0.19013102623949,0.105774564696513,0.0843564615429767,0.170964276316654,0.0866078147736774
"277112",1e-08,0.098091919192398,0.0553553150999209,0.0427366040924771,0.098091909192398,0.0553553050999208
"199980",0.710989739339614,0.474689977732401,0.557003438158934,-0.0823134604265338,-0.236299761607214,-0.15398630118068
"463540",10,4.23442667606209,6.33235196508947,-2.09792528902738,-5.76557332393791,-3.66764803491053
"474949",0.275810800749734,0.550354825532978,0.423472304449706,0.126882521083273,0.274544024783245,0.147661503699972
"449684",10,2.20284355963047,4.46418552256732,-2.26134196293686,-7.79715644036953,-5.53581447743268
"233127",0.888075331164558,0.817689249558123,0.847749726115978,-0.0300604765578552,-0.0703860816064349,-0.0403256050485797
"40285",2.62307059349971,0.893013298286805,1.48848573178096,-0.595472433494151,-1.73005729521291,-1.13458486171876
"153879",0.15132447858166,0.528929298689655,0.331963527046399,0.196965771643256,0.377604820107995,0.180639048464739
"477918",0.472063486891684,0.643068960693551,0.575615527501361,0.0674534331921898,0.171005473801868,0.103552040609678
"522267",0.042411470571995,0.176772449535963,0.115807652533833,0.0609647970021303,0.134360978963968,0.0733961819618378
"144561",7.35701681473621,2.08631586194594,3.59632408697541,-1.51000822502947,-5.27070095279028,-3.7606927277608
"549345",10,2.73308438403961,4.90762258836397,-2.17453820432436,-7.26691561596039,-5.09237741163603
"125130",0.00121209012349384,0.350405622404457,0.185247330095708,0.165158292308749,0.349193532280963,0.184035239972214
"171023",0.561998163565775,0.583958568509725,0.573464752905465,0.0104938156042597,0.0219604049439496,0.0114665893396899
"295415",6.5070748116525,2.45587818958893,3.63126687332157,-1.17538868373264,-4.05119662206357,-2.87580793833093
"125198",0.290300868732653,0.380272462942436,0.345935453652175,0.0343370092902611,0.0899715942097824,0.0556345849195213
"202088",1.92528341581807,1.44591647951784,1.62168062687659,-0.175764147358752,-0.479366936300237,-0.303602788941485
"551346",2.55885493904802,2.19237890869553,2.32120473298365,-0.128825824288124,-0.366476030352489,-0.237650206064365
"289788",2.84287117864486,2.22479633032647,2.43735294361392,-0.212556613287449,-0.618074848318388,-0.405518235030939
"291395",5.18059805786357,3.12046825777939,3.74158601785729,-0.621117760077901,-2.06012980008417,-1.43901204000627
"39529",3.14788304624456,2.05680661170029,2.42922688411851,-0.372420272418224,-1.09107643454428,-0.718656162126052
"432108",5.25141519684606,3.37645867948826,3.95455198381068,-0.578093304322422,-1.8749565173578,-1.29686321303538
"548306",2.56993173032489,2.8340410196659,2.73764521971405,0.0963957999518503,0.264109289341009,0.167713489389159
"476041",0.0647241817112237,0.135947736930347,0.104266914072468,0.031680822857879,0.0712235552191233,0.0395427323612443
"257451",2.83021537006211,2.36565676660901,2.53221362461261,-0.166556858003601,-0.464558603453107,-0.298001745449506
"344430",0.140761507305156,0.293221766899876,0.220020846823059,0.0732009200768164,0.152460259594719,0.0792593395179028
"439663",3.02480774621925,2.00469986425432,2.35257271260437,-0.347872848350047,-1.02010788196492,-0.672235033614877
"395210",2.38112811495025,1.01926474343558,1.47795023846164,-0.458685495026062,-1.36186337151467,-0.903177876488607
"458815",3.86218995747291,2.2661434827469,2.84734343517774,-0.581199952430839,-1.59604647472601,-1.01484652229517
"85804",10,4.06470177695129,5.7154486005435,-1.6507468235922,-5.93529822304871,-4.2845513994565
"454781",0.148926250343076,0.253318915617374,0.206514128705863,0.0468047869115114,0.104392665274298,0.0575878783627869
"492131",0.933200720865187,0.9394021070517,0.936727694194344,0.0026744128573557,0.00620138618651234,0.00352697332915664
"384978",0.753106063308894,1.02887158565383,0.906740491468408,0.122131094185425,0.275765522344939,0.153634428159514
"336715",0.180412474906238,0.136200472641791,0.156832687611015,-0.0206322149692245,-0.0442120022644468,-0.0235797872952223
"435306",0.172718659916252,0.26621097977595,0.234401107787836,0.0318098719881137,0.0934923198596975,0.0616824478715838
"421816",0.264583572094396,0.744316292687916,0.512771616897822,0.231544675790093,0.479732720593519,0.248188044803426
"216772",0.0851781254399776,0.199026221936843,0.14585085009083,0.0531753718460125,0.113848096496865,0.0606727246508527
"388242",4.71300171376583,3.66152512392174,4.00443036859031,-0.342905244668572,-1.05147658984409,-0.708571345175521
"314919",0.00272209355375645,0.195868301747851,0.111481417226571,0.0843868845212793,0.193146208194094,0.108759323672815
"129481",0.00888107437146391,0.0584403729908123,0.0343257244359296,0.0241146485548828,0.0495592986193484,0.0254446500644656
"503365",1.21279844924343,1.44773083603076,1.35844416475888,0.0892866712718783,0.234932386787324,0.145645715515445
"425278",0.722857536170257,0.86019743510877,0.802196801374069,0.0580006337347008,0.137339898938513,0.0793392652038121
"295240",2.42887831794101,1.26689927983896,1.70258159571077,-0.435682315871807,-1.16197903810205,-0.726296722230239
"509122",2.16534051512721,1.27816521705027,1.59984899652788,-0.321683779477607,-0.887175298076941,-0.565491518599334
"530035",1.30106776618856,1.99832839306993,1.73483287262159,0.263495520448345,0.697260626881372,0.433765106433027
"32029",0.117043190355972,0.589472804850599,0.325832299294175,0.263640505556424,0.472429614494628,0.208789108938203
"141507",2.23452144802877,1.63563160429114,1.872746641916,-0.237115037624859,-0.59888984373763,-0.361774806112771
"4490",0.723282217905849,0.636463123799376,0.670258018131619,-0.0337948943322431,-0.0868190941064728,-0.0530241997742297
"287768",2.55470745844957,1.15528233931363,1.66667981379118,-0.511397474477552,-1.39942511913594,-0.888027644658385
"490363",0.148132017502847,0.6887695729846,0.435421831486698,0.253347741497902,0.540637555481753,0.287289813983852
"292978",0.16253559255856,0.247009007375289,0.218183384944485,0.0288256224308044,0.0844734148167293,0.055647792385925
"223738",1.00235780981782,1.41635509108951,1.24526364715397,0.171091443935544,0.413997281271697,0.242905837336153
"260945",4.37313283064286,1.28187432403899,2.25653195687473,-0.974657632835733,-3.09125850660387,-2.11660087376813
"515229",0.31267713000569,1.22502224206691,0.830095618831235,0.394926623235675,0.91234511206122,0.517418488825545
"548834",2.90608018797369,2.32968214204048,2.52903547298801,-0.199353330947529,-0.576398045933216,-0.377044714985686
"79780",3.55723493139689,2.09704269644683,2.60150087923698,-0.504458182790152,-1.46019223495006,-0.955734052159911
"116834",1.26333646941384,1.25279653710426,1.25729120028075,-0.00449466317648795,-0.0105399323095721,-0.00604526913308412
"394637",0.0994196727990501,0.279976715657546,0.195770097588908,0.0842066180686379,0.180557042858496,0.0963504247898579
"529294",0.0380093654266904,0.25531292487732,0.148813849549463,0.106499075327856,0.217303559450629,0.110804484122773
"227473",0.216241580244736,0.323964707122557,0.270220938383614,0.053743768738943,0.107723126877821,0.0539793581388778
"424860",0.796126762748431,0.141132425236716,0.796126762748431,-0.654994337511715,-0.654994337511715,0
"464993",0.0974719623111558,0.07228045133775,0.0839770078373633,-0.0116965564996133,-0.0251915109734058,-0.0134949544737925
"353039",1.83854681512917,0.960538927490041,1.32018268734456,-0.359643759854522,-0.878007887639131,-0.518364127784608
"442650",1.99491208668958,1.58907998284567,1.74937369253933,-0.160293709693664,-0.405832103843911,-0.245538394150247
"86336",0.188117016174993,0.29785497480819,0.241861014181703,0.0559939606264872,0.109737958633197,0.0537439980067099
"465285",0.263543120956753,0.49720017494937,0.399741248562325,0.0974589263870443,0.233657053992616,0.136198127605572
"478521",1.63040405013835,1.71281796561516,1.68068314043504,0.0321348251801166,0.0824139154768095,0.050279090296693
"435481",6.87187400097223,2.27693840305474,3.61922007989263,-1.34228167683789,-4.59493559791749,-3.2526539210796
"60459",1.6068663817786,1.19153019142416,1.36667773026389,-0.175147538839737,-0.41533619035444,-0.240188651514703
"225123",1.36181173406458,1.31233595043018,1.3336452703972,-0.0213093199670216,-0.0494757836343951,-0.0281664636673735
"332353",0.99281720773007,0.60955545613603,0.768752789374154,-0.159197333238124,-0.38326175159404,-0.224064418355916
"297792",0.721165853324884,0.686341205839706,0.700232296503363,-0.0138910906636571,-0.0348246474851777,-0.0209335568215205
"427932",0.127126842339213,0.192999102237267,0.163513537614864,0.0294855646224036,0.0658722598980548,0.0363866952756512
"72326",1e-08,0.176822852198416,0.0898060922314108,0.0870167599670048,0.176822842198416,0.0898060822314108
"29966",0.562798270532552,0.879913755221523,0.769237128336901,0.110676626884621,0.317115484688971,0.206438857804349
"106410",0.0677547962341385,0.280436549597408,0.171890843863566,0.108545705733842,0.212681753363269,0.104136047629427
"22297",2.27073502300602,1.24057989812838,1.60950725535277,-0.368927357224397,-1.03015512487764,-0.661227767653247
"179505",0.077556796846502,0.193629283692516,0.13532918925611,0.0583000944364061,0.116072486846014,0.0577723924096076
"432243",0.969476692532545,0.612840922068919,0.757507030293013,-0.144666108224094,-0.356635770463625,-0.211969662239532
"187080",0.229479016964168,0.646816367025052,0.459767849369914,0.187048517655138,0.417337350060884,0.230288832405747
"413005",1e-08,0.193346257590366,0.0974670945738261,0.0958791630165402,0.193346247590366,0.0974670845738261
"107275",2.29085864697934,1.19394539145049,1.58410523409033,-0.390159842639838,-1.09691325552885,-0.706753412889011
"492061",0.0726934692009488,0.184764870840041,0.13137243640401,0.0533924344360311,0.112071401639092,0.058678967203061
"533084",3.45602396721364,2.00963610912057,2.50655810314259,-0.496921994022018,-1.44638785809307,-0.949465864071056
"539091",1.49094389473537,0.829974986042835,1.07367820893245,-0.243703222889613,-0.660968908692538,-0.417265685802925
"160669",1.23109770777695,1.02220375106385,1.10421718588405,-0.0820134348202002,-0.208893956713102,-0.126880521892902
"334497",2.93327942227797,2.37382806863326,2.57442547454914,-0.200597405915877,-0.559451353644709,-0.358853947728833
"475602",0.278331270274083,0.501340645369489,0.408271092428952,0.0930695529405375,0.223009375095406,0.129939822154868
"506731",3.15525871993424,2.18982765226836,2.522919486475,-0.333091834206645,-0.965431067665886,-0.632339233459241
"151997",0.135680177805327,0.12527778645999,0.129579225722088,-0.004301439262098,-0.0104023913453362,-0.00610095208323824
"23694",0.845973307085544,1.3942548196301,1.16748288579295,0.226771933837153,0.548281512544559,0.321509578707406
"97686",1.91768882883916,2.08403771441031,2.01562663402257,0.0684110803877411,0.166348885571156,0.0979378051834146
"338323",3.2650909444929,1.98070548450085,2.42006999964932,-0.439364515148464,-1.28438545999204,-0.845020944843579
"532251",0.0579297555589839,0.139023209950534,0.0998938355706178,0.0391293743799166,0.0810934543915505,0.0419640800116339
"175596",1.81693291838601,1.15441162513058,1.43929247835564,-0.284880853225063,-0.662521293255431,-0.377640440030369
"254629",0.250351125430613,0.358762123966846,0.316658721781112,0.0421034021857339,0.108410998536232,0.0663075963504986
"465338",0.863558926599014,0.500802993905458,0.635983306275737,-0.135180312370279,-0.362755932693556,-0.227575620323277
"155291",0.505451324356919,0.631013105511462,0.570700217742636,0.0603128877688259,0.125561781154543,0.0652488933857173
"252983",1.4016598785727,1.05735179020047,1.19843008246445,-0.141078292263979,-0.344308088372226,-0.203229796108247
"383746",0.0635329604490728,0.114336428799968,0.0895805519925364,0.0247558768074319,0.0508034683508956,0.0260475915434637
"477036",2.10567774732811,1.73229424240336,1.87695447801889,-0.144660235615524,-0.373383504924744,-0.22872326930922
"475656",1.52212707373046,1.60256982310495,1.57314661294333,0.0294232101616221,0.080442749374487,0.051019539212865
"126246",0.358328323731626,0.3980323424442,0.382250054610731,0.0157822878334692,0.0397040187125734,0.0239217308791042
"553417",3.92372881728351,3.06433241496823,3.31773074227299,-0.253398327304763,-0.859396402315282,-0.605998075010519
"120327",0.203866863060764,0.393501955351202,0.301287895143464,0.0922140602077384,0.189635092290438,0.0974210320826999
"263813",0.294937301320242,0.374459474146131,0.336540079520087,0.0379193946260439,0.0795221728258888,0.0416027781998449
"242646",1.87484131499125,1.84136730884057,1.85450203375143,-0.0131347249108595,-0.033474006150676,-0.0203392812398164
"400481",0.0982317694843402,0.330306789240236,0.21448896965516,0.115817819585076,0.232075019755896,0.11625720017082
"276458",4.12708043155089,1.61694823575161,2.45661332706642,-0.839665091314813,-2.51013219579928,-1.67046710448446
"271051",0.339643898884321,0.914264276396049,0.618538666905896,0.295725609490153,0.574620377511728,0.278894768021575
"165211",1e-08,0.195141106238513,0.112879510687413,0.0822615955510994,0.195141096238513,0.112879500687413
"18485",1.30463960007885,0.511611399908391,0.841015635639305,-0.329404235730914,-0.793028200170461,-0.463623964439547
"319030",1.25257395420056,0.564749060361281,0.776165344084734,-0.211416283723453,-0.687824893839276,-0.476408610115824
"269403",1e-08,0.867038773092897,0.407394713395291,0.459644059697606,0.867038763092897,0.407394703395291
"345790",1.11298500583994,0.915753421257495,0.991071876452952,-0.0753184551954573,-0.197231584582442,-0.121913129386985
"270430",0.0768939153793667,0.410550950378562,0.237605793176023,0.172945157202538,0.333657034999195,0.160711877796657
"344248",2.61144965755707,1.52071886433618,1.95184083216258,-0.431121967826399,-1.09073079322089,-0.659608825394492
"378294",0.564842076022332,1.05725595845155,0.846356803748098,0.210899154703456,0.492413882429222,0.281514727725766
"448184",10,2.11175435101184,4.25633922534403,-2.14458487433219,-7.88824564898816,-5.74366077465597
"485701",0.0948721266995679,0.360085616333974,0.228282578729582,0.131803037604392,0.265213489634406,0.133410452030014
"207002",1.3469749515809,0.829443757923077,1.0273806757068,-0.197936917783725,-0.517531193657824,-0.319594275874098
"334135",0.122527919759674,0.37140264650506,0.245776186226512,0.125626460278548,0.248874726745387,0.123248266466839
"118796",0.218068097971729,1.40626706159977,0.843551697144812,0.562715364454958,1.18819896362804,0.625483599173083
"483690",1.22895642438579,0.930434276965186,1.04306111470635,-0.112626837741167,-0.298522147420608,-0.185895309679442
"333179",5.6503236289965,4.99291938197012,5.14013478402038,-0.147215402050256,-0.657404247026384,-0.510188844976128
"395023",2.36259573477058,1.4572429037537,1.80203000833236,-0.344787104578653,-0.905352831016881,-0.560565726438228
"569898",0.276741536154842,0.550531177300397,0.429572399038937,0.12095877826146,0.273789641145554,0.152830862884095
"494238",0.677709063029606,0.767969671790001,0.730536684126863,0.0374329876631383,0.0902606087603959,0.0528276210972576
"107703",2.20999642714284,1.59008016183108,1.83027958586911,-0.240199424038025,-0.619916265311754,-0.37971684127373
"114603",0.249463267897659,0.553700185840588,0.457688486679284,0.0960116991613039,0.30423691794293,0.208225218781626
"264152",6.12896526318253,1.69694927152818,2.86394897942441,-1.16699970789623,-4.43201599165435,-3.26501628375812
"113798",6.01593329125083,4.33011581041498,4.693650872525,-0.363535062110018,-1.68581748083585,-1.32228241872583
"318869",2.07366573658656,2.06213522628507,2.06705480336636,-0.00491957708129043,-0.0115305103014953,-0.0066109332202049
"480703",1.30521187273377,1.00572014926608,1.12233696377027,-0.116616814504195,-0.299491723467695,-0.1828749089635
"308060",4.33634572865617,1.50404814143074,2.44450382545981,-0.940455684029072,-2.83229758722544,-1.89184190319636
"51121",0.640175981765229,0.71161754676876,0.684276743508834,0.027340803259926,0.0714415650035306,0.0441007617436046
"460141",0.0431966345721385,0.360330669502509,0.201793659471317,0.158537010031192,0.31713403493037,0.158597024899178
"31698",1.17655959020887,1.42406327233725,1.31811015380092,0.105953118536339,0.247503682128386,0.141550563592047
"77943",2.38956621112442,1.26154520312834,1.67995379801761,-0.418408594889271,-1.12802100799608,-0.709612413106808
"320946",1.51421572094191,2.05999416299666,1.84481533338377,0.215178829612892,0.545778442054753,0.330599612441861
"439633",1.17783517002184,1.2383245644446,1.21338041965503,0.0249441447895729,0.0604893944227567,0.0355452496331838
"570390",0.141135271928089,0.674972929956096,0.434704021995348,0.240268907960748,0.533837658028007,0.293568750067259
"261268",3.6406759671485,1.6967818058226,2.33648009707795,-0.639698291255348,-1.9438941613259,-1.30419587007055
"336244",2.07999514528358,1.38591836154516,1.6409219022971,-0.255003540751945,-0.694076783738423,-0.439073242986477
"330335",4.88158537826398,1.15920589677244,2.33851927622885,-1.17931337945641,-3.72237948149154,-2.54306610203513
"503210",0.146853952306787,0.345753229760266,0.248321720118623,0.0974315096416436,0.198899277453479,0.101467767811836
"471726",2.70082228431706,2.65880349323854,2.67383755717847,-0.0150340639399258,-0.0420187910785166,-0.0269847271385908
"559919",2.89434523740942,1.01154484993282,1.69079996594249,-0.679255116009674,-1.8828003874766,-1.20354527146692
"455168",4.33447662581145,1.30655860309902,2.26550330599805,-0.958944702899025,-3.02791802271243,-2.0689733198134
"563580",1.60806084722007,0.974141025882848,1.23002496001034,-0.255883934127496,-0.633919821337219,-0.378035887209723
"144876",3.48121551393455,3.25628656541073,3.32170653769089,-0.0654199722801625,-0.224928948523818,-0.159508976243656
"261266",1e-08,0.0783624337087692,0.0444026497068086,0.0339597840019606,0.0783624237087692,0.0444026397068086
"34946",0.0695253273076892,0.556731313724667,0.343548958482256,0.213182355242411,0.487205986416978,0.274023631174567
"242331",2.02483408082378,2.87586838927477,2.57968116643044,0.296187222844334,0.851034308450991,0.554847085606657
"378622",2.87003998418684,2.50291467402554,2.63223420195905,-0.129319527933503,-0.367125310161299,-0.237805782227796
"353130",1e-08,0.0550722771912616,0.027539541866426,0.0275327353248356,0.0550722671912616,0.027539531866426
"391048",2.64789889042068,1.17509928070838,1.71875143610748,-0.543652155399101,-1.4727996097123,-0.929147454313194
"42030",2.48383660963166,1.35325230484208,1.78077916781896,-0.427526862976886,-1.13058430478958,-0.703057441812694
"397649",1.30218843312439,1.45014616216288,1.38642337548898,0.0637227866739007,0.147957729038495,0.0842349423645943
"267739",1.19317373146743,0.888095935717167,0.997269879123165,-0.109173943405998,-0.305077795750267,-0.195903852344268
"402529",0.958098792648709,0.988471394160295,0.977437961345904,0.0110334328143904,0.0303726015115855,0.0193391686971951
"68630",2.33490362498848,2.42001448692236,2.39139019548767,0.0286242914346917,0.0851108619338752,0.0564865704991835
"110705",2.70761690155033,2.61884604897846,2.65008246544762,-0.0312364164691581,-0.0887708525718707,-0.0575344361027126
"346211",0.0638034686628066,0.188238917242999,0.129818365292738,0.0584205519502608,0.124435448580193,0.0660148966299317
"392416",0.591783811860888,0.818571377207207,0.723353727467192,0.0952176497400149,0.226787565346319,0.131569915606304
"189406",0.0785437673933669,0.237742735422364,0.160089607614509,0.0776531278078554,0.159198968028997,0.0815458402211419
"461572",0.154471018878502,0.359232451941218,0.256352844127012,0.102879607814206,0.204761433062715,0.101881825248509
"416053",1e-08,0.133425651856666,0.0625745670620605,0.0708510847946058,0.133425641856666,0.0625745570620605
"464500",3.06082898688603,0.883474379725396,1.64983197880453,-0.766357599079131,-2.17735460716064,-1.41099700808151
"322580",0.387890598070237,0.239814468108794,0.293186020450515,-0.0533715523417211,-0.148076129961444,-0.0947045776197225
"532277",0.114346136923195,0.356840596689552,0.241540626318015,0.115299970371537,0.242494459766357,0.12719448939482
"129131",3.51141561383266,2.11662927665674,2.60888529289454,-0.492256016237807,-1.39478633717592,-0.902530320938117
"245273",0.678995911081203,1.15936639593371,0.972291480480413,0.187074915453293,0.480370484852503,0.29329556939921
"351536",1.87144206785933,0.748202125043016,1.07621060834752,-0.328008483304508,-1.12323994281631,-0.795231459511803
"517099",0.598319290866796,0.694860726396543,0.657053469625568,0.0378072567709752,0.0965414355297466,0.0587341787587714
"290929",0.0776671111471547,0.319861981524051,0.197024235992376,0.122837745531674,0.242194870376896,0.119357124845222
"478959",1.39457282206761,0.373136004707202,0.77626465678874,-0.403128652081538,-1.0214368173604,-0.618308165278865
"519571",1.45158613293879,1.50479160190798,1.48460169704947,0.0201899048585026,0.0532054689691894,0.0330155641106868
"318929",1.12702014186471,1.2808961864094,1.22881724063203,0.0520789457773703,0.153876044544696,0.101797098767326
"367032",0.07002129964047,0.263290945713354,0.168551989533221,0.0947389561801337,0.193269646072884,0.0985306898927507
"118506",1e-08,0.394601842825871,0.2037425108482,0.190859331977671,0.394601832825871,0.2037425008482
"346877",0.169612874243258,0.483199813469064,0.347521743453377,0.135678070015687,0.313586939225807,0.177908869210119
"320609",2.89525119087405,0.885388271222881,1.58185856388027,-0.69647029265739,-2.00986291965117,-1.31339262699378
"326295",0.096323546786538,0.64263964500157,0.357738808908466,0.284900836093103,0.546316098215032,0.261415262121928
"343222",2.33459218391231,1.53972337605809,1.8449449112364,-0.305221535178305,-0.794868807854216,-0.489647272675911
"254918",0.0286678835374458,0.182016766599579,0.110729338288157,0.0712874283114217,0.153348883062133,0.0820614547507116
"555577",0.11051061711511,0.352371287850368,0.235863007765043,0.116508280085324,0.241860670735258,0.125352390649933
"402973",4.1309599663036,1.56663871665486,2.41600670458335,-0.849367987928487,-2.56432124964874,-1.71495326172025
"323422",1.38736908696233,0.906392561799269,1.09119228242527,-0.184799720626005,-0.480976525163062,-0.296176804537056
"204224",0.384614277488494,0.670994516310983,0.556540456118409,0.114454060192575,0.286380238822489,0.171926178629915
"414742",0.467395025547293,0.801478739028629,0.65967012535405,0.14180861367458,0.334083713481336,0.192275099806756
"518590",1.77736406746398,1.72077911229359,1.74193584837707,-0.021156736083477,-0.0565849551703841,-0.0354282190869071
"416245",1.5907596965674,0.970531876537898,1.21794683606068,-0.247414959522786,-0.6202278200295,-0.372812860506714
"134726",0.552055544093722,0.562273005957242,0.558896329026819,0.00337667693042354,0.0102174618635203,0.00684078493309681
"227675",0.103845727175881,0.17700355039047,0.142871876930421,0.034131673460049,0.0731578232145891,0.0390261497545401
"226689",5.91245335711821,2.08165729798271,3.09868375075402,-1.01702645277132,-3.8307960591355,-2.81376960636418
"343599",0.500697038685035,0.842951423291591,0.672439589807893,0.170511833483697,0.342254384606556,0.171742551122859
"210924",0.627469317515389,0.559127874916224,0.591450734834252,-0.0323228599180274,-0.0683414425991649,-0.0360185826811374
"53333",0.446012742880019,1.18723103448202,0.856349264615612,0.330881769866411,0.741218291602003,0.410336521735593
"251478",0.728540378019997,0.368653577265789,0.525965143299428,-0.157311566033638,-0.359886800754208,-0.20257523472057
"160973",0.0411460630939402,0.131122512375645,0.0915725196802197,0.039549992695425,0.0899764492817045,0.0504264565862795
"477947",0.710097805360523,0.832565202855841,0.780813982540277,0.051751220315564,0.122467397495319,0.0707161771797545
"313550",0.274016764619338,0.455863545922604,0.375563245761838,0.0803003001607662,0.181846781303267,0.1015464811425
"263848",0.0856724147054232,0.721741817913488,0.442897411699398,0.27884440621409,0.636069403208065,0.357224996993975
"410720",1e-08,0.146983405554168,0.0758700927818538,0.0711133127723142,0.146983395554168,0.0758700827818539
"420988",0.786823278981431,0.549205950549776,0.638626948005656,-0.0894209974558803,-0.237617328431656,-0.148196330975775
"567717",0.37051368017159,0.237301778739041,0.284558832022172,-0.047257053283131,-0.133211901432549,-0.0859548481494185
"186909",0.561861844154496,0.628850936275393,0.59638534816632,0.0324655881090726,0.0669890921208965,0.0345235040118239
"289175",0.256391060776308,0.820728147075879,0.606876061961905,0.213852085113974,0.564337086299571,0.350485001185597
"156557",0.979289162756059,1.07885959518312,1.04132269593939,0.0375368992437313,0.0995704324270571,0.0620335331833258
"541697",1.97887002150711,0.503561260105392,1.02628064605518,-0.522719385949791,-1.47530876140172,-0.95258937545193
"56226",0.00739021931258867,0.0617800859915539,0.0357800288182553,0.0260000571732985,0.0543898666789652,0.0283898095056667
"60340",0.474610890356754,0.498372556020048,0.487553527091348,0.0108190289286994,0.023761665663294,0.0129426367345946
"458757",6.04718195732833,2.16399954658945,3.22399002961063,-1.05999048302118,-3.88318241073888,-2.82319192771769
"229289",1.50667468051055,1.02820010709466,1.22305395459775,-0.194853847503085,-0.478474573415883,-0.283620725912799
"406906",0.905268532749489,1.35457983364281,1.164862087244,0.189717746398818,0.449311300893324,0.259593554494506
"385899",0.330846255778129,0.442912130333736,0.38546200981793,0.0574501205158063,0.112065874555607,0.0546157540398006
"330144",0.85640657572804,1.23004576846978,1.05071387104913,0.179331897420649,0.373639192741741,0.194307295321091
"214154",0.954967054447208,0.990105950948667,0.976597004654066,0.0135089462946014,0.0351388965014591,0.0216299502068577
"165457",0.10507024054121,0.0590152217475278,0.0807354482619518,-0.021720226514424,-0.0460550187936822,-0.0243347922792582
"27113",0.965671554872179,0.898483630263557,0.929000337518528,-0.0305167072549718,-0.0671879246086221,-0.0366712173536503
"85314",1.44261782097466,1.0000244955304,1.1782522862637,-0.178227790733304,-0.442593325444262,-0.264365534710959
"247250",2.1939521355526,1.30182006112837,1.63157788423678,-0.329757823108407,-0.892132074424226,-0.562374251315819
"325520",1.1900842668394,1.15268078598675,1.16438292364491,-0.0117021376581619,-0.0374034808526467,-0.0257013431944848
"438365",0.385913663176068,0.968617302943576,0.734299394372521,0.234317908571055,0.582703639767508,0.348385731196453
"214586",6.60342762212512,1.9379195783109,3.23608819137937,-1.29816861306847,-4.66550804381422,-3.36733943074575
"108212",0.294043775132745,0.392258365022722,0.34539692677817,0.0468614382445517,0.0982145898899774,0.0513531516454257
"170069",0.0938338952295772,0.625341912668126,0.389763954394894,0.235577958273231,0.531508017438549,0.295930059165317
"467975",0.000153628798029095,0.0477033748286723,0.0259846773723234,0.021718697456349,0.0475497460306432,0.0258310485742943
"186887",7.11395717983331,1.94235105077732,3.37230103231784,-1.42994998154052,-5.17160612905599,-3.74165614751547
"444503",1.32499105028893,0.861460199755172,1.03377588596564,-0.172315686210467,-0.463530850533754,-0.291215164323287
"178861",1.5324310384761,1.56358846309655,1.55188874931978,0.0116997137767725,0.0311574246204502,0.0194577108436778
"205180",0.382725591636455,0.566725590614371,0.498515188443299,0.0682104021710723,0.183999998977916,0.115789596806844
"516226",0.615785410228702,1.95328378326854,1.36347924711937,0.589804536149163,1.33749837303984,0.747693836890672
"449888",1.92859581031622,1.70348934714118,1.79009214244519,-0.0866027953040145,-0.225106463175041,-0.138503667871027
"485309",0.419901068366576,0.353966503927775,0.380871795734005,-0.02690529180623,-0.065934564438801,-0.039029272632571
"442660",0.121726264540087,0.168764948389271,0.146184887747351,0.0225800606419195,0.0470386838491837,0.0244586232072642
"85357",0.0887284808686965,0.248909487195881,0.173459242276864,0.0754502449190169,0.160181006327185,0.0847307614081676
"444584",5.02921170531416,2.0639405301184,2.88846442463466,-0.824523894516263,-2.96527117519576,-2.1407472806795
"295201",0.511268149916505,0.605299465552902,0.561460733308146,0.0438387322447559,0.0940313156363964,0.0501925833916406
"319583",0.220320761769204,0.248353711243914,0.235235464883867,0.013118246360047,0.0280329494747099,0.0149147031146629
"41524",1e-08,0.222295302849576,0.114185181345712,0.108110121503865,0.222295292849576,0.114185171345712
"97512",0.281325170909898,0.181536341085989,0.213764807929648,-0.0322284668436589,-0.0997888298239081,-0.0675603629802492
"428865",0.168540076004149,0.55802793012853,0.384946750256914,0.173081179871617,0.389487854124381,0.216406674252765
"200902",0.894556271888098,0.828062142860607,0.850062749868746,-0.022000607008139,-0.0664941290274907,-0.0444935220193517
"323208",0.154846360681292,1.12941669569118,0.714392192758453,0.415024502932728,0.974570335009889,0.559545832077161
"312893",0.435512024869356,0.828391380854143,0.669063377517088,0.159328003337055,0.392879355984786,0.233551352647731
"22670",0.1372764195112,0.316697533772586,0.232785569419982,0.0839119643526037,0.179421114261386,0.0955091499087825
"32334",0.00441053245705931,0.0550263395122613,0.0315755157902631,0.0234508237219981,0.050615807055202,0.0271649833332038
"326174",0.0810351925449358,0.245934368567037,0.169200893030178,0.0767334755368595,0.164899176022101,0.088165700485242
"352905",1.76568200029124,2.05125914374761,1.93404315413492,0.117215989612687,0.285577143456373,0.168361153843686
"118114",1.65528291369565,0.830015612474221,1.14655473144002,-0.3165391189658,-0.825267301221431,-0.508728182255632
"445026",0.379377965407806,0.948854391518977,0.662030002129786,0.28682438938919,0.569476426111171,0.282652036721981
"359262",2.66926048168751,2.66440874837335,2.66627869942961,-0.00186995105625476,-0.00485173331416044,-0.00298178225790569
"160479",3.86060243088562,1.29351593152827,2.09101173174326,-0.79749580021499,-2.56708649935735,-1.76959069914236
"77712",2.05793543484307,1.23948275666013,1.53596863998599,-0.296485883325864,-0.818452678182948,-0.521966794857084
"450520",0.0963133513977887,0.163969391407739,0.128365314015948,0.0356040773917915,0.0676560400099507,0.0320519626181592
"16805",1.31696121372192,1.32830089746534,1.32361407396664,0.00468682349870209,0.0113396837434292,0.00665286024472711
"471467",0.127449361136655,0.194535039104445,0.163707646062635,0.0308273930418102,0.0670856779677902,0.03625828492598
"84208",8.35771971100324,1.3256110491802,8.35771971100324,-7.03210866182304,-7.03210866182304,0
"352232",0.776423265557323,0.554085604145004,0.637983280402878,-0.0838976762578746,-0.222337661412319,-0.138439985154444
"135157",0.0270054264369576,0.263301468707753,0.157422516209145,0.105878952498608,0.236296042270795,0.130417089772188
"170998",1.04836373087982,1.28359215066085,1.18514236704347,0.0984497836173748,0.235228419781025,0.13677863616365
"133841",2.12731215809543,1.38425653860436,1.65641302280194,-0.272156484197579,-0.743055619491064,-0.470899135293485
"325772",0.317048201487077,0.5202540517948,0.430656144990672,0.0895979068041282,0.203205850307723,0.113607943503595
"262268",1e-08,0.4065570888399,0.211133918872743,0.195423169967157,0.4065570788399,0.211133908872743
"447912",0.0210195752611316,0.244930655173107,0.142248142112654,0.102682513060453,0.223911079911975,0.121228566851522
"83574",0.353193969343051,0.458616062854713,0.415463845277363,0.0431522175773498,0.105422093511662,0.062269875934312
"334370",0.0876001057817029,0.398043524315668,0.254496722626668,0.143546801689,0.310443418533965,0.166896616844965
"444111",0.116440977334445,0.377165633513558,0.248567376231447,0.128598257282111,0.260724656179113,0.132126398897001
"185352",0.247778428647943,0.178443867335858,0.20077676568585,-0.0223328983499924,-0.0693345613120844,-0.047001662962092
"145497",3.17891289793853,1.53508314623527,2.02931301589978,-0.494229869664504,-1.64382975170326,-1.14959988203875
"68483",1.07249582475598,0.51407408540043,0.734220887704611,-0.220146802304181,-0.558421739355553,-0.338274937051372
"25585",0.130583875309202,0.125208763317843,0.12767102613626,-0.00246226281841638,-0.00537511199135882,-0.00291284917294243
"136546",2.377384109601,1.68116845549731,1.95993339271466,-0.278764937217345,-0.696215654103689,-0.417450716886344
"247727",0.169827198736802,0.239064606435927,0.202268704503915,0.0367959019320119,0.0692374076991246,0.0324415057671127
"549139",0.024484405047509,0.232365488631544,0.137522949872978,0.0948425387585657,0.207881083584035,0.113038544825469
"258434",0.403684061632798,0.280843466277151,0.32852663107369,-0.0476831647965393,-0.122840595355647,-0.075157430559108
"95136",2.45068746898757,0.957837592406996,1.46839888751922,-0.510561295112222,-1.49284987658057,-0.98228858146835
"203183",1.60298605554084,0.56439446536862,0.92227235458198,-0.35787788921336,-1.03859159017222,-0.68071370095886
"436463",0.289433789026123,0.691060076041526,0.50809094188431,0.182969134157216,0.401626287015403,0.218657152858187
"23009",0.0996671350759538,0.438994980567334,0.267848044863776,0.171146935703558,0.33932784549138,0.168180909787822
"471510",0.584739374245758,0.67338731744165,0.639351899357812,0.0340354180838377,0.0886479431958913,0.0546125251120536
"72500",0.192075992493695,0.762008709084139,0.509627520756841,0.252381188327297,0.569932716590443,0.317551528263146
"503127",0.0180203670436595,0.190615222414085,0.107569860046081,0.0830453623680045,0.172594855370426,0.0895494930024214
"501428",3.36875077914839,1.74651645790254,2.27781471963717,-0.531298261734634,-1.62223432124585,-1.09093605951122
"299122",0.353362848708728,0.688123459721281,0.534471242122869,0.153652217598412,0.334760611012553,0.181108393414141
"550172",0.223175854544315,0.140655784488332,0.178498897242354,-0.0378431127540223,-0.0825200700559831,-0.0446769573019608
"320877",0.550325913318721,0.626131740411111,0.595384780750771,0.0307469596603399,0.0758058270923897,0.0450588674320498
"305516",1e-08,0.158721530246716,0.0776001626742261,0.0811213675724904,0.158721520246716,0.0776001526742261
"524065",0.049090540169473,0.237669879716513,0.15209908927474,0.0855707904417731,0.18857933954704,0.103008549105267
"474891",0.770286172061082,1.61245198496257,1.26246888104817,0.349983103914405,0.842165812901491,0.492182708987086
"424272",1.7539818937792,1.56894104742858,1.6410431229735,-0.0721020755449138,-0.185040846350621,-0.112938770805707
"277097",0.136690935576814,0.307169721203343,0.217196994156175,0.0899727270471682,0.170478785626529,0.0805060585793607
"33638",1.97793512313027,1.47590889895002,1.6672963985063,-0.191387499556278,-0.502026224180248,-0.31063872462397
"243180",1.4040356314924,0.906443384370648,1.10170944079323,-0.19526605642258,-0.497592247121756,-0.302326190699177
"196584",0.020401770653363,0.206947100907568,0.121998392085692,0.0849487088218764,0.186545330254205,0.101596621432329
"60729",0.977017389518341,1.41967474269813,1.23368585842001,0.185988884278119,0.442657353179787,0.256668468901668
"352540",6.25013187137571,4.23114069727705,4.66901158276275,-0.437870885485696,-2.01899117409866,-1.58112028861296
"74512",0.263805597265092,0.409209429392893,0.352730515132681,0.0564789142602125,0.145403832127801,0.0889249178675886
"76570",0.0152344045729078,0.215313731992855,0.122970431476132,0.0923433005167234,0.200079327419947,0.107736026903224
"74383",1.27063704099078,0.621897679572168,0.83460831558401,-0.212710636011842,-0.64873936141861,-0.436028725406768
"459452",2.5385876988792,0.869446909355853,1.41971892251738,-0.550272013161524,-1.66914078952334,-1.11886877636182
"488921",1.96903966547929,1.66990819623364,1.7852550423692,-0.115346846135564,-0.299131469245652,-0.183784623110088
"286814",10,4.47115237647729,6.44636127315153,-1.97520889667423,-5.52884762352271,-3.55363872684847
"33592",5.58966983985665,2.81833129162356,3.63834231162273,-0.82001101999917,-2.77133854823309,-1.95132752823392
"272434",0.734767223372499,0.154834279866429,0.423117407871241,-0.268283128004811,-0.57993294350607,-0.311649815501258
"362413",4.98663676171748,2.41882446667721,3.11893089740004,-0.700106430722825,-2.56781229504027,-1.86770586431744
"96597",0.0345590407111108,0.144624141801689,0.0932498618922861,0.0513742799094026,0.110065101090578,0.0586908211811753
"149684",0.30151370657523,0.434537930519797,0.382146621458114,0.0523913090616825,0.133024223944567,0.0806329148828848
"353422",0.0390761572365812,0.226719769137596,0.139222177270687,0.087497591866909,0.187643611901015,0.100146020034106
"315180",1.89977228777591,1.36211270935924,1.55055703697731,-0.188444327618072,-0.537659578416676,-0.349215250798604
"516368",0.0142700390405916,0.18216319016434,0.108442781983561,0.0737204081807781,0.167893151123748,0.0941727429429698
"191164",0.28250281974385,0.686487684456386,0.521709035764587,0.164778648691799,0.403984864712536,0.239206216020737
"524501",5.46214150916469,1.36333618261674,2.35384027787263,-0.990504095255892,-4.09880532654795,-3.10830123129205
"391626",0.0188059877228823,0.278413283191403,0.157501275230188,0.120912007961215,0.25960729546852,0.138695287507305
"82639",0.00251580518959958,0.090220576400145,0.0507281539231036,0.0394924224770415,0.0877047712105455,0.048212348733504
"440778",0.629304110621363,0.762816372540477,0.709155577887352,0.0536607946531247,0.133512261919114,0.0798514672659896
"237700",0.0858430238891579,0.130794818855637,0.109860029463767,0.0209347893918692,0.0449517949664786,0.0240170055746094
"96602",2.26803344548552,1.21741383090998,1.59553703442807,-0.378123203518088,-1.05061961457554,-0.672496411057449
"354653",0.20230494457084,0.247765506813627,0.226985198185978,0.0207803086276491,0.0454605622427868,0.0246802536151377
"572476",0.538689377870047,1.23472252998487,0.907927694180843,0.32679483580403,0.696033152114827,0.369238316310797
"341714",1.43325509475102,0.966260605238204,1.14835154666727,-0.18209094142907,-0.466994489512813,-0.284903548083743
"517667",0.451177105214468,0.247289917337691,0.324156290330867,-0.0768663729931759,-0.203887187876777,-0.127020814883601
"236023",1.19387729861199,0.994472132284551,1.06999768456256,-0.0755255522780126,-0.199405166327443,-0.12387961404943
"164228",0.281399469560345,0.978198691185064,0.701660233920014,0.27653845726505,0.69679922162472,0.420260764359669
"438364",4.37276446178124,2.335401434631,2.85020171329806,-0.514800278667052,-2.03736302715024,-1.52256274848319
"394760",6.00867332306252,2.20627937800128,3.25931267073252,-1.05303329273123,-3.80239394506123,-2.74936065233
"490036",0.874024047770179,1.09867543029456,1.01007085994838,0.0886045703461764,0.224651382524382,0.136046812178205
"524061",3.51927096679085,2.00274476755145,2.52913664850767,-0.526391880956223,-1.5165261992394,-0.990134318283173
"165672",1.50629782432529,1.26297136326738,1.3666238275088,-0.103652464241421,-0.243326461057908,-0.139673996816488
"355269",0.665420234656702,0.669891800583138,0.668122814046327,0.00176898653681112,0.00447156592643672,0.00270257938962559
"403834",3.19399121496866,0.606296296046405,3.19399121496866,-2.58769491892226,-2.58769491892226,0
"537477",1e-08,0.114069532927195,0.0536956221631147,0.0603739107640799,0.114069522927195,0.0536956121631147
"181043",0.761249465328294,0.957842790533983,0.87231211513642,0.0855306753975628,0.196593325205689,0.111062649808126
"515129",0.0878765799920232,0.0707473382119685,0.0786446480117419,-0.00789730979977334,-0.0171292417800547,-0.00923193198028135
"440886",2.44779910641814,0.967122638540819,1.46644829085076,-0.499325652309943,-1.48067646787732,-0.981350815567378
"361902",0.213190448411193,0.217671490853895,0.216566098722834,0.00110539213106153,0.004481042442702,0.00337565031164047
"214638",0.152932424821513,0.385093309693887,0.298961050226102,0.0861322594677844,0.232160884872374,0.14602862540459
"314474",1.96732321749987,1.46170967160149,1.64702080924326,-0.185311137641761,-0.505613545898372,-0.32030240825661
"27808",1.27304402337227,1.13676286560691,1.19209240409628,-0.0553295384893699,-0.136281157765358,-0.080951619275988
"56710",0.0047902137006264,0.120918967752591,0.0677493743222574,0.0531695934303335,0.116128754051964,0.062959160621631
"510190",3.00718864262513,1.89784028432835,2.2678498866255,-0.370009602297145,-1.10934835829678,-0.739338755999631
"147798",1.2544145219528,0.8320127806093,0.987680010828176,-0.155667230218877,-0.422401741343496,-0.266734511124619
"565045",2.21788176959705,2.39660439839801,2.33816028220067,0.0584441161973386,0.178722628800961,0.120278512603622
"568367",6.48406022725609,1.68779139724675,2.9149165720934,-1.22712517484665,-4.79626883000934,-3.56914365516269
"461213",10,2.46037918385215,4.63054214759707,-2.17016296374492,-7.53962081614785,-5.36945785240293
"532415",2.8172189347542,2.34810018025503,2.51585286725871,-0.167752687003677,-0.469118754499168,-0.301366067495491
"70537",0.0414932263278203,0.10631385726628,0.0744552620642283,0.0318585952020514,0.0648206309384595,0.032962035736408
"409988",1.44840498097902,0.310155083868025,0.733155785039398,-0.423000701171374,-1.13824989711099,-0.715249195939619
"426487",0.583897369658049,0.778406926254057,0.69949791622298,0.0789090100310773,0.194509556596008,0.115600546564931
"471708",0.105178910938405,0.842203548446755,0.492944816862404,0.349258731584351,0.737024637508351,0.387765905923999
"197059",0.978045432746639,0.887052410896298,0.928200603140936,-0.0411481922446379,-0.0909930218503402,-0.0498448296057022
"156500",3.63338812599205,3.7419604816159,3.70824682244314,0.0337136591727654,0.108572355623849,0.0748586964510838
"532241",3.67761503398075,2.11702642044232,2.66991412820768,-0.552887707765353,-1.56058861353843,-1.00770090577307
"407178",0.239458789345143,0.425051372966821,0.332267230596458,0.0927841423703633,0.185592583621678,0.092808441251315
"66597",0.127716742365333,0.767946305475723,0.417762947686504,0.350183357789219,0.640229563110391,0.290046205321171
"96499",0.0410778222192194,0.27084641282749,0.165359346514914,0.105487066312576,0.22976859060827,0.124281524295694
"358653",0.106162075291957,0.12506970493326,0.115771414670608,0.00929829026265235,0.0189076296413027,0.00960933937865037
"84699",0.102256366267019,0.684775590369149,0.375615236453933,0.309160353915216,0.582519224102129,0.273358870186914
"347016",0.260119879464989,0.620709898993352,0.417603635439542,0.203106263553811,0.360590019528363,0.157483755974553
"279117",0.293427542584839,0.384791437368304,0.346811887255807,0.0379795501124975,0.091363894783465,0.0533843446709675
"230726",0.117254969083174,0.334933397783696,0.23172164307503,0.103211754708665,0.217678428700522,0.114466673991856
"136338",1.03792816438462,1.40165579878242,1.25177785322739,0.149877945555029,0.363727634397799,0.213849688842769
"256078",2.39276455723999,0.937537016474481,1.42036161250713,-0.482824596032645,-1.45522754076551,-0.972402944732867
"265144",3.41282681887302,1.57544018370737,2.16521146579303,-0.58977128208566,-1.83738663516565,-1.24761535307999
"242632",0.964126696387898,0.752947803929647,0.844931307126263,-0.0919835031966162,-0.21117889245825,-0.119195389261634
"346532",2.59696023423755,0.268379483870332,2.59696023423755,-2.32858075036722,-2.32858075036722,0
"263820",4.95464203913891,2.61046749678528,3.25149253135689,-0.641025034571611,-2.34417454235364,-1.70314950778202
"361202",0.454627459936562,0.464605941738745,0.460345645258713,0.00426029648003257,0.00997848180218286,0.00571818532215029
"88907",1.19222995251886,1.3847882044369,1.30146524748955,0.0833229569473519,0.192558251918038,0.109235294970687
"435393",0.134328529813332,0.1765859644226,0.158582186143248,0.0180037782793528,0.0422574346092684,0.0242536563299156
"449876",0.293520227376991,0.751075601856982,0.589852253702143,0.16122334815484,0.457555374479992,0.296332026325152
"308972",2.26403973145212,1.13279748838236,1.54547378423293,-0.41267629585057,-1.13124224306977,-0.718565947219197
"174366",1.02842837100311,1.91421649690188,1.57047107718096,0.343745419720914,0.885788125898767,0.542042706177853
"440859",0.748228137559485,0.540464219970193,0.619629369531582,-0.0791651495613884,-0.207763917589292,-0.128598768027903
"176692",0.171675497218164,0.502124355440657,0.360972813963242,0.141151541477415,0.330448858222493,0.189297316745078
"157959",0.979054176744872,0.664734040292189,0.797437517305984,-0.132703477013794,-0.314320136452683,-0.181616659438888
"92835",0.0199764645048626,0.129392798538959,0.076335733589111,0.0530570649498483,0.109416334034097,0.0563592690842484
"544531",0.0479347757575853,0.151011838800361,0.104747403769752,0.0462644350306088,0.103077063042776,0.0568126280121667
"464086",1.11801336841791,1.25004388172785,1.19696759191349,0.0530762898143591,0.132030513309934,0.0789542234955753
"129178",1e-08,0.332135911155816,0.199099725843326,0.13303618531249,0.332135901155816,0.199099715843326
"122886",0.471311514041892,0.721004580168827,0.623975214343278,0.0970293658255498,0.249693066126936,0.152663700301386
"29706",10,4.24289824243771,6.0055693240968,-1.76267108165909,-5.75710175756229,-3.9944306759032
"308633",1e-08,0.627497514969124,0.310805051522191,0.316692463446933,0.627497504969124,0.310805041522191
"20627",0.766789963133524,0.786151337290085,0.778227842140204,0.00792349514988067,0.0193613741565606,0.0114378790066799
"404355",0.349241439405492,0.309795179197461,0.328349826300944,-0.018554647103483,-0.0394462602080303,-0.0208916131045473
"189683",0.270136576126883,0.415753051388181,0.358375862004494,0.0573771893836869,0.145616475261298,0.0882392858776112
"89795",0.142443577648723,0.23662517634535,0.196949423408756,0.0396757529365948,0.0941815986966275,0.0545058457600327
"496376",0.74379958208958,0.640062762940475,0.681806289832367,-0.0417435268918915,-0.103736819149105,-0.0619932922572131
"59468",0.165619382926281,0.794460405128734,0.480690833839932,0.313769571288802,0.628841022202453,0.315071450913651
"422070",1.63296278629431,0.607414915698988,0.960751895659532,-0.353336979960544,-1.02554787059532,-0.672210890634773
"278418",0.0959195583294052,0.584434167742793,0.381182159313018,0.203252008429776,0.488514609413388,0.285262600983612
"418371",0.417488993569451,0.452200155455792,0.436836862914356,0.0153632925414364,0.0347111618863414,0.019347869344905
"258751",2.79039820679714,1.15100554796418,1.77471359304808,-0.623708045083896,-1.63939265883296,-1.01568461374907
"331650",0.374944614937614,0.33869745049691,0.352542689152528,-0.0138452386556174,-0.0362471644407033,-0.0224019257850859
"56386",0.697019634908531,0.819256100750545,0.768569698796717,0.0506864019538281,0.122236465842014,0.0715500638881861
"191253",6.96224921536801,2.46880031116111,3.80335829637872,-1.33455798521761,-4.4934489042069,-3.15889091898929
"249793",2.48525646686071,1.35328112286737,1.77483946166256,-0.42155833879519,-1.13197534399334,-0.710417005198152
"455395",4.31382670125969,1.96190658115443,2.79804933235012,-0.836142751195695,-2.35192012010526,-1.51577736890957
"578807",10,4.47316976252003,6.67143974433128,-2.19826998181126,-5.52683023747997,-3.32856025566872
"99171",10,3.8165485375364,5.22225903300764,-1.40571049547124,-6.1834514624636,-4.77774096699236
"252958",0.913574397557498,0.621961554892655,0.737777480780594,-0.115815925887939,-0.291612842664843,-0.175796916776904
"406302",0.139838209704509,0.221307648866717,0.182472044594845,0.0388356042718723,0.0814694391622081,0.0426338348903358
"151778",2.38165530302578,2.24930272173135,2.29205101412969,-0.0427482923983447,-0.132352581294432,-0.0896042888960875
"426210",4.92402565071385,3.22139579776789,3.51947651562209,-0.298080717854204,-1.70262985294596,-1.40454913509176
"497869",3.28091358883702,1.769281999432,2.26937093610626,-0.500088936674265,-1.51163158940502,-1.01154265273076
"548568",0.362135439190625,0.49250075405893,0.433536621021582,0.058964133037348,0.130365314868305,0.0714011818309568
"61497",0.0949845295974833,0.134472560285719,0.117698924946813,0.0167736353389066,0.0394880306882362,0.0227143953493296
"260768",1.11998498220077,0.949586590586062,1.02898329841892,-0.0793967078328549,-0.170398391614709,-0.0910016837818537
"568447",1.13113487168983,0.666548897691242,0.866409938070715,-0.199861040379473,-0.464585973998592,-0.264724933619119
"550389",0.271408037834477,0.423477292830381,0.359565495712312,0.0639117971180685,0.152069254995904,0.0881574578778355
"253888",0.425646667807973,0.503755792315376,0.468914973009418,0.0348408193059587,0.0781091245074038,0.0432683052014451
"350943",0.177822816426886,0.216634799002534,0.197914018796378,0.0187207802061559,0.0388119825756476,0.0200912023694917
"19391",0.0794169651184061,0.119794120824068,0.100885676940645,0.0189084438834237,0.0403771557056623,0.0214687118222385
"332718",0.362646955451777,0.458082915938945,0.419593184306023,0.038489731632922,0.0954359604871686,0.0569462288542466
"92494",0.0160722638757596,0.139119196848589,0.081499808040857,0.0576193888077317,0.123046932972829,0.0654275441650974
"359284",1.82266130325569,1.96671506073836,1.9087332360586,0.0579818246797599,0.144053757482671,0.0860719328029107
"453657",1.07332502287684,1.49918216377094,1.31707440027102,0.182107763499922,0.425857140894101,0.243749377394179
"520178",0.795047585029587,0.962762834088327,0.889473910042521,0.0732889240458062,0.16771524905874,0.0944263250129337
"346744",1.31033405946075,0.621693728640194,0.855057303622222,-0.233363574982028,-0.68864033082056,-0.455276755838532
"265182",0.252925377289436,0.166057738117127,0.207141562561054,-0.0410838244439265,-0.0868676391723095,-0.045783814728383
"229001",1e-08,0.312919193308669,0.158127856297283,0.154791337011386,0.312919183308669,0.158127846297283
"378799",1.72637859180486,2.21012818765895,2.0089575777465,0.201170609912445,0.483749595854091,0.282578985941646
"276322",10,4.1614929613608,5.54330553951553,-1.38181257815473,-5.8385070386392,-4.45669446048447
"564181",10,3.62061095328767,5.36582415640843,-1.74521320312076,-6.37938904671233,-4.63417584359157
"156967",1.36101718148292,1.77494817053033,1.62498124721079,0.149966923319541,0.413930989047414,0.263964065727873
"459796",2.03976167109242,1.55936978128547,1.7386598597466,-0.179290078461125,-0.480391889806953,-0.301101811345828
"286433",5.59277822185815,3.1049580590758,3.8804339542577,-0.775475895181898,-2.48782016278234,-1.71234426760045
"398638",3.80836681668848,2.21625722283789,2.61305219290434,-0.396794970066456,-1.59210959385059,-1.19531462378414
"46861",0.164793303888194,0.455232258108032,0.340257893465059,0.114974364642973,0.290438954219837,0.175464589576864
"381504",1e-08,0.397461772748051,0.191516031651727,0.205945741096324,0.397461762748051,0.191516021651727
"80060",3.00127977070871,1.16458377979885,1.85716081390732,-0.692577034108466,-1.83669599090986,-1.14411895680139
"31087",0.957745394666297,1.76530555267754,1.41472742466178,0.350578128015761,0.807560158011245,0.456982029995484
"576080",3.6994855674035,1.90517824565339,2.51899762066205,-0.61381937500866,-1.79430732175011,-1.18048794674145
"183154",2.75372932240612,2.38927898639479,2.5188613939748,-0.129582407580008,-0.364450336011327,-0.234867928431319
"397791",1.61508078630542,2.0199944718085,1.85801271476637,0.16198175704213,0.404913685503087,0.242931928460957
"96451",0.158690642918638,0.488500610721682,0.341948335169517,0.146552275552164,0.329809967803043,0.183257692250879
"334609",1.52329113439086,0.67731635829455,0.993018516842258,-0.315702158547708,-0.845974776096308,-0.5302726175486
"455054",9.72668652315709,3.78632006441414,5.10880189365592,-1.32248182924179,-5.94036645874295,-4.61788462950116
"339035",2.34849522900069,0.885916795067775,1.38207018239481,-0.496153387327031,-1.46257843393291,-0.96642504660588
"454147",2.46893150906296,1.40379281502098,1.69239600279383,-0.288603187772851,-1.06513869404198,-0.776535506269125
"32791",10,6.34109511709487,8.35839210452906,-2.01729698743418,-3.65890488290513,-1.64160789547094
"135488",1.1256778033103,0.609141885039688,0.772995109033278,-0.16385322399359,-0.516535918270617,-0.352682694277026
"141811",0.109312095137544,0.170256412111054,0.140405661329191,0.0298507507818628,0.0609443169735102,0.0310935661916474
"182151",0.677851537235024,0.350710659698186,0.489268051370627,-0.13855739167244,-0.327140877536838,-0.188583485864398
"419016",1.32450745203591,0.714696156368509,0.929529558301976,-0.214833401933467,-0.6098112956674,-0.394977893733933
"462023",2.59247736223552,1.60086490471212,1.99548302063555,-0.394618115923424,-0.991612457523398,-0.596994341599974
"187082",0.159720991189478,0.955095407167927,0.553018809345743,0.402076597822184,0.795374415978449,0.393297818156265
"243000",2.75236045809215,1.22580232573996,1.64163846754503,-0.415836141805067,-1.52655813235219,-1.11072199054712
"112890",0.0858336967238125,0.350232572606704,0.212151233855975,0.13808133875073,0.264398875882892,0.126317537132162
"107005",3.32317489157897,1.78166155581852,2.29181255805431,-0.510151002235796,-1.54151333576046,-1.03136233352466
"126738",5.71042423774638,3.0238695123098,3.84791875796315,-0.824049245653345,-2.68655472543658,-1.86250547978323
"469820",4.54553134124831,1.39880436660517,2.42807291927173,-1.02926855266655,-3.14672697464314,-2.11745842197658
"94265",5.29873427435412,3.46111224766179,4.04987037271509,-0.588758125053303,-1.83762202669234,-1.24886390163903
"313860",0.0523061733375056,0.0631362626232712,0.0581111701929935,0.00502509243027772,0.0108300892857657,0.00580499685548795
"380518",0.126139914211862,0.285577969516432,0.209438406690964,0.076139562825468,0.15943805530457,0.0832984924791023
"543278",0.0354412860614138,0.176515012681602,0.10588755807982,0.0706274546017813,0.141073726620188,0.0704462720184065
"456605",2.27290543091575,1.31372234388384,1.66540252460123,-0.351680180717394,-0.959183087031914,-0.60750290631452
"439579",0.16271636823641,0.317213521421187,0.239558549594815,0.0776549718263724,0.154497153184777,0.0768421813584044
"199689",0.449238791522746,0.735357869397753,0.617602718015913,0.11775515138184,0.286119077875008,0.168363926493167
"532373",0.0872448157312523,0.0719447152931699,0.0794315961878207,-0.0074868808946508,-0.0153001004380824,-0.00781321954343162
"371261",1.45194579483758,0.842922210811989,1.07074027639485,-0.227818065582857,-0.609023584025593,-0.381205518442736
"339146",1.0045770245903,0.772050530020541,0.847210538397848,-0.0751600083773071,-0.232526494569758,-0.157366486192451
"106222",0.291774902504151,0.193626320830892,0.241535794335211,-0.0479094735043183,-0.0981485816732587,-0.0502391081689404
"462303",0.447025635669202,0.604559068863541,0.532380048925651,0.0721790199378903,0.157533433194339,0.0853544132564484
"145145",3.79107509522324,1.63255801018595,2.35287776709116,-0.720319756905206,-2.15851708503729,-1.43819732813208
"180834",6.46721851195244,2.44849259807919,3.63659768360813,-1.18810508552894,-4.01872591387325,-2.83062082834431
"579208",0.545124087651006,0.238205826054926,0.357307309075938,-0.119101483021012,-0.30691826159608,-0.187816778575068
"480653",0.19306289239894,0.633870700452599,0.431699217060479,0.20217148339212,0.440807808053659,0.238636324661538
"524128",0.0604770439453831,0.370754268547931,0.246709003686615,0.124045264861316,0.310277224602548,0.186231959741232
"22440",0.528982101873465,1.19016595812929,0.899360056982214,0.290805901147072,0.661183856255821,0.370377955108749
"141216",0.0862310897645046,0.217307102833751,0.155594387752238,0.0617127150815132,0.131076013069246,0.0693632979877332
"102337",1.14804796694082,1.30237429667638,1.23888529537567,0.0634890013007074,0.15432632973556,0.0908373284348525
"126235",0.0611528163362069,0.0948382528769969,0.0789787783871282,0.0158594744898687,0.03368543654079,0.0178259620509213
"350852",6.98272680476917,2.93962800059193,3.7400393451039,-0.800411344511972,-4.04309880417725,-3.24268745966528
"169286",4.22452245631172,1.18469936967807,2.11091750739383,-0.926218137715763,-3.03982308663366,-2.11360494891789
"7953",0.485966242763534,0.558981828372482,0.53149878477094,0.0274830436015421,0.0730155856089482,0.0455325420074061
"475989",3.77254020638984,1.73150119994473,2.42911200147225,-0.697610801527522,-2.04103900644511,-1.34342820491759
"438789",4.48924906228203,3.03979415591901,3.4516450211904,-0.411850865271387,-1.44945490636302,-1.03760404109163
"180626",5.60896653659741,1.20876885273911,2.23498755020647,-1.02621869746736,-4.4001976838583,-3.37397898639094
"398015",3.73285433097924,1.95756408723919,2.57312570279582,-0.615561615556634,-1.77529024374005,-1.15972862818342
"129702",10,6.19618908912784,9.10721542163092,-2.91102633250308,-3.80381091087216,-0.89278457836908
"143725",10,4.15196070791234,5.67267662291162,-1.52071591499928,-5.84803929208766,-4.32732337708838
"159434",4.94235466314241,3.81290147966506,4.17694909474258,-0.364047615077527,-1.12945318347735,-0.765405568399825
"172670",10,6.3250192968761,9.29875243370011,-2.97373313682401,-3.6749807031239,-0.701247566299886
"232411",10,4.71872944019249,6.11735056452367,-1.39862112433118,-5.28127055980751,-3.88264943547633
"350159",2.50812333437995,3.18434492989205,2.92131788201024,0.263027047881812,0.676221595512102,0.413194547630291
"425355",2.89443271609913,2.10151417972213,2.37920085110008,-0.277686671377951,-0.792918536376997,-0.515231864999047
"470476",2.75449346957991,2.37083826276671,2.50931864568017,-0.138480382913468,-0.383655206813203,-0.245174823899735
"535873",5.63140833365573,3.46658857227137,4.16226710408254,-0.695678531811169,-2.16481976138435,-1.46914122957319
"77109",10,9.51644516758881,10,-0.483554832411185,-0.483554832411185,0
"187081",0.422192982429109,0.312053164765597,0.355223218388738,-0.0431700536231414,-0.110139817663513,-0.0669697640403715
"442713",0.38901258031174,0.987599036422479,0.741567030002419,0.24603200642006,0.598586456110739,0.352554449690679
"412916",0.714385342735962,0.717845014829888,0.716390751223098,0.00145426360678991,0.00345967209392561,0.00200540848713571
"384854",6.43752184114237,1.79027855307964,2.99220200096774,-1.2019234478881,-4.64724328806273,-3.44531984017463
"523865",1.93779630483939,1.23262767252882,1.47216363690377,-0.239535964374957,-0.705168632310573,-0.465632667935616
"132941",5.23579136281287,2.20021751755841,3.01018454827019,-0.809967030711777,-3.03557384525446,-2.22560681454268
"260137",0.0480702013385439,0.181219407324587,0.112090797066519,0.0691286102580677,0.133149205986043,0.0640205957279751
"327534",0.49261764187566,0.415314707224213,0.448357254731698,-0.0330425475074853,-0.0773029346514466,-0.0442603871439614
"230803",1.15691269406284,1.75640447152531,1.54036690762066,0.21603756390465,0.599491777462469,0.383454213557819
"550181",0.07410435163008,0.268740471743365,0.173506745759292,0.0952337259840734,0.194636120113285,0.0994023941292118
"95843",0.706747497695239,0.252618041883292,0.433033305742202,-0.18041526385891,-0.454129455811947,-0.273714191953037
"119095",1.06369429268578,1.22160291891118,1.1591076631302,0.0624952557809797,0.157908626225407,0.0954133704444271
"301689",1.80994994932391,1.66982968268039,1.72329251450728,-0.0534628318268846,-0.140120266643514,-0.0866574348166294
"512839",1.79685709229345,1.68222812175425,1.72518428519998,-0.0429561634457307,-0.114628970539204,-0.0716728070934733
"156546",0.0321310714411885,0.278608756622422,0.156380034959219,0.122228721663202,0.246477685181233,0.12424896351803
"258682",0.687003047518987,1.21355130849826,1.02043194338609,0.193119365112168,0.526548260979272,0.333428895867104
"572826",2.36213485519906,0.669234366406289,1.18521736197977,-0.515982995573476,-1.69290048879277,-1.1769174932193
"488220",0.492937995157904,0.550281636416013,0.531660083366302,0.0186215530497114,0.0573436412581089,0.0387220882083976
"18704",0.529769567734023,0.53594598457882,0.533654041806623,0.00229194277219724,0.00617641684479653,0.00388447407259929
"391826",1e-08,0.336741479126289,0.178643543221983,0.158097935904306,0.336741469126289,0.178643533221983
"50997",3.16339723662592,0.794250116107409,1.6095629565572,-0.815312840449794,-2.36914712051851,-1.55383428006872
"350228",0.268232076370478,0.466200757714916,0.381148448526505,0.0850523091884108,0.197968681344438,0.112916372156027
"333384",6.36548036585235,1.595400237755,2.77394436215881,-1.17854412440381,-4.77008012809735,-3.59153600369354
"283817",1.37251451713721,0.912161598000741,1.09095547638897,-0.178793878388226,-0.460352919136468,-0.281559040748242
"516365",0.0382442728433582,0.104913561618921,0.0719535974498687,0.0329599641690527,0.0666692887755631,0.0337093246065105
"307127",0.20293265824046,0.138106477145031,0.169235945595082,-0.0311294684500503,-0.064826181095429,-0.0336967126453787
"169907",1.00171397524866,0.92190520388662,0.950547891523023,-0.0286426876364037,-0.079808771362042,-0.0511660837256384
"218308",0.158733932844483,0.387884655867382,0.269746609601057,0.118138046266325,0.229150723022899,0.111012676756575
"49322",2.59530498772775,1.46765200027392,1.90830958880484,-0.440657588530921,-1.12765298745383,-0.686995398922912
"191754",1.96526981711671,0.561124604487569,1.06662557614187,-0.505500971654301,-1.40414521262914,-0.898644240974843
"542566",0.0214985897502931,0.26792691390234,0.149482645449349,0.118444268452992,0.246428324152047,0.127984055699056
"522538",0.726376765386406,0.547867390923341,0.616057264487096,-0.0681898735637554,-0.178509374463065,-0.11031950089931
"532595",0.33067041856377,0.457131775710973,0.391397860314203,0.0657339153967703,0.126461357147203,0.0607274417504331
"398049",0.502813577632246,1.57817608727638,1.14337409599312,0.434801991283257,1.07536250964413,0.640560518360875
"258834",0.993030784172261,1.30216918023537,1.17840162932357,0.123767550911796,0.309138396063109,0.185370845151313
"573295",0.235874228334114,0.802235188297604,0.518243574105659,0.283991614191945,0.56636095996349,0.282369345771545
"77325",0.0232885386445265,0.0861259495943736,0.0563982760672014,0.0297276735271722,0.0628374109498471,0.0331097374226749
"493785",4.41539291764445,1.21130045676192,2.20757243956278,-0.996271982800856,-3.20409246088252,-2.20782047808167
"76142",0.0356346219312157,0.127263082687542,0.0864006086659104,0.0408624740216321,0.0916284607563267,0.0507659867346947
"64857",0.0360401594392625,0.169697273609105,0.113066210252449,0.0566310633566554,0.133657114169842,0.0770260508131867
"316176",0.82992821910054,0.382099899378887,0.584767262903886,-0.202667363524999,-0.447828319721653,-0.245160956196654
"50810",4.03897850716182,1.72213550830492,2.50035617131366,-0.77822066300874,-2.3168429988569,-1.53862233584816
"453677",1.02570406202214,1.21248937496228,1.1365255548466,0.0759638201156756,0.186785312940136,0.110821492824461
"148892",0.0698659049938481,0.17380347890323,0.122264751671222,0.0515387272320078,0.103937573909381,0.0523988466773737
"90386",0.445599165812006,0.62544825751036,0.542809732686247,0.0826385248241125,0.179849091698354,0.0972105668742413
"425455",0.260100513298442,1.11981550196202,0.721371163187561,0.398444338774458,0.859714988663577,0.461270649889119
"156471",1.97668930944071,1.26226348634572,1.51301004189551,-0.250746555549787,-0.714425823094985,-0.463679267545198
"147361",0.614509824133212,0.809560074218693,0.731146979585734,0.0784130946329592,0.195050250085481,0.116637155452522
"446237",0.0580225857196946,0.269155640497184,0.172283006675845,0.0968726338213395,0.21113305477749,0.11426042095615
"372955",4.86171212108239,2.83029337064157,3.4386968981658,-0.608403527524229,-2.03141875044082,-1.42301522291659
"95131",3.39650557372866,2.1453175934546,2.58409124301375,-0.438773649559148,-1.25118798027406,-0.812414330714911
"447173",0.587572253071738,0.322212849114644,0.428603779108359,-0.106390929993715,-0.265359403957094,-0.158968473963379
"416192",1.3498060903205,0.959629290312971,1.11626383793058,-0.156634547617604,-0.39017680000753,-0.233542252389926
"454124",2.2132334672101,1.51161214576513,1.78401052486347,-0.272398379098347,-0.701621321444974,-0.429222942346627
"419661",0.133586551217133,0.808734362632756,0.489371303715881,0.319363058916875,0.675147811415623,0.355784752498748
"181586",3.03821781869892,1.21904809405142,1.91700136182263,-0.697953267771213,-1.8191697246475,-1.12121645687629
"87979",0.657608320035751,0.197275276645653,0.365631601096808,-0.168356324451155,-0.460333043390098,-0.291976718938943
"432982",0.0744589573606302,0.0664610457854456,0.0703966451761656,-0.00393559939072001,-0.00799791157518459,-0.00406231218446458
"546353",1.4513794174323,2.57291609224266,2.17903807534976,0.393878016892891,1.12153667481035,0.727658657917463
"175803",0.667627925220207,1.56230931264657,1.19765343988736,0.364655872759211,0.894681387426365,0.530025514667154
"40262",2.2657265262036,1.27992688949989,1.63785429839659,-0.3579274088967,-0.985799636703706,-0.627872227807006
"539532",2.42829759968957,1.42579519903831,1.81427328249168,-0.388478083453376,-1.00250240065126,-0.614024317197885
"563118",1e-08,0.429241661498412,0.237424746950318,0.191816914548094,0.429241651498412,0.237424736950318
"199131",0.0844767297483401,0.109694825200495,0.0976979305282409,0.0119968946722543,0.0252180954521551,0.0132212007799008
"123638",10,4.53723041815539,6.5500881388174,-2.01285772066201,-5.46276958184461,-3.4499118611826
"205213",1.23017767123069,1.1342368370569,1.17285442992869,-0.0386175928717924,-0.0959408341737911,-0.0573232413019986
"552843",2.40239203116468,2.5565393172447,2.5017058894272,0.0548334278174929,0.154147286080021,0.0993138582625281
"545752",0.51512354403421,1.0586593437565,0.809060071462625,0.249599272293879,0.543535799722294,0.293936527428415
"96202",1.95124433196832,1.77498104950732,1.84490816602768,-0.069927116520357,-0.176263282460999,-0.106336165940642
"392420",1.45306446324764,1.51582021062303,1.49283822817806,0.0229819824449753,0.0627557473753957,0.0397737649304204
"88665",2.88847461761848,1.00550357579063,1.68044953989089,-0.674945964100264,-1.88297104182785,-1.20802507772759
"371154",0.272062326877465,0.751983974356696,0.523346764081697,0.228637210274999,0.479921647479232,0.251284437204233
"554168",0.0961944789795322,0.439019013800648,0.268515935541167,0.170503078259481,0.342824534821116,0.172321456561634
"173553",6.60190512234313,2.06461793276404,2.82407572289196,-0.759457790127925,-4.53728718957909,-3.77782939945117
"68606",0.0379301670266502,0.23952134568097,0.148143262087725,0.0913780835932443,0.201591178654319,0.110213095061075
"310450",0.301096082391325,0.252851969709595,0.275322207411816,-0.0224702377022211,-0.0482441126817297,-0.0257738749795087
"470642",1.1899539901101,2.33261012698624,1.8806250235619,0.45198510342434,1.14265613687615,0.690671033451807
"4236",1e-08,0.247209360199033,0.140571877333274,0.106637482865759,0.247209350199033,0.140571867333274
"96760",1e-08,0.126504285191888,0.0691098655462952,0.0573944196455929,0.126504275191888,0.0691098555462952
"132956",0.682946626229262,0.355817431761452,0.495519051087439,-0.139701619325987,-0.327129194467811,-0.187427575141824
"500648",0.177187051424963,0.380182923818603,0.280288099502359,0.0998948243162441,0.20299587239364,0.103101048077396
"317161",1e-08,0.123785437960087,0.0689135756061055,0.0548718623539816,0.123785427960087,0.0689135656061055
"250872",0.402539980384659,0.234894155352237,0.318386612292257,-0.0834924569400196,-0.167645825032422,-0.0841533680924026
"81246",0.514600522307466,0.821401159431206,0.698877241371873,0.122523918059333,0.306800637123739,0.184276719064406
"469178",0.924570666319728,0.561813746357817,0.703990172652061,-0.142176426294244,-0.362756919961912,-0.220580493667667
"373651",0.500602044719538,1.05749158947744,0.809352070787702,0.248139518689737,0.556889544757901,0.308750026068164
"497548",0.226289525293037,0.479528581980828,0.374652769940898,0.10487581203993,0.253239056687791,0.148363244647861
"478369",0.182101373222564,0.568831268995586,0.401451828500634,0.167379440494952,0.386729895773022,0.21935045527807
"499496",0.0845380888864127,0.392231295620998,0.234270308868065,0.157960986752933,0.307693206734585,0.149732219981653
"552307",1.35140891635827,1.16288108211648,1.2385778600977,-0.0756967779812217,-0.188527834241787,-0.112831056260566
"347906",0.32739774977614,0.557658320916379,0.448313966766983,0.109344354149396,0.230260571140239,0.120916216990843
"126707",0.0242647589253394,0.115850801877804,0.0709287644504358,0.0449220374273683,0.0915860429524646,0.0466640055250964
"102951",1.64178142032901,0.313108074306676,1.64178142032901,-1.32867334602233,-1.32867334602233,0
"378217",0.220319570728666,0.506304750315591,0.362777979522754,0.143526770792838,0.285985179586926,0.142458408794088
"528871",0.0458879528683929,0.414548745827164,0.228561957187149,0.185986788640015,0.368660792958771,0.182674004318756
"76560",0.0550507452857487,0.211063059404272,0.12926003420696,0.0818030251973119,0.156012314118523,0.0742092889212111
"125745",0.151361260248131,0.13332265877161,0.141979764645408,-0.00865710587379798,-0.0180386014765207,-0.00938149560272269
"499918",0.0795969486438338,0.129273866177112,0.103473709460157,0.0258001567169556,0.0496769175332786,0.023876760816323
"525174",2.53065701878513,1.14790271051849,1.64960658670048,-0.501703876181985,-1.38275430826664,-0.881050432084652
"503205",0.147545872425385,0.175139528008528,0.162361097204086,0.0127784308044412,0.0275936555831426,0.0148152247787015
"515023",1e-08,0.142338305795375,0.0649712453868301,0.0773670604085452,0.142338295795375,0.0649712353868301
"61418",1.52933673039489,1.17513150505541,1.32298225681105,-0.147850751755639,-0.354205225339477,-0.206354473583837
"43620",0.559554942025529,0.53349031753658,0.544784747280443,-0.0112944297438623,-0.0260646244889484,-0.0147701947450861
"258509",6.82671312739363,1.87992460036272,3.2223780878988,-1.34245348753608,-4.94678852703091,-3.60433503949483
"515965",0.478105994786344,0.566403121207744,0.527705150688059,0.038697970519685,0.0882971264214005,0.0495991559017154
"277148",0.215028113751206,0.403707588785647,0.332635147967002,0.0710724408186447,0.18867947503444,0.117607034215795
"254537",2.44094915990279,0.932628422101021,1.43596130127612,-0.503332879175096,-1.50832073780177,-1.00498785862667
"69596",4.52638341915722,1.05800431755356,2.12191032001041,-1.06390600245685,-3.46837910160365,-2.4044730991468
"574522",2.26026341189114,1.2363087171317,1.60887504627315,-0.372566329141451,-1.02395469475943,-0.651388365617984
"277657",0.255317403959279,0.4694117384719,0.375047305781951,0.0943644326899495,0.214094334512621,0.119729901822672
"149575",7.01895593629975,2.0452654710509,3.45328057459892,-1.40801510354802,-4.97369046524885,-3.56567536170083
"293489",1.65178907372259,1.81352366822121,1.75117094301399,0.0623527252072138,0.161734594498619,0.0993818692914048
"423852",3.70485035398436,1.90383130465407,2.53199596922489,-0.628164664570814,-1.80101904933029,-1.17285438475947
"544126",5.0484719595865,3.70665579837449,4.13484776989594,-0.42819197152145,-1.34181616121201,-0.913624189690563
"89026",1.74979880598856,2.06809156974924,1.93725530171272,0.13083626803652,0.318292763760671,0.187456495724151
"99255",5.27565473284475,3.55482627042695,4.09891351048679,-0.544087240059838,-1.7208284624178,-1.17674122235796
"360699",0.060580412158607,0.121034839261869,0.0913254625578822,0.0297093767039865,0.0604544271032618,0.0307450503992753
"545981",0.0607244402187027,0.291051988450955,0.188409765341264,0.102642223109691,0.230327548232252,0.127685325122561
"331697",0.247723148233606,0.595251286415237,0.444241345932783,0.151009940482454,0.347528138181631,0.196518197699177
"168756",4.58155813171023,1.30164551925505,2.37104515580181,-1.06939963654676,-3.27991261245519,-2.21051297590842
"454420",0.541823416715962,0.428201823172304,0.478883340140781,-0.0506815169684766,-0.113621593543658,-0.062940076575181
"222974",0.107268180503672,0.494704491833683,0.338762572319226,0.155941919514456,0.387436311330011,0.231494391815555
"57483",0.08811086932195,0.308616135785831,0.199461783671107,0.109154352114724,0.22050526646388,0.111350914349157
"88796",6.49215765920196,2.53840940570475,3.72473350754612,-1.18632410184137,-3.95374825349721,-2.76742415165584
"352216",2.51053055099587,1.13585246069935,1.63248741927011,-0.49663495857076,-1.37467809029653,-0.878043131725769
"557432",1e-08,0.232849555550076,0.127848141632752,0.105001413917324,0.232849545550076,0.127848131632752
"358457",0.403125482697309,1.09437408381798,0.791280717884368,0.303093365933608,0.691248601120667,0.38815523518706
"407248",0.284437928609779,0.141458004800905,0.187063812705526,-0.0456058079046208,-0.142979923808874,-0.0973741159042533
"150963",1.22154315112883,0.795480185646968,0.943086461723935,-0.147606276076967,-0.426062965481866,-0.278456689404899
"116908",1.52127621462081,0.232250275230671,1.52127621462081,-1.28902593939014,-1.28902593939014,0
"185143",0.0497545129211909,0.230966964197188,0.144664522331975,0.086302441865213,0.181212451275997,0.0949100094107838
"474268",1.28764114252057,0.769585092756797,0.955802658500308,-0.18621756574351,-0.518056049763772,-0.331838484020262
"331578",3.01433106012502,1.15790439926753,1.85475801044497,-0.696853611177439,-1.85642666085749,-1.15957304968005
"319383",0.124059607439022,0.601554728879459,0.348375416763587,0.253179312115872,0.477495121440437,0.224315809324565
"85341",0.123704220550961,0.0771085732860492,0.0986507377025302,-0.0215421644164809,-0.0465956472649116,-0.0250534828484306
"545075",0.613998122996973,0.665418212708668,0.640315667596629,0.0251025451120387,0.0514200897116953,0.0263175445996566
"112328",2.41004871760099,1.5358124864443,1.87636355207323,-0.34055106562893,-0.874236231156693,-0.533685165527762
"406755",5.01739354977479,3.00403496743381,3.59752149157908,-0.593486524145269,-2.01335858234098,-1.41987205819571
"94581",0.0468385206936618,0.0975683284513737,0.0734691279568148,0.0240992004945589,0.0507298077577119,0.026630607263153
"525451",0.387657662741095,0.511112843434688,0.471416661218167,0.0396961822165203,0.123455180693593,0.0837589984770729
"265843",0.524010654476429,0.514630554906741,0.518781325798801,-0.00415077089205973,-0.00938009956968811,-0.00522932867762838
"566185",0.0101889723812558,0.40210149292024,0.215661575200307,0.186439917719933,0.391912520538984,0.205472602819051
"101585",2.68484501571703,2.29028675326961,2.43150484588959,-0.141218092619973,-0.394558262447412,-0.253340169827439
"249621",1.00380198863296,1.30722252508593,1.18297670237803,0.124245822707896,0.303420536452971,0.179174713745075
"267417",0.0761503714428412,0.314553665724168,0.201895468270997,0.112658197453171,0.238403294281327,0.125745096828156
"74396",1.60930289257484,1.05371287626617,1.28147118004635,-0.227758303780177,-0.555590016308663,-0.327831712528486
"173755",0.084136730151861,0.503513522934906,0.301561890481234,0.201951632453672,0.419376792783045,0.217425160329373
"342811",4.1453385459592,1.46241188515027,2.33631029437843,-0.873898409228166,-2.68292666080893,-1.80902825158077
"424275",7.70193972341764,1.75985151959164,3.39848169024661,-1.63863017065498,-5.94208820382601,-4.30345803317103
"564193",10,3.14950309021036,6.5653644800099,-3.41586138979953,-6.85049690978964,-3.4346355199901
"35860",3.62285856357941,3.3835942340901,3.45512128866786,-0.0715270545777629,-0.239264329489315,-0.167737274911552
"333697",6.83638410724565,2.38102375514074,3.69008411785516,-1.30906036271442,-4.45536035210491,-3.14629998939049
"101465",3.51075439312731,2.41766353303723,2.81729632960404,-0.399632796566813,-1.09309086009008,-0.693458063523267
"78356",3.8915299664359,4.35286840823569,4.20153685198022,0.151331556255469,0.461338441799783,0.310006885544314
"578036",0.129916893569803,0.212414204028134,0.175878818136319,0.0365353858918156,0.0824973104583313,0.0459619245665157
"51987",0.169016672137218,0.612321548391468,0.433262836778514,0.179058711612954,0.44330487625425,0.264246164641297
"344096",0.362788806959166,0.369384675731076,0.365960691146323,0.00342398458475374,0.00659586877190987,0.00317188418715614
"408196",0.498795389473678,1.37996634205098,0.961882830261768,0.418083511789217,0.881170952577306,0.463087440788089
"367989",3.4278858951011,1.22237185732896,1.88548309004942,-0.663111232720456,-2.20551403777214,-1.54240280505169
"221305",0.337865151062505,0.248885245882121,0.281911982820752,-0.0330267369386318,-0.0889799051803844,-0.0559531682417526
"183175",0.629761935065913,0.685355305512183,0.664007752009968,0.0213475535022146,0.0555933704462701,0.0342458169440555
"68940",0.0139589169189496,0.0277918915365097,0.0208237490557294,0.00696814248078025,0.01383297461756,0.00686483213677979
"342648",0.000674303808246965,0.229637945771968,0.129410750239758,0.10022719553221,0.228963641963721,0.128736446431511
"346981",0.0689836255200599,0.345488394138188,0.210362023387847,0.135126370750341,0.276504768618128,0.141378397867787
"136892",0.589773820993016,0.37829668740759,0.465010064807743,-0.0867133774001523,-0.211477133585425,-0.124763756185273
"324961",3.84631718580198,1.8512581407528,2.53147473254024,-0.680216591787443,-1.99505904504918,-1.31484245326174
"500579",1.85456034781667,1.4265313129713,1.5854063573345,-0.158875044363207,-0.428029034845376,-0.269153990482169
"449791",3.59216555397204,2.16869524826853,2.67820896367477,-0.509513715406243,-1.42347030570351,-0.913956590297269
"502168",0.0449678110743564,0.203605799844483,0.125107750699272,0.0784980491452108,0.158637988770127,0.080139939624916
"8331",0.0946188049079111,0.184915529955948,0.148489118879919,0.0364264110760285,0.0902967250480367,0.0538703139720083
"419809",0.256013476460606,0.66895215022444,0.44341671068947,0.22553543953497,0.412938673763834,0.187403234228864
"296453",0.530416773946836,0.35448393196407,0.426874410773714,-0.072390478809644,-0.175932841982766,-0.103542363173122
"518390",4.18601215248324,1.34034098567532,2.25467290137785,-0.914331915702535,-2.84567116680792,-1.93133925110538
"416486",1.42526084881935,1.57460773323486,1.50820198458635,0.0664057486485123,0.149346884415507,0.0829411357669947
"428885",0.406774296291264,0.297786235596774,0.341544313947685,-0.0437580783509111,-0.10898806069449,-0.0652299823435794
"97548",1.27346557272429,1.02022372533442,1.11749842099295,-0.0972746956585271,-0.253241847389866,-0.155967151731339
"230078",0.200032134235691,0.536846059087168,0.35937580590225,0.177470253184918,0.336813924851476,0.159343671666559
"184569",0.573016113192557,0.95198430480408,0.791157981410208,0.160826323393872,0.378968191611523,0.218141868217651
"209728",1.49413783759535,0.76011624691378,1.02891049687307,-0.268794249959293,-0.734021590681573,-0.46522734072228
"337335",0.720495316822332,1.033471289726,0.887179047661794,0.146292242064209,0.312975972903671,0.166683730839462
"324896",0.0443297305089614,0.0846602101334936,0.0664171855703228,0.0182430245631708,0.0403304796245322,0.0220874550613614
"220946",0.28911774352804,0.490139111973518,0.403673125419677,0.0864659865538409,0.201021368445477,0.114555381891636
"131689",0.134743274602078,0.0884088530990599,0.108504320804052,-0.0200954677049924,-0.046334421503018,-0.0262389537980256
"503022",4.08313099530903,1.15570254758991,2.03893833802354,-0.883235790433636,-2.92742844771912,-2.04419265728548
"534771",0.104161769550175,0.114597981594229,0.109501191553811,0.00509679004041809,0.0104362120440537,0.00533942200363563
"317085",1e-08,0.341948455269791,0.154456407767848,0.187492047501943,0.341948445269791,0.154456397767848
"39328",0.0772312717163325,0.0948349014836384,0.0862906694001054,0.00854423208353304,0.0176036297673059,0.0090593976837729
"344617",1.69127736824723,1.93141168626056,1.83571215460586,0.095699531654696,0.240134318013326,0.144434786358629
"205230",10,3.25165654213971,4.98400902537719,-1.73235248323748,-6.74834345786029,-5.01599097462281
"38811",0.16826686855249,0.969416210253839,0.668185065884759,0.30123114436908,0.801149341701349,0.499918197332269
"224219",0.0671755836496622,0.237192635293861,0.159769888220442,0.0774227470734188,0.170017051644198,0.0925943045707795
"236992",0.0512883238036174,0.168725906317906,0.11518707933036,0.0535388269875462,0.117437582514288,0.0638987555267422
"345807",0.821311837752254,0.612881964922612,0.696623645277085,-0.0837416803544725,-0.208429872829642,-0.124688192475169
"375874",0.178849407930196,0.288298259516742,0.23759642386433,0.0507018356524123,0.109448851586546,0.0587470159341333
"426531",2.33909598901147,1.59163861985819,1.88531896212338,-0.293680342265191,-0.747457369153284,-0.453777026888092
"369755",2.05940411672075,1.5459366859727,1.74232518095017,-0.196388494977466,-0.513467430748047,-0.317078935770581
"149968",0.0546045329178294,0.383781575993017,0.226013669529256,0.157767906463761,0.329177043075187,0.171409136611426
"366527",0.0274968106413898,0.17298453739879,0.103522854506214,0.0694616828925754,0.1454877267574,0.0760260438648245
"210972",0.408725962761438,0.403451440807109,0.405642968086306,-0.00219152727919708,-0.0052745219543287,-0.00308299467513162
"83956",0.0846217305634241,0.339618692808265,0.247107898200715,0.0925107946075497,0.25499696224484,0.162486167637291
"92730",1.26865635925186,0.906049954009052,1.04148748264114,-0.135437528632092,-0.362606405242812,-0.22716887661072
"161771",5.19019727566171,3.98462544051186,4.37897321287272,-0.394347772360855,-1.20557183514985,-0.811224062788991
"193979",0.481518756900908,1.10474298445034,0.859617562455109,0.245125421995229,0.62322422754943,0.378098805554201
"213554",4.32804138120184,4.44635256324251,4.40644302962852,0.0399095336139892,0.118311182040673,0.0784016484266834
"266866",3.15784190291975,1.91025566152707,2.33497644074926,-0.424720779222196,-1.24758624139268,-0.822865462170483
"281919",4.79759907026601,3.94337667593197,4.22006968596873,-0.276693010036761,-0.854222394334041,-0.57752938429728
"284101",4.93247578181953,4.30042918392406,4.50955898719455,-0.20912980327049,-0.632046597895469,-0.422916794624979
"3759",7.79724322194531,5.94890429447436,6.41223673291124,-0.463332438436876,-1.84833892747095,-1.38500648903408
"407036",2.05311954192876,4.1105406031344,3.27439670071715,0.836143902417243,2.05742106120563,1.22127715878839
"469657",1.1023615749158,0.847755125525212,0.938186388779672,-0.0904312632544599,-0.25460644939059,-0.16417518613613
"83757",0.71470971670656,0.4681677322742,0.555426858619229,-0.0872591263450287,-0.24654198443236,-0.159282858087331
"567719",2.31964203109897,2.15166940292049,2.19858901258394,-0.0469196096634565,-0.167972628178486,-0.121053018515029
"166609",3.86794152151751,1.80023166951753,2.51276156900308,-0.712529899485555,-2.06770985199999,-1.35517995251443
"412589",0.0091644905918363,0.146538518326935,0.0809114445916228,0.0656270737353125,0.137374027735099,0.0717469539997865
"165536",1.14401515474392,1.14019565973884,1.14180216368442,-0.00160650394557771,-0.00381949500507384,-0.00221299105949613
"488923",1e-08,0.378177021217867,0.204356789641555,0.173820231576312,0.378177011217867,0.204356779641555
"294659",0.136832345599288,0.401602469969647,0.273085427612535,0.128517042357112,0.264770124370359,0.136253082013247
"435952",1e-08,0.261656794179648,0.144846978326825,0.116809815852823,0.261656784179648,0.144846968326825
"96206",0.384080130904161,0.410827170406282,0.399393665653696,0.011433504752586,0.0267470395021214,0.0153135347495354
"356624",0.0889107849890855,0.305881264968548,0.203200169777612,0.102681095190936,0.216970479979463,0.114289384788527
"186179",0.510272237238793,1.04628602227549,0.818748845393671,0.227537176881814,0.536013785036692,0.308476608154878
"185423",10,2.47044926981066,4.7258499158334,-2.25540064602274,-7.52955073018934,-5.2741500841666
"310153",5.869368834609,2.70081204770651,3.63501295568894,-0.934200907982434,-3.16855678690249,-2.23435587892006
"345769",1.1069093352845,0.865659764376959,0.952361304367621,-0.0867015399906612,-0.24124957090754,-0.154548030916879
"116877",1.99378510566139,1.33307452225706,1.5688317683782,-0.23575724612114,-0.660710583404331,-0.424953337283191
"503622",0.544946632622115,0.386168132001499,0.452382502966106,-0.0662143709646072,-0.158778500620616,-0.0925641296560085
"62662",4.58249123699656,1.85369609161331,2.49105979206672,-0.637363700453419,-2.72879514538326,-2.09143144492984
"450837",3.15515286518698,1.88635636321623,2.33030868621523,-0.443952322998997,-1.26879650197075,-0.824844178971748
"237845",0.85688028966852,0.794431135669651,0.820639925913282,-0.0262087902436312,-0.0624491539988685,-0.0362403637552373
"388210",5.14103258836596,0.833731701384752,5.14103258836596,-4.30730088698121,-4.30730088698121,0
"347268",0.922504599233319,0.544831954537467,0.690251542436289,-0.145419587898822,-0.377672644695853,-0.23225305679703
"389619",0.290162477995161,0.278836772604072,0.282987350472968,-0.00415057786889567,-0.0113257053910885,-0.00717512752219279
"372338",0.15000164653096,1.03031008219495,0.576859953367774,0.453450128827171,0.880308435663985,0.426858306836814
"283101",3.18220379698581,1.95484161945677,2.36959526925795,-0.414753649801182,-1.22736217752904,-0.812608527727855
"107060",0.0478447285779396,0.128294311938014,0.0911056851676779,0.0371886267703357,0.080449583360074,0.0432609565897383
"330098",1.63747257603866,0.878677195856878,1.17351180571217,-0.29483460985529,-0.758795380181779,-0.46396077032649
"575991",0.863238222153506,1.01118200233721,0.958864383079665,0.0523176192575413,0.147943780183701,0.0956261609261593
"277090",1.56667950117673,0.93706853338397,1.19060870521915,-0.253540171835179,-0.629610967792762,-0.376070795957583
"561812",1e-08,0.0873485040734634,0.0500517535229745,0.0372967505504889,0.0873484940734634,0.0500517435229745
"347882",0.103633864568776,0.175567456287089,0.139380127124154,0.0361873291629347,0.0719335917183128,0.0357462625553782
"401103",4.65519530920464,0.80364829163534,4.65519530920464,-3.8515470175693,-3.8515470175693,0
"185727",0.393141393869897,0.235148105504896,0.291144501562463,-0.0559963960575673,-0.157993288365001,-0.101996892307434
"377507",0.392440009889137,1.21252659233941,0.857049849817478,0.355476742521928,0.820086582450269,0.464609839928341
"165859",0.180233498482423,0.468834150069271,0.355504578084424,0.113329571984846,0.288600651586848,0.175271079602001
"199332",0.976488864299388,1.54103826567899,1.30367307390566,0.237365191773336,0.564549401379605,0.327184209606269
"310082",2.66072078700034,2.56869213598917,2.60194032133162,-0.0332481853424555,-0.0920286510111774,-0.0587804656687219
"254239",0.892923249227692,0.892065898853784,0.892248733765579,-0.000182834911794605,-0.000857350373907884,-0.000674515462113279
"51012",0.448455970089685,0.724030910014182,0.586460338471853,0.13757057154233,0.275574939924497,0.138004368382167
"352468",0.664506580971187,0.621093345756437,0.637285937843192,-0.0161925920867548,-0.0434132352147492,-0.0272206431279943
"316970",2.05057490177814,1.25040829080956,1.5401840055982,-0.289775714788636,-0.800166610968581,-0.510390896179945
"330520",0.217899802947719,0.259411795170759,0.238620889115527,0.020790906055232,0.0415119922230391,0.0207210861678072
"12064",7.24406525458291,1.83889028685118,3.33455596070854,-1.49566567385737,-5.40517496773173,-3.90950929387437
"339214",3.48925405265736,2.30717780770935,2.73799359834934,-0.430815790639987,-1.18207624494801,-0.751260454308026
"411146",1.8083994675103,1.61224714366948,1.68576156577394,-0.0735144221044608,-0.19615232384082,-0.122637901736359
"278768",3.26554759561453,1.13300395194327,1.94600449483011,-0.813000542886839,-2.13254364367126,-1.31954310078442
"322963",0.135550283259139,0.588259849205814,0.344221015012292,0.244038834193522,0.452709565946676,0.208670731753154
"124962",3.67104406979017,3.58913327457595,3.61435958436095,-0.0252263097850061,-0.0819107952142284,-0.0566844854292223
"45945",3.8821346690354,3.4639794253364,3.59201090999846,-0.128031484662069,-0.418155243699001,-0.290123759036932
"99248",1.33254825592184,1.27864393287059,1.30171076972425,-0.0230668368536608,-0.0539043230512488,-0.030837486197588
"493447",0.0802980316207289,0.0848003525401212,0.0827259437372991,0.00207440880282213,0.00450232091939232,0.00242791211657019
"187517",0.319118227615501,0.18993820996432,0.253720025523962,-0.0637818155596419,-0.129180017651181,-0.0653982020915386
"440955",2.08249521773982,2.10787981794844,2.10027308250937,0.0076067354390652,0.0253846002086138,0.0177778647695486
"106548",4.16429361385979,1.63072121213689,2.48067884261804,-0.849957630481158,-2.5335724017229,-1.68361477124174
"8105",2.6694080576002,0.93806587590562,1.53743725147828,-0.599371375572662,-1.73134218169458,-1.13197080612192
"327465",0.918781112686357,0.766589442541559,0.831798169053172,-0.0652087265116132,-0.152191670144798,-0.0869829436331847
"316388",0.391699986430371,0.355473489989353,0.37022930136294,-0.0147558113735874,-0.0362264964410183,-0.0214706850674308
"65575",0.0687220214277758,0.200203733745432,0.133016313662181,0.0671874200832508,0.131481712317656,0.0642942922344053
"16836",0.101977665464222,0.192314850246422,0.1498986109848,0.0424162392616218,0.0903371847821999,0.0479209455205781
"371265",0.0746672628092427,0.160632072819477,0.116398352767019,0.0442337200524574,0.085964810010234,0.0417310899577766
"86610",0.263502038036334,0.245568307863173,0.25168404110313,-0.0061157332399564,-0.0179337301731612,-0.0118179969332048
"327380",0.180302814721584,0.173046447144942,0.176372789406016,-0.00332634226107376,-0.0072563675766413,-0.00393002531556755
"137468",0.385271748912198,0.738259407933825,0.565982900714237,0.172276507219589,0.352987659021627,0.180711151802038
"570551",0.655903494945136,1.02854230088956,0.862692461286939,0.165849839602623,0.372638805944426,0.206788966341803
"381547",1.9333310244992,1.38625813155496,1.58781468958371,-0.201556558028751,-0.547072892944241,-0.34551633491549
"195088",0.10329953524045,0.241059409779893,0.18033723307242,0.0607221767074737,0.137759874539443,0.0770376978319693
"15505",3.00709187632454,2.59402926048806,2.747028271243,-0.152999010754946,-0.413062615836486,-0.260063605081541
"237024",5.43319847683847,2.9638826891602,3.70765372764112,-0.743771038480915,-2.46931578767827,-1.72554474919735
"385761",1.80691289329295,2.0998369666838,1.97624229635114,0.123594670332665,0.292924073390851,0.169329403058186
"391886",1.46834959376354,1.87147910157153,1.71158343072262,0.159895670848915,0.403129507807993,0.243233836959078
"41417",0.619136758048404,0.899801012318012,0.792304094981806,0.107496917336205,0.280664254269608,0.173167336933402
"447071",1.63187918083381,1.20933046857153,1.35693381259699,-0.147603344025462,-0.422548712262277,-0.274945368236815
"461692",5.37482790893575,3.36677848872757,3.9928151418592,-0.626036653131622,-2.00804942020817,-1.38201276707655
"481912",1.39263107122201,2.05327557744054,1.78664369675224,0.266631880688299,0.660644506218522,0.394012625530223
"551986",6.40415065725915,2.25496968672354,3.45748892933913,-1.20251924261559,-4.14918097053562,-2.94666172792002
"201465",0.269780611309256,0.221095504552911,0.242342585932152,-0.0212470813792408,-0.0486851067563441,-0.0274380253771033
"50977",0.0703597335726033,0.256702081936239,0.169350303752304,0.087351778183935,0.186342348363635,0.0989905701797003
"49030",1.32553352408636,1.05915825197854,1.16373964789534,-0.104581395916801,-0.26637527210782,-0.161793876191019
"488085",0.316538700139369,0.635320724617745,0.493559549667655,0.14176117495009,0.318782024478376,0.177020849528286
"228151",0.847508504871295,1.35079717813912,1.14841370054224,0.202383477596879,0.503288673267827,0.300905195670948
"263344",2.7548199415496,0.766489682353262,1.40828046230805,-0.641790779954792,-1.98833025919634,-1.34653947924155
"50808",3.38038303121432,2.3167253331211,2.69459151518561,-0.377866182064515,-1.06365769809323,-0.685791516028714
"153262",2.94734947604294,1.8644109380837,2.22619844479295,-0.361787506709249,-1.08293853795924,-0.721151031249993
"52903",0.260213986728646,0.503710064759341,0.400695932097062,0.103014132662279,0.243496078030695,0.140481945368416
"128330",0.598801227895951,0.852953833030906,0.740434488661223,0.112519344369683,0.254152605134955,0.141633260765272
"176387",0.399316967350628,0.721062932567759,0.567685996837403,0.153376935730357,0.321745965217132,0.168369029486775
"170154",0.28929349105912,0.89289038023673,0.588196063089094,0.304694317147636,0.60359688917761,0.298902572029974
"287936",2.70566545788612,0.916313597003561,1.52790652532642,-0.611592928322856,-1.78935186088256,-1.17775893255971
"129285",0.939000847221853,0.439209725893423,0.618661501871253,-0.17945177597783,-0.49979112132843,-0.3203393453506
"125143",1e-08,0.337497184030287,0.173445512542984,0.164051671487303,0.337497174030287,0.173445502542984
"214372",6.03054274965534,2.61467344484312,3.61708213269757,-1.00240868785444,-3.41586930481222,-2.41346061695777
"221307",0.547230917883385,1.21081283871555,0.915248008001959,0.295564830713589,0.663581920832164,0.368017090118574
"423113",1e-08,0.141415272247696,0.0766852829009391,0.0647299893467568,0.141415262247696,0.0766852729009391
"377932",0.277710998100513,0.558167192447785,0.438724643272061,0.119442549175723,0.280456194347272,0.161013645171548
"37320",0.52751541776962,0.867337321673178,0.723210727134022,0.144126594539155,0.339821903903557,0.195695309364402
"535794",0.388017576094048,0.438316385789176,0.415479139104294,0.0228372466848816,0.050298809695128,0.0274615630102464
"470813",0.117772547463925,0.354614134448598,0.238380744870982,0.116233389577616,0.236841586984674,0.120608197407058
"87987",2.02740184038421,1.38998279872327,1.6305540126308,-0.240571213907532,-0.637419041660935,-0.396847827753403
"23538",0.0780538605007452,0.188264805106765,0.134435097809769,0.0538297072969954,0.110210944606019,0.056381237309024
"211276",2.46031888137994,1.30380788692404,1.72939599243005,-0.42558810550601,-1.1565109944559,-0.730922888949889
"96498",6.94551886711119,2.20526235411009,3.56210544008992,-1.35684308597984,-4.7402565130011,-3.38341342702126
"212532",0.459085105657539,0.519564358601451,0.492038200550719,0.0275261580507329,0.0604792529439121,0.0329530948931792
"369129",1.16717717038845,0.561465270564639,0.811965100643015,-0.250499830078376,-0.60571189982381,-0.355212069745435
"15231",0.0624210973584582,0.515372771921059,0.286488805106918,0.22888396681414,0.4529516745626,0.22406770774846
"75542",0.681063880438892,0.457205050891126,0.556686671600893,-0.0994816207097669,-0.223858829547766,-0.124377208837999
"274589",0.891833112941501,0.870406479948872,0.880112106878844,-0.00970562692997223,-0.0214266329926287,-0.0117210060626565
"388188",0.105177938185525,0.193013295688642,0.148879803711209,0.0441334919774329,0.0878353575031164,0.0437018655256836
"117121",0.151810863189883,0.106728432840453,0.127273697306197,-0.0205452644657436,-0.0450824303494305,-0.0245371658836868
"31327",0.00962452935354324,0.120579236891665,0.0691718795813804,0.0514073573102846,0.110954707538122,0.0595473502278372
"386895",0.682911302148633,0.18360207653688,0.377642395646269,-0.194040319109389,-0.499309225611753,-0.305268906502364
"69905",1.17058532643146,1.00478337502723,1.06961812743985,-0.0648347524126136,-0.165801951404225,-0.100967198991612
"89083",0.246715622765658,0.933968593274762,0.668015001990251,0.265953591284511,0.687252970509105,0.421299379224594
"251393",2.22715005056218,1.43598925234523,1.73994629361863,-0.303957041273405,-0.791160798216948,-0.487203756943543
"66334",1.32978173095354,2.45479358191045,1.98938089750909,0.465412684401362,1.12501185095691,0.659599166555547
"77944",1.82902086674619,1.70132505345589,1.75072734835704,-0.0494022949011479,-0.127695813290295,-0.0782935183891469
"279248",4.41357470127609,3.10056031619034,3.50249505421595,-0.40193473802561,-1.31301438508576,-0.911079647060148
"349248",1.92533539175975,1.71131880978536,1.79539282650104,-0.0840740167156793,-0.21401658197439,-0.129942565258711
"445741",1.46489081361274,0.986949643648609,1.17400309677992,-0.187053453131306,-0.47794116996413,-0.290887716832824
"267193",3.17905779804634,2.59425888210155,2.81224311357822,-0.21798423147667,-0.584798915944781,-0.366814684468111
"403864",1.03412120162201,1.87531594165915,1.48863369044839,0.386682251210754,0.841194740037134,0.454512488826379
"96852",0.81246156665706,0.905188130526834,0.865486185462563,0.0397019450642705,0.0927265638697733,0.0530246188055028
"385505",5.7510488891015,2.0339111367126,3.01579896916456,-0.981887832451961,-3.71713775238891,-2.73524991993694
"115084",0.117664174063451,0.157541355174336,0.138895278212788,0.0186460769615485,0.0398771811108847,0.0212311041493362
"181180",7.06699466490045,2.41418121504413,3.78849784419913,-1.37431662915501,-4.65281344985632,-3.27849682070132
"202791",4.09962905522718,1.97468313520675,2.72349951575639,-0.748816380549633,-2.12494592002043,-1.37612953947079
"382286",7.89191972886934,1.86607830239248,3.56012935868956,-1.69405105629707,-6.02584142647686,-4.33179037017979
"325969",0.302611318562239,0.687313306625809,0.500364906641232,0.186948399984577,0.384701988063571,0.197753588078994
"302976",0.263022903651511,0.431229205295434,0.344716085048403,0.0865131202470317,0.168206301643923,0.0816931813968916
"24602",0.178223794225912,0.377447374500106,0.296547798928594,0.0808995755715123,0.199223580274194,0.118324004702682
"468721",5.33162277245927,3.01624963111088,3.72784280965789,-0.711593178547012,-2.31537314134839,-1.60377996280138
"455588",1e-08,0.319040152297568,0.157374843558824,0.161665308738744,0.319040142297568,0.157374833558824
"7476",0.611881712292688,0.347493656610084,0.459446005884693,-0.111952349274609,-0.264388055682603,-0.152435706407994
"447114",3.3035937209093,2.24072377400373,2.61497488185741,-0.374251107853677,-1.06286994690557,-0.688618839051895
"411251",0.503635886342167,0.229808571141696,0.332311513435822,-0.102502942294126,-0.27382731520047,-0.171324372906345
"90281",2.41044731253383,1.60394965264688,1.92237897302297,-0.318429320376085,-0.806497659886946,-0.488068339510861
"116243",3.52454675519754,1.5532176694076,2.19808660147776,-0.644868932070167,-1.97132908578994,-1.32646015371977
"153941",2.55670079335224,2.9523663824244,2.80521288617945,0.147153496244949,0.395665589072162,0.248512092827213
"167638",3.13735094036634,1.80804423629735,2.24692530526306,-0.438881068965711,-1.32930670406899,-0.890425635103276
"178775",0.499942357408667,1.61008827397426,1.12636654849244,0.483721725481821,1.11014591656559,0.626424191083772
"208890",1.72323701573111,1.80522112864625,1.77264212624553,0.0325790024007206,0.0819841129151344,0.0494051105144138
"212767",10,3.08816949078141,5.13823081916677,-2.05006132838536,-6.91183050921859,-4.86176918083323
"218454",2.54881968388085,2.94367621905753,2.7975677141079,0.146108504949635,0.394856535176678,0.248748030227043
"92459",2.610292730109,2.68213319399188,2.65591717088039,0.0262160231114881,0.0718404638828773,0.0456244407713893
"425940",0.739372007051032,1.75659607851179,1.33217446983552,0.424421608676262,1.01722407146076,0.592802462784493
"231417",0.271431063176215,0.489265566241807,0.399300398607153,0.0899651676346541,0.217834503065592,0.127869335430938
"516953",4.2229142463947,3.21153540506719,3.52455632048505,-0.31302091541786,-1.01137884132751,-0.69835792590965
"17548",0.0889563838355194,0.0664562947188963,0.0779520355252051,-0.0114957408063088,-0.0225000891166232,-0.0110043483103144
"323859",2.62276297447352,1.35157086103897,1.83933986104825,-0.487769000009274,-1.27119211343455,-0.783423113425278
"12448",0.620675718971437,0.712511450537666,0.676962673288285,0.0355487772493814,0.091835731566229,0.0562869543168476
"346931",1.33708201103758,1.05636862025728,1.16742944110367,-0.11106082084639,-0.280713390780301,-0.169652569933911
"497547",0.297584083635307,0.729963659336001,0.488526306883267,0.241437352452734,0.432379575700694,0.19094222324796
"255939",2.40728518151269,2.938753326629,2.74035911577578,0.198394210853222,0.531468145116306,0.333073934263085
"291901",3.12372381958313,2.25974058394391,2.56378642047985,-0.30404583653594,-0.86398323563922,-0.55993739910328
"125228",2.59293146853695,2.54199206835132,2.56063306065992,-0.0186409923085935,-0.050939400185622,-0.0322984078770285
"410972",1.35104599998075,1.12174882033008,1.21384969192448,-0.0921008715943945,-0.229297179650672,-0.137196308056278
"356581",0.0918844020343092,0.173583452269552,0.134966666494014,0.0386167857755381,0.081699050235243,0.0430822644597049
"518025",0.683582348324508,0.887951926615659,0.801413500802133,0.0865384258135261,0.204369578291151,0.117831152477625
"125304",0.813326412568699,1.43667096690851,1.16921568409921,0.267455282809305,0.623344554339813,0.355889271530508
"440357",0.632197026911231,0.706440869866287,0.67674093250278,0.0296999373635071,0.0742438429550555,0.0445439055915484
"402098",0.277787235524802,0.353227524352892,0.325186018460619,0.0280415058922739,0.0754402888280906,0.0473987829358166
"176231",0.442900088471619,0.371488318020689,0.401567458199264,-0.0300791401785757,-0.0714117704509299,-0.0413326302723543
"376209",0.578704969795922,0.399453457011499,0.478158941361273,-0.0787054843497741,-0.179251512784423,-0.100546028434648
"153855",0.0358673460904595,0.0765842423657591,0.0559532956451498,0.0206309467206093,0.0407168962752996,0.0200859495546902
"579038",1.66441602285769,1.23187396276363,1.38552892854286,-0.153654965779235,-0.432542060094062,-0.278887094314827
"54352",10,3.36585175707265,5.03183226327283,-1.66598050620018,-6.63414824292735,-4.96816773672717
"132778",0.126991083556795,0.407291520456257,0.259517294986136,0.147774225470121,0.280300436899462,0.132526211429341
"130894",1e-08,0.175722442485487,0.093536334908387,0.0821861075771002,0.175722432485487,0.093536324908387
"496254",0.0783698677231181,0.368373821423704,0.223811398692803,0.144562422730901,0.290003953700586,0.145441530969684
"234913",6.6661212865718,2.63058805970224,3.83573636625535,-1.20514830655311,-4.03553322686957,-2.83038492031646
"312838",10,3.03301727251691,5.02671213227437,-1.99369485975746,-6.96698272748309,-4.97328786772563
"308743",0.0807565572891665,0.15801131463871,0.119218228042493,0.0387930865962173,0.0772547573495438,0.0384616707533265
"135736",10,2.8021965299888,5.00148646850613,-2.19928993851733,-7.1978034700112,-4.99851353149387
"149924",5.87322619713429,2.97715805660052,3.87037662897483,-0.893218572374316,-2.89606814053378,-2.00284956815946
"54669",10,4.20803850408579,6.45582295750299,-2.2477844534172,-5.79196149591421,-3.54417704249701
"341690",2.55650161318295,2.02792295165338,2.21132251873118,-0.183399567077796,-0.528578661529572,-0.345179094451776
"308887",0.00549263056620635,0.0464060529168827,0.0271721353053929,0.0192339176114899,0.0409134223506764,0.0216795047391865
"525856",0.0179493093611314,0.136775221636536,0.084068183198207,0.0527070384383292,0.118825912275405,0.0661188738370756
"445800",0.568745706084479,0.892895923376679,0.755352461570264,0.137543461806414,0.3241502172922,0.186606755485785
"380210",0.0121088386724617,0.68069160656374,0.393234417513046,0.287457189050694,0.668582767891279,0.381125578840584
"150993",0.278391735974205,0.450793595988216,0.381027840459181,0.0697657555290354,0.172401860014011,0.102636104484975
"294698",2.30759685631768,1.79033017086201,1.9650347489954,-0.174704578133387,-0.517266685455668,-0.342562107322281
"215453",0.444733209963952,0.840760066384719,0.644816974950386,0.195943091434333,0.396026856420767,0.200083764986434
"347639",0.376634803868771,0.186797228561429,0.278027902620899,-0.0912306740594704,-0.189837575307342,-0.0986069012478715
"186895",3.12244017714686,2.3240629921497,2.6024433350713,-0.278380342921599,-0.798377184997158,-0.519996842075559
"210357",0.212194927361955,0.98073631032942,0.604501955693652,0.376234354635768,0.768541382967465,0.392307028331698
"409707",3.33969886172059,1.96155114642558,2.43124801017747,-0.469696863751897,-1.37814771529501,-0.908450851543114
"234934",2.79802928505509,1.50466436664058,1.91453644089802,-0.409872074257438,-1.29336491841452,-0.883492844157077
"442749",0.054788901825235,0.201636012756853,0.133811004923248,0.0678250078336048,0.146847110931618,0.0790221030980134
"5523",0.128734091076585,0.339811363423464,0.235052732699401,0.104758630724062,0.211077272346879,0.106318641622817
"176019",0.845309077700542,0.70957946595216,0.765654651759168,-0.056075185807008,-0.135729611748382,-0.0796544259413738
"131523",4.43539090623621,1.38104283535031,2.38901137766549,-1.00796854231519,-3.0543480708859,-2.04637952857072
"407098",2.9654195100511,1.72306454450623,2.13988312120997,-0.41681857670374,-1.24235496554486,-0.825536388841122
"411806",0.157281373388675,0.198980557686519,0.178389774464192,0.0205907832223265,0.0416991842978442,0.0211084010755176
"447508",0.129457267596309,0.0924327306754713,0.110705116556906,-0.0182723858814352,-0.0370245369208379,-0.0187521510394027
"2605",0.502450561620233,0.410001252316755,0.448239662936866,-0.0382384106201107,-0.0924493093034778,-0.0542108986833671
"305465",0.105428673320577,0.754991988731001,0.473059633816539,0.281932354914462,0.649563315410424,0.367630960495962
"337256",0.354326807593991,0.48532803338702,0.430554228872303,0.0547738045147166,0.131001225793029,0.0762274212783122
"39595",6.16845084148227,2.45603968251165,3.51591827570049,-1.05987859318885,-3.71241115897063,-2.65253256578178
"389287",2.86910550200465,2.53202078043797,2.65067205480366,-0.118651274365698,-0.337084721566687,-0.218433447200989
"542762",0.90061029877263,1.2437777738365,1.10720973715206,0.136568036684443,0.343167475063873,0.20659943837943
"187889",0.0872743956251227,0.294101739414059,0.200573938472798,0.0935278009412611,0.206827343788937,0.113299542847676
"576731",1.85092437367875,1.07558303582296,1.33023342848827,-0.254650392665314,-0.775341337855787,-0.520690945190474
"287297",0.208772059655018,0.362385306081961,0.282872595437795,0.0795127106441662,0.153613246426943,0.0741005357827773
"301925",0.026986634092248,0.209167555739154,0.122155749427858,0.0870118063112962,0.182180921646906,0.09516911533561
"62152",2.28390505324215,1.1526353267489,1.56921012605648,-0.416574799307575,-1.13126972649324,-0.71469492718567
"126910",0.0627052337589354,0.147420246378375,0.108846386463919,0.0385738599144563,0.0847150126194395,0.0461411527049832
"391920",0.361151118533265,0.971635290029282,0.665089954061352,0.30654533596793,0.610484171496017,0.303938835528087
"33703",0.754220146179847,0.77770003763973,0.767544448476651,0.0101555891630787,0.0234798914598828,0.0133243022968041
"155929",0.467979280042464,0.905885057760818,0.724604174347245,0.181280883413573,0.437905777718354,0.256624894304781
"83860",1e-08,0.109961917130618,0.0554062359987518,0.0545556811318664,0.109961907130618,0.0554062259987518
"260303",0.761392016829213,0.479834891647877,0.579640018884628,-0.0998051272367515,-0.281557125181337,-0.181751997944585
"208976",5.07455852894299,3.45718400287277,3.95950508232338,-0.502321079450608,-1.61737452607022,-1.11505344661961
"237180",2.30923819232881,3.40825831497942,2.98806114272034,0.420197172259076,1.09902012265061,0.678822950391539
"307210",4.58767247155804,3.68897277216766,3.96827637535577,-0.279303603188107,-0.89869969939038,-0.619396096202273
"312576",0.723586989470205,0.910284685134909,0.839877984152311,0.0704067009825975,0.186697695664703,0.116290994682106
"38107",3.96885942619787,4.29067017937689,4.18657302270452,0.104097156672369,0.321810753179022,0.217713596506654
"508988",1.55591739840816,1.65272471045686,1.61624698828093,0.036477722175932,0.0968073120486985,0.0603295898727665
"175586",3.40976783271439,2.13615088142888,2.57895071455122,-0.442799833122337,-1.27361695128551,-0.830817118163171
"187184",0.856323393813308,0.572693146668281,0.68916169173597,-0.116468545067688,-0.283630247145027,-0.167161702077338
"244242",0.976270036423755,1.25010635108637,1.1390618373226,0.111044513763777,0.273836314662617,0.16279180089884
"139626",3.17933850882126,2.65186793257283,2.84786375583186,-0.19599582325903,-0.527470576248432,-0.331474752989402
"535084",0.799160488385916,1.27008747965054,1.08841151664296,0.181675963007586,0.470926991264626,0.28925102825704
"26156",0.358790426952282,0.587214715191057,0.480293508750143,0.106921206440914,0.228424288238775,0.121503081797861
"113630",0.54235428423211,0.813275903918791,0.699938936137751,0.113336967781039,0.270921619686681,0.157584651905642
"267354",0.154633462728304,0.613650158304711,0.410901130736825,0.202749027567886,0.459016695576407,0.256267668008521
"505864",0.135017569261551,0.195123226922371,0.164707160344426,0.030416066577945,0.0601056576608194,0.0296895910828744
"485995",1.6816795842238,1.78417223185108,1.74534800556812,0.0388242262829688,0.102492647627282,0.0636684213443133
"440436",0.0186433224589172,0.0679423091831323,0.0434778215510718,0.0244644876320605,0.0492989867242151,0.0248344990921546
"340126",0.415214267402016,0.488168077616668,0.456572493829609,0.0315955837870591,0.0729538102146522,0.0413582264275931
"450912",0.283226873493892,0.377891082853536,0.331387917578988,0.0465031652745481,0.0946642093596431,0.0481610440850951
"315797",0.742427894850218,0.302327116558759,0.49199735360784,-0.189670237049081,-0.440100778291459,-0.250430541242378
"557725",0.130083531466794,0.346833566146194,0.246997889243419,0.0998356769027748,0.2167500346794,0.116914357776625
"463488",0.208771399317413,0.595878777811391,0.385058101670059,0.210820676141332,0.387107378493979,0.176286702352646
"118404",5.41744212610018,2.53679442279842,3.37025748309152,-0.8334630602931,-2.88064770330176,-2.04718464300866
"407467",0.262788081340343,0.271057175898667,0.268127183809982,0.00292999208868433,0.00826909455832414,0.00533910246963981
"239600",1.30887003871736,0.715626534823038,0.915117204717678,-0.19949066989464,-0.593243503894324,-0.393752833999684
"470755",1.60662084796708,0.822230066809565,1.12303992969567,-0.300809862886103,-0.784390781157518,-0.483580918271415
"22235",0.307894922943426,0.715095035898862,0.566693026534818,0.148402009364044,0.407200112955436,0.258798103591392
"38593",0.556719272071899,2.27890417715729,1.57556201663598,0.703342160521314,1.72218490508539,1.01884274456408
"8153",0.393118604323018,0.416966087732105,0.406513476442372,0.0104526112897333,0.023847483409087,0.0133948721193537
"379627",1e-08,0.859061695909673,0.439103333501837,0.419958362407835,0.859061685909673,0.439103323501837
"300751",0.953204147544266,1.70439662221921,1.37195071540515,0.332445906814061,0.751192474674949,0.418746567860888
"243520",7.31593297187609,2.31814121447354,3.78636769342102,-1.46822647894749,-4.99779175740255,-3.52956527845507
"279173",3.96967345505125,2.05751789478315,2.73416547663087,-0.676647581847714,-1.9121555602681,-1.23550797842038
"280301",1.51136134685023,0.719142526466046,1.00515040797456,-0.286007881508518,-0.792218820384187,-0.506210938875669
"401858",1.76730373880862,0.742378026208268,1.13639437187236,-0.394016345664093,-1.02492571260036,-0.630909366936262
"562044",0.119553185803118,0.379094349889801,0.250303649193662,0.128790700696139,0.259541164086683,0.130750463390544
"239757",2.11767126106915,1.50172903063471,1.73600831886354,-0.234279288228829,-0.615942230434436,-0.381662942205607
"87286",1.22328616175992,1.32256681489179,1.28068622082489,0.0418805940669025,0.0992806531318724,0.0574000590649699
"534443",2.77293188196967,1.31514352488394,1.87411454913088,-0.558971024246938,-1.45778835708573,-0.898817332838793
"78986",0.0613609927304998,0.193520676811488,0.13228272632411,0.0612379504873785,0.132159684080989,0.0709217335936101
"287457",1.56266002123817,1.73159563936716,1.68096243999694,0.0506331993702265,0.168935618128995,0.118302418758768
"333025",0.870159664439902,0.582492187689449,0.694180622190762,-0.111688434501313,-0.287667476750453,-0.17597904224914
"316905",0.102434937376524,0.149170626132144,0.127441389795745,0.021729236336399,0.0467356887556201,0.0250064524192212
"250450",6.90830958977648,2.02362606009131,3.3976748902114,-1.37404883012009,-4.88468352968517,-3.51063469956509
"263064",0.0686279876430724,0.39949699254309,0.236458511979739,0.163038480563351,0.330869004900018,0.167830524336667
"545170",0.055143687239349,0.347961612659916,0.206771697795098,0.141189914864818,0.292817925420567,0.151628010555749
"205419",2.31180401813422,1.38139833655273,1.72798663280447,-0.34658829625174,-0.930405681581488,-0.583817385329748
"259759",3.29329495735812,1.93418013542399,2.39643432091733,-0.46225418549334,-1.35911482193413,-0.896860636440792
"32244",0.971702618639871,0.610599244647189,0.758560604075795,-0.147961359428606,-0.361103373992683,-0.213142014564077
"302930",4.94968460853432,2.33105235572728,3.05511672235689,-0.724064366629605,-2.61863225280704,-1.89456788617743
"369782",0.412684287075981,0.755654229781744,0.620849977412395,0.134804252369349,0.342969942705763,0.208165690336414
"525226",1.82149963788316,1.50772273079919,1.62448489655139,-0.116762165752197,-0.313776907083974,-0.197014741331776
"555084",7.32445474612624,0.278249255789872,7.32445474612624,-7.04620549033637,-7.04620549033637,0
"456288",10,4.85061503916856,6.94687669388879,-2.09626165472023,-5.14938496083144,-3.05312330611121
"539322",1.45341298310523,0.875781156768583,1.09602871477012,-0.220247558001532,-0.577631826336648,-0.357384268335116
"187561",0.463215516439627,0.878193435931866,0.690855683630216,0.18733775230165,0.414977919492239,0.227640167190589
"513540",1.57986264856048,0.818778162135098,1.11100477293896,-0.292226610803858,-0.761084486425383,-0.468857875621525
"204010",0.180624581479339,0.171236287310224,0.175307635493414,-0.00407134818319052,-0.00938829416911477,-0.00531694598592425
"382666",0.227352062790966,0.371940929285695,0.297954286006649,0.0739866432790459,0.144588866494729,0.0706022232156833
"103239",0.801465077281005,0.751590586595226,0.772396665257571,-0.020806078662345,-0.0498744906857786,-0.0290684120234337
"160134",0.0220820300112231,0.147241447159574,0.0843067099034124,0.0629347372561615,0.125159417148351,0.0622246798921893
"56066",1.55545744755377,0.701702505236102,1.01376910365205,-0.312066598415948,-0.853754942317667,-0.541688343901719
"297713",4.23793011855336,1.48607634833365,2.38935669274174,-0.903280344408088,-2.75185377021971,-1.84857342581162
"328136",4.31295884759939,2.95785434973954,3.36352195207708,-0.405667602337541,-1.35510449785985,-0.949436895522305
"454547",0.0363485309896421,0.15331238889468,0.093195507816831,0.060116881077849,0.116963857905038,0.0568469768271889
"427554",0.185832064437812,0.524303445120695,0.390069257249231,0.134234187871464,0.338471380682883,0.204237192811419
"124164",1.60933203802316,1.73831830360882,1.69032192088872,0.047996382720102,0.128986265585662,0.0809898828655597
"152395",0.942867786373223,0.853268897904421,0.884039448812444,-0.0307705509080225,-0.0895988884688024,-0.0588283375607799
"495533",1.42273745400438,2.27828100450661,1.93715588970311,0.341125114803494,0.855543550502225,0.514418435698731
"255484",0.337573359710566,0.186097860425069,0.23517502117565,-0.0490771607505807,-0.151475499285497,-0.102398338534917
"499068",0.0527911281772002,0.150952722710626,0.102462848863837,0.0484898738467889,0.0981615945334255,0.0496717206866367
"539336",9.37672814127422,5.02245951519962,6.07557140740394,-1.05311189220432,-4.3542686260746,-3.30115673387028
"564611",1.99737870769341,1.79411558146557,1.87396874589701,-0.0798531644314329,-0.203263126227831,-0.123409961796398
"93927",10,3.740199842509,5.51782099085944,-1.77762114835044,-6.259800157491,-4.48217900914056
"172627",0.00364670255756772,0.2892194330785,0.163105008136667,0.126114424941832,0.285572730520932,0.1594583055791
"187715",0.590825810974785,0.388332344987099,0.475836368126235,-0.0875040231391355,-0.202493465987686,-0.11498944284855
"463211",1e-08,0.357441150457891,0.183112891944516,0.174328258513376,0.357441140457891,0.183112881944516
"513783",0.185129051159219,0.332030568691492,0.263650974167213,0.0683795945242782,0.146901517532272,0.0785219230079941
"234585",0.0977286745607762,0.391776379896116,0.279573655711541,0.112202724184574,0.294047705335339,0.181844981150765
"141685",0.0841396475220016,0.300483809294129,0.188951780348277,0.111532028945852,0.216344161772127,0.104812132826276
"496081",2.78906456558032,2.39105939137438,2.53078327933997,-0.139723887965598,-0.398005174205946,-0.258281286240349
"80737",3.09174358512093,2.27454145413597,2.56397268903594,-0.289431234899971,-0.817202130984967,-0.527770896084996
"266086",3.1257964344999,2.28288278720501,2.57691851587867,-0.294035728673664,-0.842913647294889,-0.548877918621226
"315086",4.05672982869672,2.86616050254109,3.21359186014604,-0.347431357604946,-1.19056932615562,-0.843137968550678
"505458",0.257432768675699,1.15627134845541,0.784928788191947,0.371342560263459,0.898838579779707,0.527496019516248
"253231",0.197632708927409,0.238266715383583,0.220493274494813,0.0177734408887699,0.0406340064561738,0.0228605655674039
"557936",1e-08,0.500194833069059,0.246493883882572,0.253700949186487,0.500194823069059,0.246493873882572
"107123",4.37864131433817,1.80857694024082,2.7072951300234,-0.89871818978258,-2.57006437409735,-1.67134618431477
"19195",2.62503295120663,1.65375850048017,2.04583824693862,-0.392079746458448,-0.971274450726453,-0.579194704268005
"255978",5.02736818979511,3.2942094656126,3.81951300616924,-0.525303540556642,-1.73315872418251,-1.20785518362586
"355785",3.43762058447137,2.33920710076324,2.73598799432641,-0.396780893563174,-1.09841348370813,-0.701632590144956
"98306",0.78438024560363,1.25603300802169,1.07932722676755,0.176705781254139,0.471652762418056,0.294946981163917
"507378",3.49563655151045,2.10684170610589,2.5974539134075,-0.490612207301614,-1.38879484540456,-0.898182638102949
"466282",0.232537550877968,0.951473743590809,0.677332455640469,0.27414128795034,0.71893619271284,0.4447949047625
"462029",0.141179124222253,0.160224331340664,0.151387019205943,0.0088373121347208,0.019045207118411,0.0102078949836902
"62561",0.778711873482813,0.488240187156897,0.59116293668935,-0.102922749532453,-0.290471686325915,-0.187548936793462
"72447",1e-08,0.189110524085721,0.104661001418076,0.0844495226676442,0.189110514085721,0.104660991418076
"335240",1.25688474247972,1.21662201842087,1.232753195878,-0.016131177457132,-0.0402627240588547,-0.0241315466017227
"509155",0.884589856391561,1.56683915858188,1.27038676810818,0.296452390473707,0.682249302190321,0.385796911716614
"325244",0.195551561822429,0.184571305534465,0.189512718270693,-0.00494141273622822,-0.0109802562879646,-0.00603884355173637
"258438",1.49479818409129,1.57890406607554,1.54133668944169,0.0375673766338567,0.0841058819842511,0.0465385053503944
"326872",3.22462543375685,2.0979272346709,2.50274231986055,-0.404815085189659,-1.12669819908595,-0.721883113896292
"267059",0.151198289545494,0.247915587961225,0.218103787650786,0.0298118003104393,0.096717298415731,0.0669054981052917
"442328",4.50456143711093,4.28416095466766,4.32783064441395,-0.0436696897462943,-0.220400482443271,-0.176730792696977
"80255",0.111162180671732,1.29018357181231,0.753828372877448,0.536355198934862,1.17902139114058,0.642666192205715
"443493",0.0311556573954757,0.181696732357242,0.108987168773627,0.0727095635836154,0.150541074961766,0.0778315113781508
"417626",0.183520956144326,0.312449446246179,0.247189954125605,0.0652594921205744,0.128928490101853,0.0636689979812788
"496351",1.74027449856986,1.8853914331472,1.82809639040791,0.0572950427392893,0.145116934577338,0.0878218918380487
"202678",1.32155697571683,0.720569445803238,0.929879364677829,-0.209309918874591,-0.60098752991359,-0.391677611038999
"79480",2.58628381444347,2.51032583988197,2.53715887900276,-0.0268330391207829,-0.0759579745614944,-0.0491249354407115
"175538",0.462070892267675,0.22416911456404,0.313693571636792,-0.0895244570727518,-0.237901777703636,-0.148377320630884
"23815",0.730381896473552,1.46639529523766,1.17487566114389,0.291519634093767,0.736013398764105,0.444493764670338
"90730",1.67427782966994,0.72513530199359,1.08013293755556,-0.354997635561972,-0.949142527676349,-0.594144892114377
"509151",0.0573865689729915,0.426167383285305,0.244625621362989,0.181541761922316,0.368780814312314,0.187239052389997
"209730",0.755640963260639,1.12873236997191,0.987899378812937,0.140832991158974,0.373091406711272,0.232258415552297
"375037",0.204876763313813,0.763138113890417,0.508336533648491,0.254801580241926,0.558261350576604,0.303459770334678
"440649",0.0119381302277799,0.0424382805142594,0.0278310576554377,0.0146072228588217,0.0305001502864795,0.0158929274276579
"103448",0.519783554647049,0.51746935205136,0.518627944690667,-0.00115859263930762,-0.00231420259568926,-0.00115560995638164
"304962",0.252937302130506,0.710809469091453,0.49058685903962,0.220222610051833,0.457872166960946,0.237649556909113
"247014",10,1.8753243972958,10,-8.1246756027042,-8.1246756027042,0
"266080",10,3.33374777769686,5.04472295927544,-1.71097518157858,-6.66625222230314,-4.95527704072456
"289872",7.7001300650336,1.74276964356029,3.39389133574479,-1.6511216921845,-5.95736042147331,-4.30623872928881
"393601",0.078283024989163,0.777947575431624,0.390483085142209,0.387464490289415,0.699664550442461,0.312200060153046
"155893",0.211600480357978,0.315553734186719,0.275177463089524,0.0403762710971954,0.103953253828741,0.0635769827315457
"31947",0.515086904673063,0.448184933267214,0.477783319819147,-0.0295983865519331,-0.0669019714058482,-0.0373035848539151
"414735",0.0387026865153364,0.184340037492502,0.115519670001608,0.0688203674908942,0.145637350977166,0.0768169834862713
"438876",0.0423992035493034,0.138322605099835,0.0909701546107863,0.047352450489049,0.0959234015505319,0.0485709510614829
"49550",3.4191992826492,2.24498833900412,2.65685732664454,-0.411868987640422,-1.17421094364509,-0.762341956004664
"61483",0.286079482341819,1.21234702407415,0.815346103762568,0.39700092031158,0.926267541732329,0.529266621420749
"426864",1.403669225086,1.0363807598494,1.18077618302373,-0.144395423174336,-0.3672884652366,-0.222893042062263
"308517",0.0991524457903602,0.230189126855909,0.174110100813494,0.0560790260424157,0.131036681065549,0.0749576550231334
"139617",0.911584589691254,1.17327433017215,1.07003032729095,0.103244002881203,0.261689740480897,0.158445737599694
"98225",1.24182432811103,2.32970637937391,1.89975754620198,0.429948833171931,1.08788205126288,0.657933218090948
"158203",0.754458998676804,0.743344620629748,0.747791781008347,-0.00444716037859894,-0.0111143780470561,-0.00666721766845713
"260677",0.0446222801775247,0.172382537256673,0.106608564656644,0.065773972600029,0.127760257079149,0.0619862844791197
"76858",0.560636659553746,0.89582209317381,0.754804929209789,0.141017163964021,0.335185433620064,0.194168269656043
"364607",0.581608162834194,1.33852527041826,1.05432495790903,0.28420031250923,0.756917107584062,0.472716795074833
"524705",1e-08,0.169712421566486,0.0867793067205815,0.0829331148459045,0.169712411566486,0.0867792967205815
"121194",1.02565436100469,1.43686662235087,1.26375152412553,0.173115098225339,0.411212261346177,0.238097163120838
"542207",2.36137656526523,1.29036017887676,1.68737814808163,-0.397017969204871,-1.07101638638847,-0.673998417183601
"67955",2.14657473800723,1.29168043583253,1.59813463097104,-0.306454195138514,-0.854894302174701,-0.548440107036186
"403620",1.18793381198399e-08,0.831001026765434,0.463696293532438,0.367304733232996,0.831001014886096,0.4636962816531
"48058",0.297295480595182,0.396035649552009,0.356852592451159,0.0391830571008498,0.0987401689568266,0.0595571118559768
"308674",0.393264437169826,1.06460890206103,0.762989764534383,0.30161913752665,0.671344464891207,0.369725327364557
"246924",0.059962647484325,0.298041408772462,0.182032038660131,0.116009370112331,0.238078761288137,0.122069391175806
"24169",0.197371388103521,0.216880549976019,0.20815198068096,0.00872856929505805,0.0195091618724974,0.0107805925774393
"352201",0.0502524085815754,0.0723848563039352,0.0614310893278397,0.0109537669760955,0.0221324477223598,0.0111786807462643
"487424",0.846748517564217,1.59039333030092,1.28475974923961,0.305633581061316,0.743644812736707,0.438011231675391
"542022",0.36364091909075,0.680452773485323,0.533304941210794,0.147147832274529,0.316811854394573,0.169664022120044
"404887",0.150090948644865,0.536742605405284,0.378208065038121,0.158534540367163,0.386651656760419,0.228117116393256
"11317",1.91407531085604,3.00462075525547,2.60296378364024,0.401656971615232,1.09054544439943,0.688888472784194
"197573",1.37286736930417,1.3892200439987,1.38221914375323,0.00700090024546762,0.0163526746945255,0.00935177444905788
"202679",0.770456303442597,1.4746994464225,1.19537542667274,0.279324019749758,0.704243142979899,0.424919123230141
"257104",0.950338798092612,1.22337754005923,1.11289496068493,0.110482579374299,0.273038741966621,0.162556162592322
"346743",1.10714582431086,1.18819051596665,1.15459829854914,0.0335922174175014,0.0810446916557841,0.0474524742382827
"557013",10,3.37632954677916,5.1065427495601,-1.73021320278094,-6.62367045322084,-4.8934572504399
"568302",3.64582177021477,1.88340103241338,2.48640296587371,-0.603001933460324,-1.76242073780139,-1.15941880434106
"117743",5.1794098979677,3.08089786599509,3.70710045611498,-0.626202590119886,-2.0985120319726,-1.47230944185272
"555485",1.79087790482354,1.44633987606232,1.57424547577182,-0.127905599709501,-0.344538028761221,-0.216632429051719
"459044",1.20008300990224,1.23789632569376,1.22260360798309,0.0152927177106683,0.0378133157915168,0.0225205980808485
"382081",4.39847160832845,2.71292979226616,3.20417726776018,-0.491247475494015,-1.68554181606228,-1.19429434056827
"547869",0.109413168504762,0.229124848130652,0.169600276261891,0.0595245718687609,0.119711679625889,0.0601871077571285
"536297",3.74938484731826,1.9584947948366,2.57787913802196,-0.619384343185351,-1.79089005248165,-1.1715057092963
"485739",1.66955266561191,0.74338825852502,1.09113826975959,-0.347750011234569,-0.926164407086886,-0.578414395852317
"24556",0.067477057826235,0.250311558492944,0.157986907075768,0.0923246514171761,0.182834500666709,0.0905098492495328
"494618",1e-08,0.2759148200925,0.136050534508308,0.139864285584192,0.2759148100925,0.136050524508308
"117237",2.47576596963322,2.34464550482094,2.39223712226723,-0.0475916174462911,-0.131120464812279,-0.0835288473659883
"382002",2.61333405910687,1.12287863151873,1.66299586680572,-0.54011723528699,-1.49045542758814,-0.950338192301154
"381095",7.434783155255,1.69706420373299,3.25069841196466,-1.55363420823166,-5.73771895152201,-4.18408474329035
"481779",0.340448164630543,0.492659273542084,0.426182401314259,0.0664768722278245,0.15221110891154,0.0857342366837158
"84987",0.100090764366574,0.18825831008606,0.146548923637421,0.0417093864486389,0.0881675457194861,0.0464581592708471
"289304",3.50098718297032,2.67942032078796,2.90375644838928,-0.224336127601321,-0.821566862182356,-0.597230734581034
"150481",0.0853023743066968,0.343098703887322,0.214074035563726,0.129024668323596,0.257796329580625,0.128771661257029
"24733",4.31179903416236,1.44102815211662,2.37989500501708,-0.938866852900464,-2.87077088204574,-1.93190402914527
"122474",0.125617288641757,0.736322667799621,0.458422891203254,0.277899776596368,0.610705379157864,0.332805602561496
"256878",3.83069465766036,1.59169000733969,2.32007681760808,-0.728386810268383,-2.23900465032067,-1.51061784005228
"349778",0.943454727276256,0.858484338425696,0.88820102163559,-0.0297166832098933,-0.0849703888505601,-0.0552537056406668
"112291",1e-08,0.0995649268348318,0.0537836759881184,0.0457812508467134,0.0995649168348318,0.0537836659881184
"424015",1.25692335436292,0.868112393671271,1.0087060335991,-0.140593639927828,-0.388810960691654,-0.248217320763826
"404793",0.888531116111231,0.413569129696138,0.587532913061834,-0.173963783365696,-0.474961986415093,-0.300998203049397
"362907",2.29508223446362,2.562167582036,2.47043204129697,0.0917355407390348,0.267085347572383,0.175349806833348
"144795",4.69277860669625,3.25737260743935,3.70325613283772,-0.445883525398372,-1.4354059992569,-0.989522473858529
"316082",0.867747329138648,1.49729362071132,1.24079179965797,0.256501821053348,0.62954629157267,0.373044470519322
"331359",5.62830172560519,4.49201513831128,4.73548673532402,-0.243471597012737,-1.13628658729391,-0.892814990281178
"375272",1.61575548873067,0.962148931373565,1.2298776068814,-0.267728675507831,-0.653606557357101,-0.38587788184927
"248153",6.88488485947629,3.69575545073461,4.37432341447377,-0.678567963739161,-3.18912940874167,-2.51056144500251
"334101",0.131803762203009,0.802231456767903,0.480441887881281,0.321789568886623,0.670427694564894,0.348638125678272
"158112",3.50304059721317,1.98376589462821,2.50009610500089,-0.51633021037268,-1.51927470258496,-1.00294449221228
"332728",0.683608146626693,0.924104953493599,0.817919301208113,0.106185652285485,0.240496806866905,0.13431115458142
"50707",2.85132588541918,1.32403053117251,1.92185907512982,-0.597828543957303,-1.52729535424667,-0.929466810289369
"259600",2.48226728227699,0.90467306578687,1.43104666016105,-0.526373594374177,-1.57759421649012,-1.05122062211594
"524837",1.65457518504357,1.78443626918606,1.73218591562033,0.0522503535657237,0.129861084142483,0.0776107305767595
"4484",0.0236887391935222,0.454348666308643,0.289432069204235,0.164916597104407,0.43065992711512,0.265743330010713
"316580",3.61837844305447,2.0583329790044,2.60296609575216,-0.54463311674776,-1.56004546405007,-1.01541234730231
"253969",0.355933333330204,1.17347311722517,0.817933636603656,0.355539480621515,0.817539783894966,0.462000303273451
"380991",1.03840191713535,0.73012940277063,0.863613955907997,-0.133484553137367,-0.308272514364721,-0.174787961227354
"463158",0.0647329601702031,0.115660721466005,0.0912430966014686,0.0244176248645364,0.0509277612958019,0.0265101364312655
"313241",0.113859134133075,0.374035299747609,0.250297263502003,0.123738036245607,0.260176165614534,0.136438129368927
"358561",0.956382810081543,0.616536952930961,0.755102264951737,-0.138565312020775,-0.339845857150582,-0.201280545129806
"424989",6.68763950152076,2.54024640229349,3.77516761973961,-1.23492121744612,-4.14739309922727,-2.91247188178115
"66620",1.62481621331732,2.08608712119419,1.90371154422391,0.182375576970278,0.461270907876876,0.278895330906598
"304512",0.701303815557148,0.97139152130848,0.853682478131658,0.117709043176822,0.270087705751332,0.15237866257451
"57818",0.090180488232377,0.16430194612907,0.130159269605185,0.0341426765238854,0.0741214578966932,0.0399787813728079
"552023",0.0699480719056954,0.165901944969323,0.121465935395125,0.0444360095741984,0.0959538730636276,0.0515178634894292
"159599",1.45680573694928,0.889114062252,1.10860191024533,-0.219487847993334,-0.567691674697279,-0.348203826703944
"400290",0.329865011353028,0.277933479494401,0.296461865489111,-0.01852838599471,-0.0519315318586273,-0.0334031458639173
"208884",0.615779911138704,0.944959432375892,0.77436175160945,0.170597680766442,0.329179521237188,0.158581840470746
"55645",0.0282159964685993,0.109728414816917,0.0755490612848115,0.0341793535321052,0.0815124183483174,0.0473330648162122
"557720",0.564926329228508,0.7042170535489,0.651946189870116,0.0522708636787838,0.139290724320392,0.0870198606416082
"472346",2.15989794733283,2.50011619866825,2.37362728487527,0.126488913792988,0.340218251335423,0.213729337542435
"160432",0.388529186064856,0.355241477117031,0.368741615824806,-0.0135001387077744,-0.0332877089478248,-0.0197875702400504
"341987",0.131258136068805,0.233762188497011,0.185455287739366,0.0483069007576445,0.102504052428206,0.0541971516705612
"544376",1.54607251785632,1.40161476497862,1.46559691443497,-0.0639821494563522,-0.144457752877697,-0.0804756034213452
"406360",3.51836421877089,1.67121097019424,2.28142694192432,-0.610215971730086,-1.84715324857665,-1.23693727684657
"460901",0.044191290772609,0.140240156399439,0.0909709973312671,0.0492691590681721,0.0960488656268303,0.0467797065586582
"248571",0.782993909816661,1.06251814417016,0.934385747827788,0.128132396342375,0.279524234353502,0.151391838011127
"247376",1.60654647958183,1.04637176088547,1.27736042365937,-0.230988662773892,-0.560174718696356,-0.329186055922464
"79457",6.17781905951712,4.32184379544513,4.72644230916365,-0.404598513718518,-1.85597526407199,-1.45137675035348
"418402",0.2593322253251,0.151817637248663,0.200451169014152,-0.0486335317654896,-0.107514588076437,-0.0588810563109477
"342941",0.276821700021547,0.478240469736999,0.396097226880998,0.0821432428560014,0.201418769715452,0.119275526859451
"179535",0.976567045261885,1.01937064293494,1.00289731060716,0.0164733323277766,0.0428035976730554,0.0263302653452788
"333878",0.0135820082183878,0.325337132741529,0.187471845505658,0.137865287235871,0.311755124523141,0.17388983728727
"152665",2.9572282554492,2.54127425558167,2.69182196296437,-0.150547707382697,-0.415953999867523,-0.265406292484826
"507280",2.29174758095542,2.9201090623057,2.68430343518586,0.235805627119838,0.628361481350285,0.392555854230447
"432669",0.773991635711212,0.552620302909346,0.639203389817601,-0.0865830869082543,-0.221371332801865,-0.134788245893611
"513699",1.15570384503231,1.19889418875695,1.18205875212288,0.0168354366340746,0.0431903437246406,0.026354907090566
"398668",0.593279911815382,1.11569942906231,0.918113645264009,0.197585783798296,0.522419517246923,0.324833733448627
"136012",0.183725970446747,0.371604342191799,0.272685178660459,0.0989191635313405,0.187878371745052,0.0889592082137115
"26170",0.142954273849613,0.380901164062124,0.265571569110912,0.115329594951213,0.237946890212511,0.122617295261298
"353429",0.672344089766102,0.757511346138641,0.721573757170263,0.0359375889683781,0.0851672563725384,0.0492296674041603
"213330",0.352107869384372,0.36535910218375,0.358783149383414,0.00657595280033602,0.0132512327993771,0.00667527999904111
"475333",3.15844750497464,2.35956961030227,2.6424183897844,-0.282848779482129,-0.798877894672367,-0.516029115190238
"154912",1.70394607851197,1.71812820452405,1.71256939824896,0.00555880627509131,0.014182126012076,0.00862331973698471
"219873",6.21667633334826,2.62573166908234,3.68560496390845,-1.05987329482611,-3.59094466426593,-2.53107136943981
"200368",0.346549078398995,0.909718541451926,0.582355402524884,0.327363138927042,0.563169463052931,0.235806324125889
"315504",0.10175321032667,0.111385349620451,0.107148051592111,0.0042372980283409,0.00963213929378165,0.00539484126544075
"216596",1.43711706341369,2.15170038467943,1.86905770507863,0.282642679600799,0.714583321265741,0.431940641664941
"167732",0.422443413991469,0.3522726581516,0.386968857293488,-0.0346961991418874,-0.0701707558398687,-0.0354745566979813
"304691",1.58530994291936,1.64243495203816,1.62162930962588,0.0208056424122793,0.0571250091188027,0.0363193667065234
"566986",1.82608999587848,1.57994187072024,1.6696541357667,-0.0897122650464639,-0.246148125158242,-0.156435860111778
"11419",2.67614685448086,2.27223127406578,2.408471293437,-0.136240019371222,-0.403915580415076,-0.267675561043854
"531175",1.19924694655009,0.80248922127837,0.940095591914984,-0.137606370636614,-0.39675772527172,-0.259151354635106
"339813",0.207110945710692,0.169802456247707,0.186525922118019,-0.0167234658703121,-0.0373084894629852,-0.0205850235926731
"130268",0.227750217142405,0.567845328603503,0.42413790591256,0.143707422690943,0.340095111461098,0.196387688770156
"40965",1.89775526011323,0.60608266829085,1.08369244802255,-0.477609779731696,-1.29167259182238,-0.814062812090684
"385894",1.20674271200618,1.65256377610324,1.45418583402612,0.198377942077121,0.445821064097065,0.247443122019944
"65617",1.01997082502782,3.06941144860722,2.51834640240115,0.55106504620607,2.0494406235794,1.49837557737333
"402522",0.18484213963685,0.382171415508595,0.282368117888087,0.0998032976205075,0.197329275871745,0.097525978251237
"275925",1.72561338425301,0.622834618327914,1.02366532903355,-0.400830710705633,-1.10277876592509,-0.70194805521946
"325820",1.98798420258683,1.5687556944459,1.72573970812202,-0.156984013676122,-0.419228508140932,-0.26224449446481
"143440",10,3.14923039346677,5.38269546288957,-2.2334650694228,-6.85076960653323,-4.61730453711043
"161251",10,5.43054928500099,10,-4.56945071499901,-4.56945071499901,0
"177452",10,2.84700297391863,6.60270643833271,-3.75570346441408,-7.15299702608137,-3.39729356166729
"347052",10,4.76764564935389,7.87668728436054,-3.10904163500665,-5.23235435064611,-2.12331271563946
"383710",4.14919916580685,1.62628437632925,2.4610558656538,-0.834771489324551,-2.5229147894776,-1.68814330015305
"394260",3.94289901775493,1.92351667045005,2.61933753592002,-0.69582086546997,-2.01938234730488,-1.32356148183491
"408186",10,2.56154679897677,4.88005063187218,-2.31850383289541,-7.43845320102323,-5.11994936812782
"422403",10,4.39729100279743,7.60692617596488,-3.20963517316744,-5.60270899720257,-2.39307382403512
"428396",10,3.30900147124869,5.43203764056606,-2.12303616931737,-6.69099852875131,-4.56796235943394
"475284",7.07011537557349,2.1528418633865,3.54896160146829,-1.39611973808179,-4.91727351218699,-3.5211537741052
"575999",10,2.39587282148312,4.98075912747308,-2.58488630598996,-7.60412717851688,-5.01924087252692
"40866",0.219876089461708,0.934902822167378,0.582823059069825,0.352079763097552,0.71502673270567,0.362946969608118
"144297",1.40580227441781,1.15836916901373,1.2582335233609,-0.0998643543471736,-0.247433105404087,-0.147568751056913
"163279",0.0287452577146494,0.0585855716863902,0.0433452530200911,0.0152403186662991,0.0298403139717408,0.0145999953054417
"331126",2.75806879277776,1.95487261947401,2.22206950053809,-0.267196881064076,-0.803196173303746,-0.53599929223967
"20805",9.46349370761397,5.24060122972487,6.28292716097573,-1.04232593125086,-4.2228924778891,-3.18056654663824
"278776",10,6.96009179152323,8.89741012862633,-1.93731833710309,-3.03990820847677,-1.10258987137367
"305266",6.60727666642382,2.83608226862655,3.98677756428145,-1.1506952956549,-3.77119439779728,-2.62049910214238
"150666",5.10131358475424,4.54928318534062,4.66443095982938,-0.115147774488758,-0.552030399413614,-0.436882624924857
"181308",0.209471918968183,1.09817271844566,0.735514411145906,0.362658307299754,0.888700799477476,0.526042492177723
"282877",1.4261077108898,0.856781528050145,1.07799974919056,-0.221218221140418,-0.569326182839658,-0.34810796169924
"406107",0.133281987338305,0.282942753807545,0.212059676081765,0.0708830777257807,0.14966076646924,0.0787776887434592
"41368",1.02667296083325,1.45990374239773,1.27048948341538,0.189414258982354,0.433230781564477,0.243816522582123
"282976",1.09793231715559,1.40795455875738,1.28041348083116,0.127541077926215,0.310022241601783,0.182481163675568
"334371",0.84092428931207,0.783054622574221,0.807203535043907,-0.0241489124696863,-0.057869666737849,-0.0337207542681627
"133396",0.531991758314366,0.44320938153594,0.481959479262738,-0.038750097726798,-0.0887823767784264,-0.0500322790516284
"188828",1.76634455430821,1.09031948502334,1.37512007574702,-0.284800590723676,-0.676025069284867,-0.391224478561191
"295572",0.227937044396205,0.236228618923273,0.232336150671826,0.00389246825144687,0.0082915745270673,0.00439910627562043
"417300",0.00574120124135925,0.212501348454468,0.120419045320409,0.0920823031340591,0.206760147213109,0.11467784407905
"567028",0.103445720001222,0.288008857764096,0.192242034026369,0.0957668237377268,0.184563137762874,0.0887963140251474
"345927",0.12114099079709,0.241890126685172,0.18303869758129,0.0588514291038829,0.120749135888082,0.0618977067841994
"103237",1.50820727201414,2.5895641368865,2.13437464587926,0.455189491007241,1.08135686487237,0.626167373865124
"516885",2.66833993489731,3.25643982261788,3.0263800088966,0.230059813721284,0.588099887720575,0.358040073999291
"564198",0.88346309196214,1.61233477344228,1.30899589193026,0.30333888151202,0.728871681480138,0.425532799968118
"470033",6.3388754257457,2.27266187932929,3.42651381664987,-1.15385193732058,-4.06621354641641,-2.91236160909583
"23535",2.22562931360352,1.38882382732291,1.70248191734312,-0.313658090020213,-0.836805486280611,-0.523147396260398
"120149",2.18322874265054,1.66202694951936,1.86591709229723,-0.203890142777869,-0.521201793131179,-0.31731165035331
"368651",5.65004584970616,2.13221749588815,3.06858081046074,-0.936363314572596,-3.51782835381802,-2.58146503924542
"450845",0.173451463279526,0.995284558561862,0.596216280699074,0.399068277862788,0.821833095282336,0.422764817419548
"243231",0.247792172375351,0.816187550099467,0.542431616525335,0.273755933574131,0.568395377724116,0.294639444149985
"257500",2.51166498805553,1.04562906770964,1.56182398806578,-0.516194920356132,-1.46603592034588,-0.949840999989752
"218541",1e-08,0.526306585617222,0.272032459181281,0.254274126435941,0.526306575617222,0.272032449181281
"97679",0.646176947739061,0.599316981682569,0.616335921140932,-0.0170189394583627,-0.0468599660564917,-0.0298410265981289
"572139",1.57201422100763,0.647430221680369,0.975345556434169,-0.3279153347538,-0.924583999327258,-0.596668664573458
"471482",0.0992457712980138,0.505683841061022,0.29386635577004,0.211817485290982,0.406438069763008,0.194620584472026
"59055",0.221407825389181,0.436049908786793,0.324264539059639,0.111785369727153,0.214642083397611,0.102856713670458
"563597",3.19876785779669,2.23877610847962,2.58773781911915,-0.348961710639538,-0.95999174931708,-0.611030038677542
"454311",1.14540595422616,1.16279062849667,1.15601166480196,0.00677896369470843,0.0173846742705106,0.0106057105758022
"529934",2.85255552947819,2.91008621987217,2.88863684324732,0.0214493766248531,0.0575306903939805,0.0360813137691274
"566785",1.43872058712079,0.965697622341722,1.15086952931021,-0.185171906968484,-0.473022964779063,-0.287851057810579
"398345",0.0387716998035358,0.133935716896135,0.0886164788436953,0.0453192380524395,0.095164017092599,0.0498447790401595
"303807",1e-08,0.15188591073325,0.0768736338885036,0.0750122768447469,0.15188590073325,0.0768736238885036
"345190",0.0429425383351901,0.26666912750217,0.157234211027858,0.109434916474312,0.22372658916698,0.114291672692668
"170626",1e-08,0.474467327282084,0.217825980921499,0.256641346360586,0.474467317282084,0.217825970921499
"340253",2.03756538757167,1.21004163419222,1.49281716600575,-0.282775531813533,-0.827523753379452,-0.544748221565919
"44155",0.331206581019855,0.515288078976345,0.432144667257797,0.0831434117185474,0.184081497956489,0.100938086237942
"54838",1e-08,0.561078391443516,0.29799937476144,0.263079016682076,0.561078381443516,0.29799936476144
"384968",1e-08,0.249127815487505,0.129319070180875,0.119808745306629,0.249127805487505,0.129319060180875
"413130",0.660799480900594,1.69059592772519,1.26437213149751,0.426223796227686,1.0297964468246,0.603572650596912
"371260",0.693876579015553,1.22694704344347,1.02644093634573,0.200506107097734,0.533070464427912,0.332564357330178
"70582",0.553107967207044,0.891290769813922,0.752538132766719,0.138752637047203,0.338182802606877,0.199430165559674
"85874",3.93043364987544,1.44580526083986,2.23770025926084,-0.791894998420983,-2.48462838903558,-1.69273339061459
"275831",0.517807389009621,0.936128331672008,0.753679559394092,0.182448772277916,0.418320942662387,0.235872170384471
"410325",0.34915056454236,1.04752680758172,0.741201078862904,0.306325728718818,0.698376243039362,0.392050514320544
"63559",0.202614877512128,0.31351932421278,0.258486434380675,0.0550328898321051,0.110904446700652,0.0558715568685468
"4060",3.34243064166963,3.99184950795276,3.7848238424752,0.207025665477556,0.64941886628313,0.442393200805574
"102913",2.92583784664843,2.3926754969089,2.58259822880002,-0.189922731891119,-0.533162349739527,-0.343239617848409
"293170",1.30308034533647,1.15661649152683,1.21505810072345,-0.0584416091966167,-0.146463853809642,-0.0880222446130252
"118213",1.19628061146665,1.20583875399652,1.20182297492853,0.004015779067988,0.00955814252987164,0.00554236346188364
"300012",1.42761370404384,1.1734837413585,1.27995296521769,-0.106469223859191,-0.254129962685344,-0.147660738826153
"171323",4.96039084406117,3.0114853252958,3.58706729531379,-0.575581970017994,-1.94890551876537,-1.37332354874738
"72989",4.08965606420732,1.39084352644624,2.26475773359539,-0.873914207149147,-2.69881253776109,-1.82489833061194
"76818",1.75473468796862,1.1761486646178,1.37169405324743,-0.195545388629626,-0.57858602335082,-0.383040634721194
"57629",0.18063431253962,0.226450494037447,0.204601141851987,0.0218493521854596,0.0458161814978264,0.0239668293123668
"25",0.4087123292949,0.242606639998051,0.318901613135797,-0.0762949731377459,-0.166105689296849,-0.0898107161591032
"132056",2.39827636471916,1.45218519758351,1.80931086370597,-0.357125666122463,-0.946091167135652,-0.58896550101319
"179906",10,3.20339745429377,5.32174406508551,-2.11834661079174,-6.79660254570623,-4.67825593491449
"190828",6.22770319430167,3.04027976678921,4.02184781148202,-0.981568044692809,-3.18742342751246,-2.20585538281965
"25459",6.19471129917313,2.96256983429484,3.95501619245256,-0.992446358157728,-3.23214146487829,-2.23969510672057
"304314",10,5.00140955582911,7.19334002263773,-2.19193046680862,-4.99859044417089,-2.80665997736227
"336426",2.29060241759629,1.47862673254646,1.78238185728636,-0.303755124739906,-0.811975685049835,-0.508220560309929
"434466",2.07352974047956,1.6859683597326,1.83509252003427,-0.149124160301668,-0.387561380746963,-0.238437220445295
"372928",0.0717721041494008,0.806390287296945,0.462788305079007,0.343601982217938,0.734618183147544,0.391016200929606
"489658",1.25862999261995,0.857847861951176,1.01435061519534,-0.156502753244164,-0.400782130668774,-0.24427937742461
"360447",4.79698461694372,3.35822861346741,3.80556554107656,-0.447336927609153,-1.43875600347631,-0.991419075867161
"420089",0.343807178334342,1.08134313500512,0.776805117802146,0.304538017202972,0.737535956670776,0.432997939467804
"529232",1.11580998200056,0.67427028341752,0.817393472619994,-0.143123189202474,-0.441539698583038,-0.298416509380565
"497921",1e-08,0.210533409238853,0.104855913836913,0.10567749540194,0.210533399238853,0.104855903836913
"292499",0.110242046248682,0.338769291536353,0.230502485872102,0.108266805664251,0.228527245287671,0.120260439623421
"249189",0.876117913283687,0.856999738484135,0.863312330225859,-0.00631259174172405,-0.0191181747995519,-0.0128055830578279
"191535",0.114774947098444,0.479692495521627,0.29561574838956,0.184076747132067,0.364917548423183,0.180840801291117
"396200",0.440538442014836,0.50499569255055,0.476804547768786,0.0281911447817637,0.0644572505357135,0.0362661057539498
"319572",0.0107954561385996,0.307401499846443,0.187226589624642,0.120174910221801,0.296606043707844,0.176431133486043
"160637",0.0881153697204875,0.421525193075284,0.243989884059502,0.177535309015782,0.333409823354796,0.155874514339014
"126242",1e-08,0.422602684019335,0.229725037404149,0.192877646615186,0.422602674019335,0.229725027404149
"256638",0.265063612424109,0.359058246187971,0.320741785195274,0.0383164609926974,0.093994633763862,0.0556781727711645
"464023",0.227829641908979,0.240402409056504,0.236217180791049,0.00418522826545537,0.0125727671475257,0.00838753888207031
"546524",0.969513481522147,0.378262407559927,0.648236576742751,-0.269974169182824,-0.591251073962221,-0.321276904779396
"575660",0.563015034514626,0.717344537613672,0.640941091496611,0.0764034461170605,0.154329503099045,0.0779260569819848
"180158",1.49302772032005,2.09062558068902,1.85415442428262,0.236471156406407,0.597597860368972,0.361126703962565
"417053",6.43629213336306,2.3272440775183,3.49664299393096,-1.16939891641266,-4.10904805584476,-2.93964913943211
"24364",1.54188601447952,2.13703632431486,1.89503649122801,0.241999833086858,0.595150309835345,0.353150476748488
"223622",0.680901057748211,0.642688901268222,0.657656525785096,-0.0149676245168741,-0.0382121564799895,-0.0232445319631155
"179410",0.301022877518802,0.314171492983325,0.309368268834538,0.00480322414878681,0.0131486154645228,0.00834539131573603
"299413",1e-08,0.49049255235221,0.25733053376938,0.23316201858283,0.49049254235221,0.25733052376938
"573155",0.145610461663364,0.457188377886775,0.300090038108917,0.157098339777858,0.311577916223411,0.154479576445553
"86225",1e-08,0.280048418058756,0.141871710097482,0.138176707961275,0.280048408058756,0.141871700097482
"578601",0.484807767508397,0.388682496972725,0.428941238156778,-0.0402587411840529,-0.096125270535672,-0.0558665293516191
"308865",0.110377409033419,0.209393237445401,0.161559581011302,0.0478336564340985,0.0990158284119814,0.0511821719778829
"200254",0.288889960175105,0.711080088709921,0.511114393333259,0.199965695376662,0.422190128534816,0.222224433158153
"526964",1.67412511070266,1.93405944862183,1.82810886476472,0.105950583857105,0.259934337919162,0.153983754062057
"322960",2.3158665453063,1.1040704383325,1.52655008869519,-0.422479650362684,-1.2117961069738,-0.789316456611116
"491397",0.0370266167488285,0.0879622225068364,0.0637202137379003,0.0242420087689361,0.0509356057580079,0.0266935969890718
"76816",0.617919214529151,1.09657196929154,0.877047606264499,0.219524363027041,0.478652754762389,0.259128391735348
"435522",0.129119608789802,0.291393831907982,0.234625329493765,0.0567685024142163,0.16227422311818,0.105505720703964
"513542",0.0361927846857806,0.223883493164794,0.139284938638828,0.0845985545259666,0.187690708479014,0.103092153953047
"542067",0.101083612552699,0.242610115245921,0.174504504492982,0.0681056107529394,0.141526502693222,0.0734208919402826
"334479",1e-08,0.512149280879441,0.264028632844694,0.248120648034747,0.512149270879441,0.264028622844694
"523260",0.836301440159402,1.36707858656243,1.15485770532831,0.212220881234124,0.530777146403032,0.318556265168909
"11538",4.8129023881954,3.6379848736747,4.01781533467713,-0.37983046100243,-1.17491751452069,-0.795087053518264
"515517",10,3.94588387895019,5.47075360970602,-1.52486973075584,-6.05411612104981,-4.52924639029398
"547002",6.0628475999855,2.99046212252413,3.93270822960612,-0.942246107081997,-3.07238547746138,-2.13013937037938
"452239",0.477594048848613,1.85408102235981,1.25325891807247,0.600822104287335,1.37648697351119,0.775664869223859
"554150",2.58613569428004,1.53238780968589,1.95118939353804,-0.418801583852149,-1.05374788459414,-0.634946300741995
"484446",0.671596645614515,0.768544169685599,0.729155327675726,0.0393888420098729,0.0969475240710839,0.057558682061211
"556529",0.64218939553883,1.0393464350532,0.859275080613352,0.180071354439851,0.397157039514373,0.217085685074522
"483687",0.0290720218512373,0.189874434658056,0.110071943451762,0.0798024912062939,0.160802412806818,0.0809999216005243
"361929",1.18793381198399e-08,0.381787155034611,0.210389965807543,0.171397189227068,0.381787143155273,0.210389953928205
"308395",0.0724234551352795,0.40114740416385,0.23065327434911,0.17049412981474,0.32872394902857,0.158229819213831
"328651",10,2.14636012654016,4.72972405074194,-2.58336392420178,-7.85363987345984,-5.27027594925806
"570224",1e-08,0.250088986634425,0.131718885192371,0.118370101442055,0.250088976634425,0.131718875192371
"162442",5.93582156010722,2.56999287945115,3.56233171135207,-0.992338831900919,-3.36582868065606,-2.37348984875515
"405018",0.87492556991396,0.605974508702186,0.714283910388754,-0.108309401686568,-0.268951061211774,-0.160641659525206
"474832",1.18013426515904,2.26003470759038,1.83430688375448,0.425727823835905,1.07990044243134,0.654172618595436
"505043",2.02619424519502,1.4480002703784,1.65930705661302,-0.211306786234619,-0.578193974816624,-0.366887188582005
"462281",0.0569920679673662,0.203477294338136,0.133212637435523,0.0702646569026124,0.146485226370769,0.0762205694681569
"87487",9.26237050896139,4.4483062438811,5.5616466839724,-1.11334044009129,-4.81406426508029,-3.70072382498899
"563365",2.59749254938555,1.3392834044573,1.81733426138207,-0.478050856924767,-1.25820914492825,-0.780158288003483
"565022",1.45494062498934,0.984487110842941,1.17036974241721,-0.185882631574274,-0.470453514146401,-0.284570882572127
"532027",1.79382005334707,0.49435081650547,0.931356039097614,-0.437005222592144,-1.2994692368416,-0.86246401424946
"230809",1.15400921543256,0.687110290574953,0.886659758568926,-0.199549467993973,-0.466898924857604,-0.267349456863631
"415808",0.542959896734995,0.239498667009356,0.35041750970122,-0.110918842691864,-0.303461229725639,-0.192542387033775
"145851",2.33740402983234,1.36924860053207,1.73299736730398,-0.363748766771904,-0.968155429300267,-0.604406662528363
"515197",0.95491628516279,1.03478856516479,1.00296397180564,0.0318245933591523,0.0798722800019996,0.0480476866428473
"213075",1.83970359516594,1.31306172076354,1.50447920719415,-0.19141748643061,-0.526641874402405,-0.335224387971795
"344616",3.37984477023897,1.86656905093853,2.37758048160111,-0.511011430662579,-1.51327571930043,-1.00226428863786
"492950",0.356889587347284,0.599225707968562,0.490287407248113,0.108938300720449,0.242336120621277,0.133397819900828
"319304",0.681050725918466,1.22497983506608,1.02459168872041,0.200388146345668,0.543929109147615,0.343540962801947
"505421",2.7541268610586,0.819861174588738,1.46011575711252,-0.640254582523785,-1.93426568646986,-1.29401110394608
"164940",1.63774826108313,0.58526398286427,0.95064839807705,-0.365384415212779,-1.05248427821886,-0.687099863006078
"461046",1.91399250434519,2.09625973441509,2.02176883662975,0.0744908977853429,0.182267230069906,0.107776332284563
"187197",1.14402657161088,0.726541967569372,0.86392859322485,-0.137386625655478,-0.417484604041505,-0.280097978386026
"312250",1.10540744095992,0.426750944029829,0.599515179280933,-0.172764235251105,-0.678656496930092,-0.505892261678987
"313824",3.19597372286158,1.89549929237132,2.35143259985662,-0.455933307485297,-1.30047443049026,-0.84454112300496
"123571",0.306996071970877,0.403459426011837,0.354660350739201,0.0487990752726359,0.0964633540409602,0.0476642787683243
"394696",6.7774617343595,2.43819374630239,3.73022504219614,-1.29203129589374,-4.3392679880571,-3.04723669216336
"17748",3.70770060323247,1.98442345353152,2.58760476956358,-0.603181316032056,-1.72327714970095,-1.1200958336689
"454594",1.0813375510855,0.784003854547858,0.915508158688175,-0.131504304140318,-0.29733369653764,-0.165829392397322
"308148",0.0495890839645422,0.124694097143865,0.0891441872734475,0.0355499098704175,0.0751050131793227,0.0395551033089053
"140286",0.751620768959708,0.239130789092549,0.446641907641727,-0.207511118549178,-0.512489979867159,-0.304978861317981
"321978",0.044043439225837,0.202348760252986,0.123961872305011,0.078386887947975,0.158305321027149,0.079918433079174
"553847",0.130205700503865,0.482303935392707,0.307272295892837,0.17503163949987,0.352098234888842,0.177066595388972
"526552",2.81996714008965,1.23611655878037,1.84174951552921,-0.605632956748841,-1.58385058130929,-0.978217624560445
"427140",9.33641559353753,4.08897424221251,5.27761750448876,-1.18864326227625,-5.24744135132502,-4.05879808904877
"480994",0.316117470782682,0.353295972474758,0.338736416832491,0.0145595556422674,0.0371785016920759,0.0226189460498086
"157000",3.3116381256391,2.30080784221809,2.65644718266944,-0.355639340451346,-1.010830283421,-0.655190942969656
"256877",0.183332629947588,0.598649452221004,0.412892766528314,0.18575668569269,0.415316822273415,0.229560136580725
"524398",0.641881188845719,1.24210005725513,1.01424801787188,0.227852039383253,0.600218868409415,0.372366829026162
"500775",0.136989304122193,0.326725292983388,0.239941681795861,0.0867836111875269,0.189735988861195,0.102952377673668
"327518",1.97369204714604,3.47735180566745,3.0105501584982,0.466801647169252,1.50365975852141,1.03685811135216
"449970",3.77879038573547,2.11545708047239,2.70897235895789,-0.593515278485492,-1.66333330526308,-1.06981802677759
"398297",0.0745927968229329,0.0805770717547202,0.0778319585394037,0.00274511321531648,0.0059842749317873,0.00323916171647082
"152007",9.95810048337028,3.96596605814293,5.30584447266303,-1.3398784145201,-5.99213442522735,-4.65225601070726
"277926",0.329832879430427,0.898445383189792,0.666062149870413,0.232383233319379,0.568612503759365,0.336229270439986
"9280",0.52824782903353,0.499017492761469,0.508943374299569,-0.00992588153809965,-0.0292303362720606,-0.0193044547339609
"495209",0.0174122571397602,0.244048381733279,0.136725887521913,0.107322494211366,0.226636124593518,0.119313630382152
"154406",0.0681138844924985,0.125012314993302,0.0975876281896887,0.0274246868036129,0.056898430500803,0.0294737436971902
"82379",0.227050356763954,0.313506306843485,0.279869885782054,0.0336364210614311,0.0864559500795305,0.0528195290180994
"314340",0.0749213852765374,0.227495946648992,0.157655148395847,0.0698407982531446,0.152574561372455,0.08273376311931
"16939",1.02097999156541,0.52379511077092,0.718056351702477,-0.194261240931557,-0.49718488079449,-0.302923639862933
"234859",0.198615101221865,1.11292826610179,0.65124078636339,0.461687479738395,0.91431316487992,0.452625685141525
"277444",0.115643414696095,0.800054860955469,0.417257333094366,0.382797527861103,0.684411446259374,0.30161391839827
"160302",0.175404513273951,0.53135434558529,0.375517993685726,0.155836351899564,0.355949832311339,0.200113480411776
"426069",4.3253727976667,2.26826704565596,2.79903023515262,-0.530763189496664,-2.05710575201074,-1.52634256251408
"400474",0.756394470911084,1.11992669510907,0.99021988472578,0.129706810383285,0.363532224197981,0.233825413814696
"420042",0.288749160654937,1.06326988788067,0.735419375359189,0.327850512521484,0.774520727225737,0.446670214704252
"497544",3.82077539475866,1.82410496482529,2.50371779248499,-0.679612827659701,-1.99667042993337,-1.31705760227367
"111391",1e-08,0.473360603114127,0.230445785683885,0.242914817430242,0.473360593114127,0.230445775683885
"71162",0.994533083097426,1.39628002517192,1.23120345921962,0.1650765659523,0.401746942074491,0.23667037612219
"160716",1.73691848757409,1.0865444709766,1.35890230910731,-0.272357838130713,-0.650374016597497,-0.378016178466783
"539142",0.0238941865209768,0.237531241545155,0.141074779721762,0.0964564618233926,0.213637055024178,0.117180593200785
"390035",1e-08,0.214817757423467,0.106594391621846,0.108223365801621,0.214817747423467,0.106594381621846
"557927",0.227842947031906,0.228385882185743,0.228515682815766,-0.000129800630023352,0.000542935153836716,0.000672735783860068
"405766",0.791392120598373,0.557718834434146,0.650093960046076,-0.0923751256119304,-0.233673286164227,-0.141298160552297
"21934",0.0378697585358917,0.208578344003415,0.128811951859969,0.0797663921434461,0.170708585467523,0.0909421933240773
"378389",1e-08,0.0744588653454453,0.0354261184501434,0.0390327468953019,0.0744588553454453,0.0354261084501434
"390752",0.878710065918885,1.23648265552329,1.06450308982206,0.171979565701232,0.357772589604408,0.185793023903176
"150199",6.41208496199999,2.43584942847802,3.59286813159891,-1.15701870312089,-3.97623553352197,-2.81921683040108
"262766",10,2.84961905099326,4.66523335246752,-1.81561430147426,-7.15038094900674,-5.33476664753248
"254102",4.18787031952128,1.32342623202581,2.22070858122461,-0.8972823491988,-2.86444408749547,-1.96716173829667
"557158",0.230129116538267,0.414330811043269,0.319128112923756,0.0952026981195132,0.184201694505002,0.0889989963854887
"327058",1.34154587512117,2.16097945195733,1.84168110207343,0.319298349883899,0.819433576836157,0.500135226952257
"147987",0.692268814615634,0.518781824489432,0.580042893931518,-0.0612610694420862,-0.173486990126203,-0.112225920684117
"88324",0.0850116913030151,0.129445410125378,0.10863763695308,0.0208077731722979,0.0444337188223632,0.0236259456500653
"462679",5.79556579323329,2.70124629256028,3.60968047134309,-0.908434178782808,-3.09431950067301,-2.1858853218902
"57565",0.771304644225882,0.992659353102129,0.892060008416373,0.100599344685756,0.221354708876247,0.120755364190491
"249206",1.68263841507389,1.50468300329135,1.56909187136258,-0.0644088680712369,-0.177955411782541,-0.113546543711304
"538585",1.71858050753475,0.935595773353675,1.25299838169099,-0.317402608337317,-0.782984734181073,-0.465582125843756
"510799",1.47818110698384,0.336659174679325,0.776754317324114,-0.440095142644789,-1.14152193230452,-0.701426789659727
"301887",0.374986889445722,0.529234385586884,0.460904377474866,0.0683300081120184,0.154247496141163,0.0859174880291441
"372872",0.21979225150309,0.434990723953086,0.353085872743326,0.0819048512097599,0.215198472449996,0.133293621240236
"122372",0.0123502158517085,0.0471727410876817,0.0305096089288307,0.016663132158851,0.0348225252359732,0.0181593930771222
"472718",3.19776464441135,2.27293054177513,2.60243242439569,-0.329501882620557,-0.924834102636225,-0.595332220015668
"183587",0.4648474207634,0.825887349535997,0.670371555995366,0.15551579354063,0.361039928772597,0.205524135231967
"98397",0.220903279047408,0.20794164934935,0.214342767880746,-0.00640111853139569,-0.0129616296980578,-0.00656051116666209
"232623",0.558952453133502,0.883133444942297,0.741621006314926,0.141512438627371,0.324180991808795,0.182668553181424
"341753",0.561298601513636,1.84356998572987,1.28060614042745,0.562963845302414,1.28227138421623,0.719307538913815
"73496",0.300217953429899,0.444090281219249,0.385294359811609,0.0587959214076399,0.143872327789351,0.0850764063817107
"158108",2.29782073113588,3.07765901291646,2.78325251352062,0.294406499395833,0.779838281780571,0.485431782384738
"270662",2.55449621096788,2.90824089176509,2.77711611993253,0.131124771832556,0.353744680797209,0.222619908964653
"249160",3.46851732712853,1.80454842481804,2.35991226598896,-0.55536384117092,-1.6639689023105,-1.10860506113958
"335446",6.52011083840738,1.94042819780972,3.18112673890446,-1.24069854109474,-4.57968264059765,-3.33898409950291
"489676",2.24822154921433,1.08021075168446,1.4946522001217,-0.414441448437243,-1.16801079752987,-0.753569349092631
"387853",4.7748700547482,0.756153444225867,4.7748700547482,-4.01871661052233,-4.01871661052233,0
"266815",0.0158093164946135,0.0320161939671403,0.0236671983319209,0.0083489956352194,0.0162068774725268,0.00785788183730741
"350981",0.293187173421063,0.866241200226412,0.58897715690382,0.277264043322591,0.573054026805349,0.295789983482757
"135486",0.055528533797264,0.586324570969596,0.34621120745307,0.240113363516525,0.530796037172332,0.290682673655806
"331090",1e-08,0.542109511367234,0.269237678639534,0.2728718327277,0.542109501367234,0.269237668639534
"294174",1e-08,0.17799496772463,0.0990712542104899,0.0789237135141404,0.17799495772463,0.0990712442104899
"320100",0.997277630970919,0.484043600836269,0.67649172125927,-0.192448120423001,-0.51323403013465,-0.320785909711649
"85044",2.22774525037026,1.07851809007689,1.46892469684922,-0.39040660677233,-1.14922716029337,-0.758820553521042
"506735",0.0129539729071261,0.0903785963732431,0.0533078147372985,0.0370707816359446,0.0774246234661169,0.0403538418301723
"52266",0.0892872627555751,0.858287639973975,0.547880561720738,0.310407078253237,0.7690003772184,0.458593298965163
"322605",4.51154872102521,1.50690719399278,2.51698253605493,-1.01007534206215,-3.00464152703243,-1.99456618497028
"429642",1.87937091891156,1.54309077417241,1.66714431615592,-0.124053541983511,-0.336280144739157,-0.212226602755646
"89672",2.23219960539803,0.48044692458519,1.11256366199393,-0.632116737408736,-1.75175268081284,-1.1196359434041
"37582",2.5008226688624,0.907680272246547,1.44544756723478,-0.537767294988236,-1.59314239661585,-1.05537510162762
"378723",1.40814038055333,1.89715694221045,1.71457450525548,0.182582436954974,0.489016561657126,0.306434124702152
"373315",5.82754942756312,2.86213648415753,3.75105978300347,-0.888923298845946,-2.96541294340559,-2.07648964455965
"389690",0.253003756042884,0.575517954888754,0.431000893906334,0.144517060982421,0.32251419884587,0.177997137863449
"451168",1.53298347206877,2.13484829310373,1.89841884878546,0.23642944431827,0.601864821034956,0.365435376716687
"182041",0.194121019285181,1.2332597959878,0.799844912117177,0.433414883870623,1.03913877670262,0.605723892831996
"579437",0.109795262487492,0.513852653269997,0.31402547942922,0.199827173840777,0.404057390782506,0.204230216941729
"98483",0.8271826780676,0.879665193345483,0.856291305357698,0.0233738879877847,0.0524825152778827,0.029108627290098
"152295",1.27996176547427,1.74292152750809,1.578933825769,0.16398770173909,0.462959762033823,0.298972060294733
"504977",4.01544175724467,1.32178241988255,2.17026194338799,-0.848479523505437,-2.69365933736212,-1.84517981385668
"216335",7.74582491840115,1.48625923183594,7.74582491840115,-6.25956568656521,-6.25956568656521,0
"247047",0.120318500277466,0.669093770654171,0.438902963208782,0.230190807445389,0.548775270376705,0.318584462931316
"474231",0.0191734965830588,0.0638570061642067,0.0417738518473259,0.0220831543168808,0.0446835095811479,0.0226003552642671
"327995",1e-08,0.163367389096443,0.0854657655634882,0.0779016235329544,0.163367379096443,0.0854657555634882
"406858",0.778566641943668,0.646934781828973,0.697701036389132,-0.0507662545601594,-0.131631860114695,-0.0808656055545353
"559737",0.472049077326998,0.260745087659312,0.345188506332259,-0.0844434186729465,-0.211303989667686,-0.12686057099474
"165858",1e-08,0.549303246748776,0.285418384745502,0.263884862003273,0.549303236748776,0.285418374745502
"18490",0.133569711163084,0.179846449115202,0.157721278954782,0.02212517016042,0.0462767379521182,0.0241515677916982
"130029",0.563841585854671,1.18137876387428,0.890882887912245,0.290495875962038,0.617537178019611,0.327041302057573
"333817",0.706367921447543,0.671876299862917,0.684922084598483,-0.0130457847355665,-0.0344916215846259,-0.0214458368490594
"357980",0.717031210249093,0.759138248910733,0.741515838438204,0.0176224104725293,0.0421070386616401,0.0244846281891108
"238309",0.186817433438518,0.595777069788225,0.371081478246892,0.224695591541333,0.408959636349707,0.184264044808374
"538264",0.23219560707074,0.189900087402897,0.208165734703385,-0.018265647300488,-0.0422955196678435,-0.0240298723673555
"129290",0.0893886482509654,0.088976748221,0.0891870264217203,-0.000210278200720324,-0.000411900029965398,-0.000201621829245074
"254511",1e-08,0.362211800286141,0.170575267201337,0.191636533084805,0.362211790286141,0.170575257201337
"444175",5.05000265546302,0.831328112520378,5.05000265546302,-4.21867454294264,-4.21867454294264,0
"86562",0.881174187939287,1.42752818506575,1.1958447537249,0.231683431340852,0.546353997126467,0.314670565785616
"427846",2.44534141059611,1.05361370757843,1.53450975666009,-0.480896049081655,-1.39172770301767,-0.91083165393602
"103101",1.25004240224039,1.29476200284976,1.27572494834181,0.0190370545079528,0.044719600609378,0.0256825461014252
"89129",1.1206316731072,1.09112692495273,1.10241737683598,-0.0112904518832513,-0.0295047481544706,-0.0182142962712193
"486109",0.881626739729046,1.30059483714419,1.09768296808966,0.20291186905453,0.418968097415146,0.216056228360616
"316027",0.130194090273283,0.172996408955638,0.152407274659604,0.0205891342960348,0.0428023186823552,0.0222131843863203
"146223",1.53777862881626,2.58549892482837,2.30333182667156,0.282167098156804,1.04772029601211,0.765553197855301
"20399",0.944421347136522,1.08019716797454,1.02973359816007,0.0504635698144702,0.135775820838022,0.0853122510235513
"523355",3.495788153025,3.81162222809179,3.71383492897624,0.0977872991155504,0.315834075066795,0.218046775951244
"211138",0.610393162965302,0.275538795741833,0.41198818161079,-0.136449385868957,-0.334854367223469,-0.198404981354512
"415949",0.177580201221559,0.494697732542516,0.334853949445602,0.159843783096914,0.317117531320957,0.157273748224043
"370973",5.85014642717272,3.12984145533841,3.63819759193513,-0.508356136596722,-2.72030497183431,-2.21194883523759
"378536",1.38502701322867,0.403164011202337,0.785035784048222,-0.381871772845885,-0.981863002026334,-0.59999122918045
"164874",1.7850941600367,2.29973103875247,2.12131948992787,0.17841154882461,0.514636878715778,0.336225329891168
"546929",0.86796397726847,1.34497891962388,1.15723244294201,0.187746476681863,0.477014942355406,0.289268465673543
"107406",1.59906355716995,3.06994440757231,2.64152770085691,0.428416706715401,1.47088085040236,1.04246414368696
"493093",0.354022319199224,1.11737260195452,0.712691537692673,0.404681064261845,0.763350282755294,0.35866921849345
"116148",2.20495929625635,1.87739143434227,2.00873990951583,-0.13134847517356,-0.327567861914074,-0.196219386740514
"35389",0.701327402600531,1.26161507846318,1.00054257394691,0.261072504516275,0.560287675862653,0.299215171346378
"501312",1.32577605427057,1.42396967782856,1.38090726433426,0.0430624134943003,0.0981936235579888,0.0551312100636885
"558778",1.80799700748194,0.858415913120507,1.23224281573829,-0.373826902617782,-0.949581094361435,-0.575754191743653
"138657",0.462153904762052,0.678816748008365,0.600528438575703,0.0782883094326619,0.216662843246313,0.138374533813651
"414902",0.227634500416968,0.367438889571484,0.315543944957376,0.0518949446141073,0.139804389154516,0.0879094445404085
"52267",0.0642867791416787,0.676840218105598,0.423245003381717,0.25359521472388,0.612553438963919,0.358958224240039
"573355",2.5950201991938,1.55814725774556,1.97185601594006,-0.413708758194499,-1.03687294144825,-0.623164183253748
"344001",2.15347458100575,1.74280965980067,1.90719977491145,-0.164390115110779,-0.410664921205071,-0.246274806094292
"173281",2.25361327396903,1.17053535360792,1.5509720468741,-0.380436693266182,-1.08307792036111,-0.70264122709493
"257263",2.29412852438801,1.08892276648909,1.51258996414662,-0.423667197657528,-1.20520575789892,-0.781538560241393
"93913",2.39435829849973,0.99154207107307,1.47937624037709,-0.487834169304022,-1.40281622742666,-0.914982058122635
"229207",0.290487782144985,0.538560770160203,0.428206436714719,0.110354333445484,0.248072988015218,0.137718654569734
"100241",1.14840527656277,2.01644633915074,1.61475641942083,0.401689919729905,0.868041062587962,0.466351142858057
"492830",2.73449267091118,2.91071771936038,2.84453379846334,0.0661839208970347,0.176225048449202,0.110041127552167
"335684",1.85292643269997,1.40799984395226,1.56926646033084,-0.161266616378584,-0.444926588747707,-0.283659972369124
"530445",5.36279755128907,2.76130952031153,3.51321804609787,-0.75190852578634,-2.60148803097754,-1.8495795051912
"426111",1e-08,0.122934041915704,0.0571567458155196,0.0657772961001843,0.122934031915704,0.0571567358155196
"515152",0.0194472604670987,0.0766840540311836,0.0489059207815703,0.0277781332496133,0.0572367935640849,0.0294586603144716
"333844",0.113657743444552,0.319016375615124,0.243409915253889,0.0756064603612351,0.205358632170572,0.129752171809337
"41976",0.788319549857618,0.307470630918156,0.461849387396032,-0.154378756477876,-0.480848918939462,-0.326470162461586
"35074",7.10783360685065,2.15862752193297,3.03710076034973,-0.878473238416756,-4.94920608491767,-4.07073284650092
"174781",0.302133555400479,0.340207627068261,0.325850500045151,0.0143571270231092,0.0380740716677815,0.0237169446446723
"139652",1.64277074357269,1.86685933149741,1.79620772571856,0.0706516057788535,0.224088587924722,0.153436982145868
"344004",1.00866441035337,1.01173059501829,1.01060977711635,0.00112081790194152,0.00306618466492581,0.00194536676298429
"479002",0.0690688950483099,0.157740452933105,0.114169340856433,0.0435711120766721,0.0886715578847955,0.0451004458081234
"472405",2.14237439201657,1.67127464267204,1.8556760837015,-0.184401441029456,-0.471099749344531,-0.286698308315075
"453425",0.18725749145658,0.289049307480448,0.239889254972748,0.0491600525077004,0.101791816023868,0.0526317635161674
"543908",0.0625304095349448,0.237144345403953,0.14670285504051,0.0904414903634431,0.174613935869008,0.084172445505565
"449077",0.457181773818363,1.16587802521999,0.985946129789547,0.17993189543044,0.708696251401623,0.528764355971183
"81716",5.38674109172686,2.7451403929647,3.5349678875655,-0.789827494600805,-2.64160069876217,-1.85177320416136
"147691",1.87160445478049,1.87590760053868,1.87417914520449,0.00172845533419208,0.00430314575819657,0.00257469042400449
"391887",1.11687162455803,0.703563660215529,0.84014075550294,-0.136577095287411,-0.413307964342501,-0.27673086905509
"137815",0.82541916187153,1.57078408346199,1.26497686903328,0.305807214428702,0.745364921590455,0.439557707161753
"291537",0.303126060047199,0.407744783809664,0.364776979932082,0.0429678038775823,0.104618723762465,0.0616509198848828
"115059",0.369842989705327,1.12637154777784,0.793416211786678,0.332955335991163,0.756528558072513,0.42357322208135
"367880",0.262524456826346,0.343773674694313,0.303356321730607,0.0404173529637059,0.0812492178679671,0.0408318649042612
"138398",2.90783624501886,1.27990271129369,1.76806540511144,-0.488162693817751,-1.62793353372517,-1.13977083990742
"146022",9.57992367123648,5.74517767519414,6.70600025183587,-0.960822576641728,-3.83474599604234,-2.87392341940061
"18911",2.65795592349326,2.14673260406635,2.32517813004578,-0.178445525979432,-0.511223319426909,-0.332777793447477
"202449",10,4.16661524152464,5.71804394934652,-1.55142870782188,-5.83338475847536,-4.28195605065348
"214408",1.48304737591069,1.33141755499094,1.3887751644808,-0.0573576094898582,-0.151629820919752,-0.0942722114298935
"317559",5.60235187592435,3.07925454916325,3.86414465624992,-0.784890107086671,-2.5230973267611,-1.73820721967443
"352693",10,2.94749201973209,5.00100679359222,-2.05351477386013,-7.05250798026791,-4.99899320640778
"362172",5.83531807538222,2.2315028500096,3.25792787082199,-1.0264250208124,-3.60381522537262,-2.57739020456022
"375156",10,10.3011582050781,10,0.301158205078114,0.301158205078114,0
"392478",10,6.95601181155715,9.77229603828966,-2.81628422673251,-3.04398818844285,-0.227703961710336
"394558",10,3.08950364639727,4.9625674173888,-1.87306377099153,-6.91049635360273,-5.0374325826112
"419795",1.25979412812592,2.66817146791305,2.03861374906114,0.629557718851911,1.40837733978713,0.778819620935215
"436839",4.8393310508744,3.66568777419164,4.03910754215583,-0.373419767964191,-1.17364327668276,-0.800223508718573
"438808",10,3.7422532937711,5.42319753606881,-1.68094424229771,-6.2577467062289,-4.57680246393119
"466672",5.13373560539716,3.25116882408676,3.83739945480066,-0.586230630713901,-1.8825667813104,-1.2963361505965
"525751",6.24003730921224,1.60936449351717,2.82395195751005,-1.21458746399289,-4.63067281569507,-3.41608535170218
"535152",10,6.95601181155715,9.77229603828966,-2.81628422673251,-3.04398818844285,-0.227703961710336
"545702",2.57712377513714,2.38882950487977,2.45618591615274,-0.0673564112729701,-0.188294270257366,-0.120937858984396
"567170",10,3.59202093392012,5.27896629722013,-1.68694536330002,-6.40797906607988,-4.72103370277987
"296469",0.258066228720586,0.290000783624131,0.278662229116806,0.0113385545073249,0.0319345549035456,0.0205960003962207
"103234",0.09882507125163,0.405611196221002,0.259235224133895,0.146375972087107,0.306786124969372,0.160410152882265
"222385",2.53615289387437,1.51216278660195,1.91275370821968,-0.400590921617724,-1.02399010727242,-0.623399185654695
"359248",0.531816946408935,0.475567786805245,0.499890031225086,-0.0243222444198412,-0.05624915960369,-0.0319269151838489
"29569",0.00779263310331838,0.027059048369212,0.0170850230214275,0.00997402534778453,0.0192664152658936,0.0092923899181091
"287129",0.81563532837092,0.622632748057352,0.699465355131334,-0.0768326070739829,-0.193002580313569,-0.116169973239586
"29207",0.46854034711425,0.366370286682168,0.407148891836627,-0.0407786051544593,-0.102170060432082,-0.0613914552776227
"535921",2.33112285240379,1.47779454467695,1.80734754207095,-0.329552997393999,-0.853328307726843,-0.523775310332844
"223513",0.07666307330947,0.190619659518668,0.134796994685572,0.0558226648330953,0.113956586209198,0.0581339213761025
"496731",0.225314476391079,0.517011004601363,0.398203244662912,0.118807759938451,0.291696528210284,0.172888768271833
"41586",0.0292361127631281,0.447728581189434,0.27081634531462,0.176912235874814,0.418492468426306,0.241580232551492
"54694",1e-08,0.308216034285622,0.152616631523618,0.155599402762004,0.308216024285622,0.152616621523618
"173505",0.444254641134498,0.727945780492649,0.590311591008492,0.137634189484157,0.283691139358151,0.146056949873994
"510723",0.994733841901272,1.09182658321551,1.05166319428905,0.040163388926459,0.0970927413142371,0.0569293523877781
"37045",0.114208597456478,0.593065433000936,0.370713686168827,0.222351746832108,0.478856835544457,0.256505088712349
"158400",0.0980636093708511,1.39469897116188,0.746875960423973,0.64782301073791,1.29663536179103,0.648812351053122
"407097",0.0369018663759536,0.300359383164612,0.174757166257739,0.125602216906872,0.263457516788658,0.137855299881786
"412184",0.0358289761663714,0.498281335976469,0.265714296471038,0.232567039505432,0.462452359810098,0.229885320304666
"283363",4.39840663805154,3.23836789919344,3.59352713360859,-0.355159234415148,-1.1600387388581,-0.80487950444295
"472674",1.03805600128855,1.84061468186005,1.56239280451557,0.27822187734448,0.802558680571499,0.524336803227019
"138083",0.429022022938028,0.393057641664654,0.408006579177277,-0.0149489375126228,-0.0359643812733735,-0.0210154437607507
"141093",0.287648701775924,0.170990402923323,0.226656109808232,-0.0556657068849089,-0.116658298852601,-0.0609925919676922
"260757",0.0683643127272575,0.308975669088695,0.188665324538392,0.120310344550303,0.240611356361437,0.120301011811134
"273244",1.40596286010886,1.99722717400631,1.76763882128398,0.229588352722334,0.591264313897446,0.361675961175112
"220991",0.163044548426008,0.209547450430809,0.187512605256953,0.022034845173856,0.0465029020048014,0.0244680568309454
"488845",0.0360401594392625,0.658247764774292,0.490513450265779,0.167734314508513,0.62220760533503,0.454473290826517
"1473",0.771601260754716,1.63911723702631,1.27369140012475,0.365425836901561,0.867515976271592,0.502090139370031
"258602",0.559356539593955,0.502223447228793,0.522243106188286,-0.0200196589594933,-0.057133092365162,-0.0371134334056686
"34835",2.34617110283272,1.37237787480758,1.73854988893108,-0.366172014123501,-0.973793228025138,-0.607621213901637
"230455",2.6376659193502,1.74439515533428,2.01736114973352,-0.27296599439924,-0.893270764015917,-0.620304769616677
"260743",0.692699009777948,1.27879843268276,1.05028010887524,0.22851832380751,0.586099422904807,0.357581099097297
"177185",5.02982545463489,3.35018641572599,3.65358537816962,-0.303398962443625,-1.67963903890889,-1.37624007646527
"105978",0.13322110846118,0.678994572999604,0.440912488547713,0.238082084451891,0.545773464538423,0.307691380086533
"63395",0.960327048349953,1.14020615866907,1.07024966267227,0.0699564959967969,0.179879110319115,0.109922614322318
"218558",0.128240874296705,0.239069769080753,0.190631989194104,0.0484377798866486,0.110828894784048,0.062391114897399
"350162",2.3519527578398,1.43352625614491,1.78360468903639,-0.350078432891483,-0.91842650169489,-0.568348068803407
"132559",1.04566428799368,0.508676402170322,0.721241981024518,-0.212565578854196,-0.536987885823357,-0.324422306969161
"402903",3.54853739607945,3.71509290791798,3.66388131707475,0.0512115908432267,0.166555511838523,0.115343920995296
"568762",3.96438311275997,2.28731066709964,2.90052649987316,-0.613215832773513,-1.67707244566033,-1.06385661288682
"188720",6.05925172241735,2.50641978202746,3.53565507143257,-1.02923528940511,-3.55283194038989,-2.52359665098479
"320339",3.84924185340375,1.55457259499476,2.30436214676323,-0.749789551768475,-2.29466925840899,-1.54487970664051
"568690",5.09697603281708,3.37696200481172,3.90669406218387,-0.529732057372148,-1.72001402800536,-1.19028197063321
"279204",1.78546242282578,1.21775690947043,1.46520493082747,-0.247448021357038,-0.567705513355349,-0.320257491998311
"108290",10,5.96065553448076,9.11135075162929,-3.15069521714853,-4.03934446551924,-0.88864924837071
"208251",10,5.26847205566274,6.47468341697513,-1.20621136131239,-4.73152794433726,-3.52531658302487
"234451",3.29562682941584,1.6654862065471,2.17243955915326,-0.50695335260616,-1.63014062286874,-1.12318727026258
"271357",10,9.31954545923657,10,-0.680454540763428,-0.680454540763428,0
"291048",10,9.31954545923657,10,-0.680454540763428,-0.680454540763428,0
"317884",10,3.70471725295056,5.64124225243647,-1.9365249994859,-6.29528274704944,-4.35875774756353
"354360",10,3.36650770036057,7.13870549783116,-3.77219779747059,-6.63349229963943,-2.86129450216884
"416024",10,3.96384604033747,5.82376286121777,-1.8599168208803,-6.03615395966253,-4.17623713878223
"456443",10,7.57482332254559,10,-2.42517667745441,-2.42517667745441,0
"473128",10,5.06878373329545,8.6287244701986,-3.55994073690315,-4.93121626670455,-1.3712755298014
"524190",10,9.31954545923657,10,-0.680454540763428,-0.680454540763428,0
"559453",10,4.24196578717882,5.99541903788224,-1.75345325070342,-5.75803421282118,-4.00458096211776
"66389",10,9.31954545923657,10,-0.680454540763428,-0.680454540763428,0
"216833",0.0834873692472601,0.380518043814987,0.231427244122179,0.149090799692808,0.297030674567727,0.147939874874919
"149630",0.150681499444518,0.540564159179912,0.375632656269317,0.164931502910595,0.389882659735394,0.224951156824799
"72087",2.95646290263816,2.19774436024474,2.45561882274224,-0.257874462497496,-0.758718542393423,-0.500844079895927
"505902",10,2.13655183232138,5.66986707575793,-3.53331524343655,-7.86344816767862,-4.33013292424207
"340170",3.57077092978991,1.39787910343321,2.06750636010036,-0.669627256667148,-2.1728918263567,-1.50326456968955
"178738",2.48280157211045,1.23530292824943,1.69473359762042,-0.459430669370994,-1.24749864386101,-0.788067974490021
"448284",1.36344529700454,1.000613439615,1.14246536494136,-0.141851925326361,-0.362831857389547,-0.220979932063186
"163594",2.46921890423304,1.18152422724304,1.64342970995195,-0.461905482708918,-1.28769467699,-0.825789194281084
"317550",0.0738410641797734,0.380348438148789,0.225885189086812,0.154463249061977,0.306507373969016,0.152044124907038
"527313",4.99596703909242,3.08776175349853,3.67336763207339,-0.585605878574861,-1.90820528559389,-1.32259940701903
"208971",3.02902832853334,2.56169053738647,2.72952843205277,-0.167837894666296,-0.467337791146872,-0.299499896480576
"499962",3.46410201546165,2.90774183931598,3.11905949091919,-0.21131765160321,-0.556360176145677,-0.345042524542467
"63638",1.55865110867108,1.99771599027651,1.83129189651305,0.166424093763466,0.439064881605432,0.272640787841966
"94987",9.67760418187235,5.39830768835696,6.46656577261737,-1.06825808426041,-4.27929649351539,-3.21103840925498
"309397",1e-08,0.0603954826526774,0.0297329924996752,0.0306624901530022,0.0603954726526774,0.0297329824996752
"148308",0.875006105349199,0.508742541210993,0.644553809024296,-0.135811267813303,-0.366263564138206,-0.230452296324903
"131730",2.17296015945409,3.22837827275247,2.82541905038813,0.402959222364337,1.05541811329838,0.652458890934045
"339704",0.255263026837776,0.523507026699303,0.403828508178874,0.119678518520429,0.268243999861527,0.148565481341098
"282321",0.0635305128352325,0.220663903141125,0.14377341913375,0.076890484007375,0.157133390305893,0.0802429062985177
"277880",0.168198990657984,0.557129863207489,0.399111130229566,0.158018732977923,0.388930872549505,0.230912139571582
"42718",0.0784361139852161,0.333151037635317,0.209635377056716,0.123515660578601,0.254714923650101,0.1311992630715
"410385",3.53363888817617,2.1787581797154,2.51790868087779,-0.339150501162396,-1.35488070846078,-1.01573020729838
"304667",0.135494131812737,0.383413866461436,0.261884768047444,0.121529098413991,0.247919734648699,0.126390636234707
"462279",2.12827380285324,1.55162486327917,1.77463202411027,-0.223007160831105,-0.576648939574069,-0.353641778742964
"569076",0.158827776206914,0.231517755807383,0.196633206885035,0.0348845489223479,0.0726899796004694,0.0378054306781216
"493298",1.99853086362983,1.99783813996042,1.99804224960646,-0.000204109646037676,-0.000692723669401207,-0.000488614023363532
"141144",5.71451392482097,3.59614839561551,4.27307932436131,-0.676930928745801,-2.11836552920546,-1.44143460045966
"307204",0.146366624510507,0.189898953388797,0.171463041303687,0.0184359120851099,0.0435323288782904,0.0250964167931806
"302167",0.419532903155086,0.879957798321636,0.695817320372412,0.184140477949225,0.46042489516655,0.276284417217326
"141065",2.06443273342849,1.53693785469236,1.73511695990016,-0.198179105207808,-0.527494878736137,-0.329315773528329
"218499",2.31497584801842,1.04520293850521,1.48288624099357,-0.437683302488353,-1.2697729095132,-0.832089607024849
"424013",1e-08,0.0756266480211736,0.0381576461146145,0.0374690019065591,0.0756266380211736,0.0381576361146145
"299239",1e-08,0.568141767109606,0.333692363301385,0.234449403808221,0.568141757109606,0.333692353301385
"113856",0.874356482789327,0.766705165213423,0.812392893444556,-0.045687728231133,-0.107651317575904,-0.0619635893447711
"365887",0.150767492399529,0.664371073010244,0.443064881215296,0.221306191794948,0.513603580610715,0.292297388815767
"110995",2.31402115241606,1.24058280356631,1.63081501965556,-0.390232216089245,-1.07343834884975,-0.683206132760506
"247066",1.25186828226429,1.1580835889633,1.1965527561636,-0.0384691672003019,-0.093784693300986,-0.0553155261006841
"353305",3.17219964000158,3.07127305413674,3.11020783009581,-0.0389347759590679,-0.100926585864839,-0.0619918099057708
"458387",9.81701550092876,4.66514946677416,5.89580632748808,-1.23065686071392,-5.1518660341546,-3.92120917344068
"462648",5.37689833489756,3.50960065982451,4.11081153589601,-0.601210876071494,-1.86729767507304,-1.26608679900155
"182163",10,5.58733818686897,7.50240480744156,-1.91506662057259,-4.41266181313103,-2.49759519255844
"471709",3.24564506707025,1.52982249795038,2.08398562650769,-0.554163128557305,-1.71582256911987,-1.16165944056256
"36445",1.81321917321844,1.8553595900405,1.83897889586439,0.0163806941761049,0.0421404168220523,0.0257597226459474
"272096",1.38632949554729,1.07596038067303,1.1999086479011,-0.123948267228067,-0.310369114874264,-0.186420847646198
"245452",2.21060306001487,0.701399590875702,1.14132322854291,-0.43992363766721,-1.50920346913917,-1.06927983147196
"302924",0.304995626273664,0.241925793405581,0.272279521068722,-0.0303537276631411,-0.0630698328680823,-0.0327161052049412
"515137",1.97070009278346,2.00118540637556,1.98890776883945,0.0122776375361136,0.0304853135921059,0.0182076760559924
"333525",1.04584800523856,1.0760943245279,1.06480238004679,0.0112919444811075,0.0302463192893418,0.0189543748082344
"579165",4.33999603540826,2.24455151061064,2.76351735935946,-0.518965848748817,-2.09544452479762,-1.5764786760488
"400771",0.102522301598989,0.332346279848389,0.224299836369046,0.108046443479343,0.2298239782494,0.121777534770057
"524216",1e-08,0.866624394468083,0.422267132342259,0.444357262125824,0.866624384468083,0.422267122342259
"170653",1.1650294828216,1.33476852591201,1.26434644977645,0.0704220761355661,0.169739043090409,0.0993169669548426
"454429",0.0821416831958513,0.240414691976405,0.167560186329966,0.0728545056464394,0.158273008780554,0.0854185031341147
"201461",2.4399259263548,2.67831128813618,2.5922448308987,0.0860664572374805,0.238385361781378,0.152318904543897
"464221",3.60663313180738,1.63330893601424,2.27740719695772,-0.644098260943479,-1.97332419579314,-1.32922593484966
"506051",1.11688422454265,0.502166591636019,0.745285447049244,-0.243118855413226,-0.614717632906635,-0.37159877749341
"176640",1e-08,0.182822596552057,0.0892407275890183,0.0935818689630385,0.182822586552057,0.0892407175890183
"319909",0.329525553546033,0.728166615432948,0.540333093716753,0.187833521716195,0.398641061886916,0.210807540170721
"505548",0.256275293060131,1.31088126208747,0.868486297445551,0.442394964641921,1.05460596902734,0.61221100438542
"478995",0.688059631742581,0.378806664675992,0.515225479557748,-0.136418814881757,-0.309252967066589,-0.172834152184833
"453051",0.283931378798382,0.310401068921184,0.297613947138419,0.012787121782765,0.0264696901228015,0.0136825683400365
"160888",0.714311624616683,0.457696435878135,0.547549200386173,-0.089852764508038,-0.256615188738548,-0.16676242423051
"253940",0.147272147469474,0.49747243780946,0.311296107953621,0.186176329855839,0.350200290339987,0.164023960484147
"28554",0.0950628888733085,0.192211543286916,0.142287945243707,0.0499235980432086,0.0971486544136072,0.0472250563703986
"247894",0.172822124268795,0.559819703444076,0.358302544186262,0.201517159257814,0.386997579175281,0.185480419917467
"87166",1.01879181412576,0.514936008760388,0.709965840714471,-0.195029831954083,-0.503855805365373,-0.30882597341129
"205061",0.443244719758196,1.0897026543601,0.806855569776408,0.282847084583688,0.6464579346019,0.363610850018212
"117284",0.030062440799276,0.0857447500985414,0.0578895354912975,0.0278552146072439,0.0556823092992654,0.0278270946920215
"424243",1.61136644349032,0.935411079036855,1.14005012041451,-0.204639041377653,-0.675955364453462,-0.471316323075809
"474678",0.040424829741047,0.331876850918732,0.190964088387686,0.140912762531045,0.291452021177685,0.150539258646639
"75539",0.0219134838101502,0.0628476931932578,0.0418066173377326,0.0210410758555251,0.0409342093831075,0.0198931335275824
"87811",2.48528764944469,1.23423143618211,1.69544846605887,-0.461217029876761,-1.25105621326258,-0.789839183385816
"454922",3.93129150879318,1.5424965606076,2.31934801724099,-0.776851456633389,-2.38879494818559,-1.6119434915522
"572665",1.41259812629313,1.16599583271988,1.27043235150914,-0.104436518789258,-0.246602293573248,-0.14216577478399
"203011",0.0734238554514853,0.347213774218756,0.214574134429535,0.132639639789221,0.273789918767271,0.14115027897805
"259095",0.125430110003508,0.212446366629304,0.169838973896154,0.0426073927331495,0.087016256625796,0.0444088638926465
"530339",0.0580034752436593,0.428478707349735,0.24114352112582,0.187335186223915,0.370475232106075,0.183140045882161
"57991",1e-08,0.0717006508403798,0.0363071722803952,0.0353934785599846,0.0717006408403798,0.0363071622803952
"336057",1.48662912713895,2.32023855120454,1.9748677675128,0.345370783691747,0.833609424065595,0.488238640373849
"376619",1.32916922066639,1.09715474356098,1.19034604511151,-0.0931913015505266,-0.232014477105407,-0.13882317555488
"33918",0.974612769484622,1.5853611163038,1.37091710880045,0.214444007503349,0.610748346819175,0.396304339315826
"375877",0.552911393422703,0.587482696255582,0.575105903328173,0.0123767929274092,0.0345713028328791,0.0221945099054699
"509852",2.29453244248403,1.31367328280283,1.67673221276515,-0.363058929962321,-0.980859159681202,-0.61780022971888
"221675",2.8809544876496,2.59916363470907,2.70329059237783,-0.104126957668764,-0.281790852940534,-0.17766389527177
"220337",3.75931144438913,1.99125383745032,2.60462178576757,-0.613367948317253,-1.76805760693882,-1.15468965862156
"284333",0.208287217111459,0.521629688507576,0.38629229767488,0.135337390832695,0.313342471396116,0.178005080563421
"249058",7.07493614911838,2.21070251878934,3.62250325943776,-1.41180074064842,-4.86423363032904,-3.45243288968063
"544896",0.0411535750166444,0.59263407518757,0.344808186400904,0.247825888786666,0.551480500170925,0.303654611384259
"412758",0.422815792115267,0.702394426445475,0.571692598374767,0.130701828070709,0.279578634330208,0.1488768062595
"15215",1e-08,0.378145305369505,0.192067056762786,0.186078248606718,0.378145295369505,0.192067046762786
"4456",1.31921680588707,2.18397621023007,1.8993116575178,0.284664552712276,0.864759404343005,0.580094851630729
"345779",2.62831415935743,2.29152848498198,2.40571851702688,-0.114190032044907,-0.336785674375458,-0.222595642330551
"347312",0.474843922291854,1.01156737347915,0.772840015746178,0.238727357732975,0.536723451187299,0.297996093454324
"345668",6.18217881410629,2.62706449440865,3.67552899404586,-1.04846449963722,-3.55511431969765,-2.50664982006043
"407162",4.92039724424735,3.27476015398624,3.78503875761847,-0.51027860363223,-1.6456370902611,-1.13535848662887
"27135",3.87530580760522,1.65175440420216,2.39575242409729,-0.743998019895133,-2.22355140340306,-1.47955338350793
"391917",3.7153453918729,3.75894051845052,3.7458819555134,0.0130585629371209,0.0435951265776247,0.0305365636405037
"145471",8.67517623992017,5.34631691354105,6.1458483921433,-0.799531478602255,-3.32885932637912,-2.52932784777686
"178854",1.72763442494852,1.61552148273274,1.657488691678,-0.0419672089452596,-0.112112942215776,-0.0701457332705167
"265842",1.44894627033242,2.24433352135907,1.92013984813506,0.324193673224008,0.795387251026648,0.471193577802639
"451035",10,6.73019058138688,8.4478022445288,-1.71761166314192,-3.26980941861312,-1.5521977554712
"493417",0.13100139905017,0.296030207587853,0.2106818741876,0.0853483334002529,0.165028808537683,0.07968047513743
"148815",0.0582907596671506,0.286004869741126,0.1796253040789,0.106379565662226,0.227714110073975,0.12133454441175
"275905",1.21450172982285,0.354119424355849,0.673671130004105,-0.319551705648256,-0.860382305467002,-0.540830599818747
"435492",0.0534636117599519,0.296334904597737,0.192317607453712,0.104017297144024,0.242871292837785,0.13885399569376
"150300",4.63943957917729,1.59944330342117,2.63753738570091,-1.03809408227974,-3.03999627575612,-2.00190219347638
"295921",4.61902396907072,1.65790861336924,2.67851888022136,-1.02061026685212,-2.96111535570148,-1.94050508884936
"301463",10,2.88943047142682,4.78856076428305,-1.89913029285623,-7.11056952857318,-5.21143923571695
"337147",7.96809525371951,1.48468198782445,7.96809525371951,-6.48341326589506,-6.48341326589506,0
"355116",6.79629122466566,2.19701549268672,3.51600642264699,-1.31899092996026,-4.59927573197893,-3.28028480201867
"356433",0.0871136075562796,1.06277177951297,0.57355738195767,0.489214397555303,0.975658171956694,0.486443774401391
"443456",1.86947084624205,0.922070383390647,1.31171115492292,-0.389640771532277,-0.947400462851406,-0.557759691319128
"300172",1e-08,0.07799232271496,0.0379940312016738,0.0399982915132862,0.07799231271496,0.0379940212016738
"65686",0.0725234050890717,0.237056498593531,0.15572657720393,0.0813299213896011,0.164533093504459,0.0832031721148582
"433117",1.22432069395227,1.24823523476742,1.2386086725098,0.00962656225762526,0.023914540815154,0.0142879785575287
"381509",0.0374842607695581,0.23362871704842,0.134651603076967,0.0989771139714535,0.196144456278862,0.0971673423074088
"261699",0.333976007860705,1.06637417749176,0.767135318247987,0.299238859243777,0.732398169631059,0.433159310387282
"317646",1e-08,0.220636644681497,0.125296618275017,0.09534002640648,0.220636634681497,0.125296608275017
"202266",0.827128015171823,0.492305881390293,0.618042514366697,-0.125736632976403,-0.33482213378153,-0.209085500805127
"205430",0.354156556539347,0.441522556824417,0.405579808701264,0.0359427481231531,0.0873660002850706,0.0514232521619175
"406905",0.933129385282132,0.892854296589746,0.910563076264801,-0.0177087796750549,-0.0402750886923856,-0.0225663090173307
"311245",0.016787273370601,0.044678097251019,0.0315610196947389,0.01311707755628,0.027890823880418,0.0147737463241379
"276595",2.00986728192976,1.46679165107296,1.66396003024876,-0.1971683791758,-0.543075630856796,-0.345907251680996
"394574",10,3.49919228638733,5.54613213987025,-2.04693985348292,-6.50080771361267,-4.45386786012975
"89756",10,4.30716122667346,5.80482057601867,-1.49765934934521,-5.69283877332654,-4.19517942398133
"3046",1.58556825370639,0.720466054164678,1.03847830496817,-0.318012250803496,-0.865102199541709,-0.547089948738213
"248054",0.315719334201871,0.631585231830984,0.487440881248917,0.144144350582067,0.315865897629113,0.171721547047046
"266078",0.274055425551676,0.347215511149408,0.318325945122826,0.0288895660265817,0.0731600855977314,0.0442705195711496
"137660",0.258501220007124,0.295886353270437,0.282412760423763,0.013473592846674,0.0373851332633129,0.023911540416639
"90496",0.831468117919034,0.633573857662558,0.711848294005934,-0.0782744363433761,-0.197894260256476,-0.1196198239131
"284834",1e-08,0.696765253145259,0.361909039432961,0.334856213712299,0.696765243145259,0.361909029432961
"377824",1e-08,0.593718761127961,0.307064079208372,0.286654681919589,0.593718751127961,0.307064069208372
"422373",6.12716705139283,3.11082221509822,4.03393721093162,-0.923114995833396,-3.01634483629461,-2.09322984046121
"277884",1.117464873002,0.883197215872313,0.965263426788373,-0.0820662109160603,-0.234267657129685,-0.152201446213624
"289937",4.10981055959363,1.30598768577934,2.18159002826675,-0.875602342487417,-2.80382287381429,-1.92822053132688
"151710",3.45813394619752,1.85628010428587,2.3939615444845,-0.537681440198632,-1.60185384191165,-1.06417240171302
"282923",6.2335128205457,2.66661353142437,3.7215817763029,-1.05496824487853,-3.56689928912133,-2.51193104424281
"442507",9.43020277817211,4.04664360471719,5.25837306714536,-1.21172946242818,-5.38355917345492,-4.17182971102675
"226444",0.418472459380264,0.353683233773872,0.37934240866688,-0.0256591748930082,-0.0647892256063919,-0.0391300507133837
"186808",0.201461030122157,0.314985637301176,0.27090155898038,0.0440840783207956,0.113524607179019,0.0694405288582231
"447241",0.0603120339591363,0.324411603740342,0.190538992250061,0.133872611490281,0.264099569781206,0.130226958290925
"121354",2.40948669513018,0.729842712676566,1.15218955687807,-0.422346844201506,-1.67964398245361,-1.25729713825211
"83121",7.26850463476262,1.75178557495768,3.24077978575708,-1.4889942107994,-5.51671905980494,-4.02772484900553
"194064",0.759218743746664,0.401675079851063,0.518277672670194,-0.116602592819131,-0.357543663895601,-0.24094107107647
"180270",0.179694119319043,0.332540879725861,0.257182441049538,0.0753584386763231,0.152846760406818,0.0774883217304951
"58571",0.0705045861758168,0.14431565865687,0.107901165632849,0.0364144930240205,0.0738110724810527,0.0373965794570322
"106428",5.91780897620582,2.9782882961396,3.86941117389634,-0.891122877756734,-2.93952068006622,-2.04839780230948
"325291",2.50808097680495,3.41882126365335,3.06573818752643,0.353083076126917,0.9107402868484,0.557657210721483
"108745",0.685740916038339,1.37391593204761,1.10479802083552,0.269117911212089,0.68817501600927,0.419057104797182
"261577",1.44722314385015,2.39228147919243,2.0037855755336,0.388495903658833,0.945058335342279,0.556562431683446
"74366",2.79924932692703,2.90159282034088,2.86377324576868,0.0378195745722021,0.102343493413849,0.0645239188416471
"75710",0.134445878294669,0.182838303141277,0.16111235015153,0.0217259529897476,0.0483924248466087,0.0266664718568612
"556271",0.226804665130919,0.495637790948448,0.354437624216176,0.141200166732272,0.268833125817529,0.127632959085257
"534082",0.427518760743726,0.422067949505244,0.424311720378804,-0.0022437708735602,-0.00545081123848201,-0.00320704036492181
"507418",1.40938892346227,0.752747991962341,0.98652304393901,-0.233775051976669,-0.656640931499929,-0.422865879523259
"395049",3.01669158780107,1.97588658786691,2.31695524937288,-0.341068661505974,-1.04080499993416,-0.699736338428185
"171080",1e-08,0.138145908067803,0.0756424332311817,0.0625034748366213,0.138145898067803,0.0756424232311818
"198508",2.06491693869438,1.22887575687773,1.54599272090955,-0.317116964031825,-0.836041181816656,-0.518924217784831
"106304",0.625287201522309,0.558218629742594,0.583871082280421,-0.0256524525378271,-0.0670685717797151,-0.041416119241888
"165503",5.70773635848632e-05,0.300826784476166,0.174093568026916,0.12673321644925,0.300769707112581,0.174036490663331
"496075",0.841540003505531,1.48374370419016,1.20831333074052,0.275430373449639,0.642203700684626,0.366773327234987
"37282",0.248403728563627,0.555794473856678,0.392498660782333,0.163295813074345,0.307390745293051,0.144094932218706
"269615",2.80268115106082,2.63486157922414,2.69738739167875,-0.0625258124546075,-0.16781957183668,-0.105293759382072
"113555",0.992766595642757,0.785847875713889,0.876104804415921,-0.0902569287020316,-0.206918719928868,-0.116661791226837
"49906",1e-08,0.216057219476213,0.1149690969774,0.101088122498813,0.216057209476213,0.1149690869774
"319732",2.79478148142149,1.13322103360936,1.74612741537925,-0.612906381769889,-1.66156044781213,-1.04865406604224
"161615",2.40289414505055,1.63919644198417,1.94134240661892,-0.302145964634752,-0.763697703066373,-0.461551738431622
"174650",1.64635302603678,2.17906766395312,1.96218179510063,0.216885868852484,0.532714637916339,0.315828769063856
"294750",3.04417014880375,2.45435567468048,2.67029712156338,-0.2159414468829,-0.589814474123265,-0.373873027240366
"110753",5.5242876139871,3.38944334282164,4.06223047515614,-0.6727871323345,-2.13484427116546,-1.46205713883096
"149314",3.75579021193651,2.34318313349442,2.85698739719517,-0.513804263700746,-1.41260707844208,-0.898802814741336
"462531",10,6.32915137657298,8.40638596305367,-2.07723458648069,-3.67084862342702,-1.59361403694633
"98473",0.744808945591485,1.69631009584735,1.28925846887619,0.40705162697116,0.951501150255866,0.544449523284706
"531902",0.715975298901009,1.36377782412138,1.11743362608981,0.246344198031574,0.647802525220373,0.4014583271888
"577290",1.09383633962317,1.0479353657489,1.0653907951208,-0.0174554293719047,-0.0459009738742726,-0.0284455445023679
"410719",0.794494420872652,0.850560414299038,0.826282566013421,0.0242778482856174,0.0560659934263867,0.0317881451407693
"104545",0.455933700460267,0.884850806126262,0.710956030417189,0.173894775709072,0.428917105665994,0.255022329956922
"572918",0.251964768645327,0.52164114462802,0.380349473279988,0.141291671348031,0.269676375982692,0.128384704634661
"108282",0.599913488701604,0.784099596764067,0.706365210698492,0.0777343860655749,0.184186108062463,0.106451721996888
"138792",1.28198633904969,1.66393009060153,1.52045465459706,0.143475436004477,0.381943751551846,0.238468315547369
"54266",0.307154203917725,1.39841368147063,0.860579671656408,0.537834009814217,1.0912594775529,0.553425467738683
"438129",0.417281412029503,0.509342186108177,0.469113424526468,0.0402287615817087,0.0920607740786742,0.0518320124969656
"119993",3.30773203320716,1.89617426286868,2.38602319615175,-0.489848933283067,-1.41155777033848,-0.921708837055412
"41211",0.270732362084378,1.64191560584763,1.11367315463672,0.528242451210903,1.37118324376325,0.842940792552347
"461815",1.19178251089962,1.03473628860366,1.09471366001795,-0.0599773714142899,-0.157046222295963,-0.0970688508816733
"546832",2.58676724228487,1.62640849830246,2.00999829433541,-0.383589796032952,-0.96035874398241,-0.576768947949458
"312772",2.25061834087812,1.6002316659904,1.85294501132215,-0.252713345331746,-0.650386674887723,-0.397673329555977
"191962",0.204245590456273,0.67128525760401,0.408512810281152,0.262772447322857,0.467039667147737,0.204267219824879
"321311",0.696441866966101,1.39415388090627,1.12098428581963,0.273169595086643,0.697712013940171,0.424542418853529
"448904",0.348459370843193,0.971272698729181,0.702959560806503,0.268313137922678,0.622813327885988,0.35450018996331
"99270",1.22327016889693,2.17299848515314,1.80767856880459,0.36531991634855,0.949728316256213,0.584408399907663
"202031",1.73331030337487,2.49929194746967,2.17309025478748,0.326201692682189,0.765981644094806,0.439779951412618
"229167",4.04512013557464,2.37086451211358,2.99002900306063,-0.619164490947049,-1.67425562346106,-1.05509113251401
"19600",4.22479505391555,1.56832056606752,2.44573524848192,-0.877414682414397,-2.65647448784803,-1.77905980543364
"222337",10,3.48933666263984,5.41085018413276,-1.92151352149292,-6.51066333736016,-4.58914981586724
"346581",2.78838942555549,1.13378564260804,1.74010560853394,-0.606319965925903,-1.65460378294745,-1.04828381702155
"378938",5.56473589973646,3.35287128710798,4.04639698639409,-0.693525699286112,-2.21186461262848,-1.51833891334237
"381099",4.3257711407551,1.70531771992859,2.59990514596191,-0.894587426033322,-2.62045342082652,-1.72586599479319
"92985",2.300261054925,1.1145826447354,1.51697597533796,-0.402393330602561,-1.1856784101896,-0.783285079587038
"129533",8.77969720077666,4.66292882626742,5.61603111038714,-0.953102284119725,-4.11676837450924,-3.16366609038951
"40572",0.112655215503122,0.75044918127924,0.46007897573566,0.29037020554358,0.637793965776118,0.347423760232538
"89844",10,1.86199542060712,10,-8.13800457939288,-8.13800457939288,0
"257970",0.285923779018525,0.289318367448444,0.287992764295556,0.00132560315288771,0.00339458842991852,0.00206898527703081
"222753",0.0320461009431684,0.0512271300140705,0.0424855628546049,0.00874156715946564,0.0191810290709021,0.0104394619114365
"235860",0.0727238542013374,0.346062686324536,0.216649190926678,0.129413495397859,0.273338832123199,0.14392533672534
"19011",0.13516954656177,0.273479032409735,0.209450991571146,0.0640280408385893,0.138309485847965,0.0742814450093762
"123693",0.0172436530063184,0.181556056445637,0.109242080850415,0.0723139755952228,0.164312403439319,0.0919984278440961
"61319",2.88299932546703,2.23710976039947,2.46131038644459,-0.224200626045127,-0.645889565067567,-0.421688939022439
"300646",0.626330820514753,1.06751039554681,0.869165238593921,0.198345156952889,0.441179575032057,0.242834418079168
"484404",0.678155193192342,1.95975700229102,1.37908551086949,0.580671491421537,1.28160180909868,0.700930317677144
"503625",0.204439748233772,0.848614081649294,0.526590803830206,0.322023277819088,0.644174333415522,0.322151055596433
"504724",2.21988565178693,2.38504172521235,2.33871458698082,0.0463271382315305,0.165156073425428,0.118828935193898
"301040",3.40007452614882,1.8203478321239,2.34287817933286,-0.522530347208966,-1.57972669402492,-1.05719634681595
"85731",6.72196094069556,2.23880173857761,3.52463153898119,-1.28582980040358,-4.48315920211795,-3.19732940171437
"181711",0.0373655322676894,0.119378902129184,0.0773605061373169,0.0420183959918676,0.082013369861495,0.0399949738696275
"506063",1.99779921810428,1.90831027201854,1.944324989708,-0.0360147176894583,-0.0894889460857451,-0.0534742283962868
"88336",7.0491108583857,1.9019957376134,3.31978731025699,-1.41779157264359,-5.1471151207723,-3.72932354812871
"515533",0.0782310323896935,0.327361255155119,0.223584443250597,0.103776811904522,0.249130222765426,0.145353410860904
"446936",0.192754730315031,0.385410572836801,0.287258514896402,0.0981520579403992,0.19265584252177,0.094503784581371
"136310",1.50654272816075,0.857083623566143,1.10679607689827,-0.249712453332127,-0.649459104594607,-0.39974665126248
"436523",0.0602834180092319,0.684189930079983,0.364021137993506,0.320168792086477,0.623906512070751,0.303737719984274
"306935",0.678485857783492,0.901003228004535,0.806087027659814,0.0949162003447206,0.222517370221042,0.127601169876322
"71054",0.269724319837221,0.513116594376623,0.41157524290928,0.101541351467343,0.243392274539403,0.14185092307206
"178605",0.611690120146708,1.07985919576796,0.869545505561463,0.210313690206498,0.468169075621253,0.257855385414755
"287767",0.134658512039649,0.259974188485643,0.200886376099873,0.0590878123857706,0.125315676445994,0.0662278640602238
"65161",1.3378586973756,1.19597093240312,1.25383755746204,-0.0578666250589148,-0.141887764972477,-0.0840211399135626
"228085",2.46548454280101,3.02499170526456,2.81455431062036,0.210437394644204,0.559507162463551,0.349069767819347
"236251",10,8.13612654144647,9.52798823894582,-1.39186169749935,-1.86387345855353,-0.47201176105418
"240143",1.31020358901398,1.94147161474594,1.69132534313168,0.250146271614268,0.631268025731963,0.381121754117695
"244484",9.36661945882337,5.42767131329268,6.39193451699731,-0.964263203704635,-3.93894814553069,-2.97468494182606
"266766",3.42527281620364,1.86574695373116,2.40911213382914,-0.543365180097977,-1.55952586247248,-1.01616068237451
"277047",9.36661945882337,5.42767131329268,6.39193451699731,-0.964263203704635,-3.93894814553069,-2.97468494182606
"347174",2.33615132831611,3.21607974779603,2.88023543685141,0.335844310944621,0.879928419479925,0.544084108535304
"350519",8.86212938820397,5.78651466375181,6.537333616569,-0.750818952817195,-3.07561472445216,-2.32479577163496
"37935",2.86736978976224,2.73071197309719,2.7815173889742,-0.0508054158770066,-0.136657816665047,-0.0858524007880401
"417456",2.84624344019569,2.82255144487193,2.83165637936929,-0.00910493449735483,-0.0236919953237531,-0.0145870608263983
"451084",1.76090523179845,1.81104593260147,1.79076367746718,0.0202822551342843,0.0501407008030135,0.0298584456687292
"467214",2.23164617329223,3.58881671287485,3.05675257046829,0.532064142406557,1.35717053958262,0.825106397176062
"551648",4.94478767138339,4.24480517577235,4.47590639001466,-0.231101214242313,-0.699982495611041,-0.468881281368728
"344558",0.0343808493270552,0.0561390205058083,0.045962206217996,0.0101768142878123,0.0217581711787531,0.0115813568909408
"293340",0.316701153492924,0.32449367681867,0.321643143696525,0.00285053312214523,0.00779252332574581,0.00494199020360059
"240282",0.147483753027714,0.251105856479807,0.199008660482748,0.0520971959970593,0.103622103452093,0.0515249074550334
"176227",0.281043101932722,0.476839522588263,0.371677157851896,0.105162364736367,0.19579642065554,0.0906340559191737
"456505",0.183651578660528,1.1590496817875,0.704629606306647,0.454420075480853,0.975398103126973,0.52097802764612
"346766",0.583787823908601,0.695924592501852,0.64126433134,0.0546602611618514,0.112136768593251,0.0574765074313994
"57823",2.29226703480453,1.60021057728103,1.87470520587967,-0.274494628598646,-0.692056457523504,-0.417561828924858
"450494",0.0191667499228357,0.251179580602148,0.141984427399813,0.109195153202335,0.232012830679312,0.122817677476978
"304684",0.0746121129388749,0.738152896502492,0.429308656546091,0.308844239956401,0.663540783563617,0.354696543607216
"5625",2.95987724875335,1.85728238204799,2.20602114798846,-0.348738765940467,-1.10259486670536,-0.75385610076489
"1742",0.645104072372258,0.810387504137234,0.743167194269212,0.0672203098680217,0.165283431764976,0.0980631218969542
"426071",0.136691979202549,0.863576791466342,0.511641941918495,0.351934849547847,0.726884812263793,0.374949962715946
"254616",0.109036378894101,0.249162747624506,0.17763222555617,0.0715305220683363,0.140126368730405,0.0685958466620684
"248084",0.436859284683847,0.294874241144636,0.351425178033387,-0.0565509368887508,-0.141985043539211,-0.0854341066504605
"45545",0.578880410545911,1.51680697119849,1.13752561816487,0.379281353033617,0.937926560652578,0.558645207618961
"438277",0.0824225209946091,0.258633870287423,0.178520878750256,0.0801129915371668,0.176211349292814,0.0960983577556472
"366341",0.0509976797905875,0.113095379053977,0.082101163359285,0.0309942156946919,0.0620976992633894,0.0311034835686975
"166154",0.0803238905234152,0.64854163155372,0.394856648191264,0.253684983362456,0.568217741030305,0.314532757667849
"55961",3.30200947059537,2.5543801079854,2.83215115019221,-0.277771042206814,-0.74762936260997,-0.469858320403156
"330518",0.769533278947823,1.19689573597901,1.04305560904851,0.153840126930491,0.427362457031182,0.273522330100691
"468825",4.29694645084537,0.815582977416661,4.29694645084537,-3.48136347342871,-3.48136347342871,0
"427181",6.11840080421547,2.88275524542503,3.86873616147231,-0.985980916047276,-3.23564555879044,-2.24966464274317
"472586",10,4.69268552767285,6.89983303119519,-2.20714750352234,-5.30731447232715,-3.10016696880481
"49165",2.73527401580922,1.28558239098775,1.83464633337595,-0.549063942388202,-1.44969162482147,-0.900627682433266
"61185",2.5320843139975,0.96887069011526,1.4944945695042,-0.525623879388937,-1.56321362388224,-1.0375897444933
"410883",0.105871154368888,0.193231972099475,0.15680416225454,0.0364278098449351,0.0873608177305873,0.0509330078856522
"346816",1.13157102758392,1.73605054876478,1.52685944182373,0.209191106941048,0.60447952118086,0.395288414239812
"453066",0.704628452211327,0.683352076736567,0.693114915538399,-0.00976283880183193,-0.0212763754747592,-0.0115135366729273
"211259",0.665052642124247,0.848139132170993,0.769301709866068,0.0788374223049254,0.183086490046746,0.104249067741821
"537534",4.52780825307245,1.19195851099531,2.24056881909563,-1.04861030810033,-3.33584974207715,-2.28723943397682
"455907",3.41604564218919,1.21043611133412,1.85814858642189,-0.647712475087765,-2.20560953085507,-1.55789705576731
"164824",1.33432704306125,0.695120235284052,0.922039955306615,-0.226919720022563,-0.639206807777202,-0.412287087754639
"332666",0.457760794813997,0.793766027657198,0.656000087913337,0.137765939743862,0.336005232843201,0.19823929309934
"60991",0.359982773807879,0.822835337459241,0.649634140681865,0.173201196777376,0.462852563651362,0.289651366873986
"521506",0.766714420460705,0.955195796641202,0.891805099042671,0.0633906975985313,0.188481376180498,0.125090678581966
"500304",2.21123422173001,0.468778393296141,0.898938613588498,-0.430160220292358,-1.74245582843387,-1.31229560814151
"355081",1e-08,0.659334451804202,0.374658017985737,0.284676433818466,0.659334441804202,0.374658007985737
"533718",1e-08,0.13778900095604,0.067414865208501,0.0703741357475386,0.13778899095604,0.067414855208501
"111535",10,4.97131629166402,6.99391097567058,-2.02259468400656,-5.02868370833598,-3.00608902432942
"55093",3.90154274437112,1.31077264870129,2.10290228519623,-0.792129636494941,-2.59077009566983,-1.79864045917489
"67867",1.61604938984953,0.766263179213615,0.909012176970806,-0.142748997757191,-0.849786210635912,-0.707037212878721
"337336",0.265182293652284,0.734479666729913,0.508684795422007,0.225794871307906,0.469297373077629,0.243502501769723
"8807",0.364827840777182,0.469773187163309,0.425679959912137,0.0440932272511714,0.104945346386127,0.0608521191349553
"92727",1e-08,0.23336032770765,0.108844419099685,0.124515908607965,0.23336031770765,0.108844409099685
"33364",2.00886010774444,1.70208893099089,1.82080736304736,-0.118718432056462,-0.306771176753543,-0.188052744697081
"330481",1.46026306922543,1.07911331528742,1.2328042932339,-0.153690977946478,-0.381149753938006,-0.227458775991528
"425994",0.0686064946390697,0.246454889409101,0.166273545973384,0.0801813434357165,0.177848394770031,0.0976670513343143
"558692",0.423432148761032,0.516057392042546,0.475968709146558,0.0400886828959881,0.0926252432815139,0.0525365603855258
"384471",5.34215598078884,2.93086728256407,3.63725596197424,-0.706388679410173,-2.41128869822477,-1.70490001881459
"375867",0.0559511394917965,0.499956993579636,0.278216695502227,0.221740298077409,0.44400585408784,0.222265556010431
"419534",1e-08,0.0906356748976412,0.0499848636613818,0.0406508112362594,0.0906356648976412,0.0499848536613818
"501276",1.64774697490935,1.34203189914201,1.44601704272958,-0.103985143587567,-0.305715075767332,-0.201729932179765
"574460",0.385915489132616,0.461329314618983,0.42967048126605,0.0316588333529328,0.0754138254863664,0.0437549921334336
"229664",0.858301983769603,0.631364732565629,0.722457888534939,-0.0910931559693092,-0.226937251203974,-0.135844095234665
"386934",1e-08,0.663578728110931,0.36079253940447,0.302786188706462,0.663578718110931,0.36079252940447
"367991",0.998827700226237,0.431590515365728,0.63981473171719,-0.208224216351462,-0.567237184860509,-0.359012968509047
"281062",2.14407013869774,1.82930790142417,1.95430105006807,-0.124993148643893,-0.314762237273566,-0.189769088629673
"532774",1.88349817978761,2.03664364160331,1.97479234242437,0.0618512991789397,0.153145461815702,0.0912941626367625
"141674",0.328615419698232,0.218486663531259,0.256724584780737,-0.0382379212494784,-0.110128756166973,-0.071890834917495
"487996",0.869514855081038,0.494697659172332,0.632459890974529,-0.137762231802198,-0.374817195908706,-0.237054964106509
"374069",1.22903243758787,1.22219705478457,1.22418424021834,-0.00198718543376764,-0.00683538280330187,-0.00484819736953424
"408013",0.602412787475681,0.742437718780233,0.671681815184618,0.0707559035956151,0.140024931304552,0.0692690277089365
"402860",2.47041324531812,1.17447450743362,1.64011440478525,-0.465639897351623,-1.2959387378845,-0.830298840532875
"281686",5.45360134348087,2.91041654600519,3.67937680859301,-0.768960262587829,-2.54318479747568,-1.77422453488785
"55144",2.84943133310436,2.64349596668516,2.71802277963775,-0.0745268129525907,-0.205935366419197,-0.131408553466606
"103327",2.10201809105786,1.53483713218983,1.74872222798634,-0.21388509579651,-0.567180958868031,-0.353295863071521
"304687",10,3.17249868718108,4.77970285696308,-1.60720416978201,-6.82750131281892,-5.22029714303692
"156551",10,2.47234997061439,4.60043249047194,-2.12808251985755,-7.52765002938561,-5.39956750952806
"481198",4.4975784938929,3.01133327705609,3.46520183875278,-0.453868561696689,-1.48624521683681,-1.03237665514012
"414905",1e-08,0.180808270512935,0.0930362349226594,0.0877720355902757,0.180808260512935,0.0930362249226594
"122478",0.0635409432582205,0.271270828244258,0.175337973636587,0.0959328546076711,0.207729884986037,0.111797030378366
"538895",0.419563041590146,0.835818643316316,0.673077245359958,0.162741397956358,0.416255601726171,0.253514203769813
"463203",0.24921811072026,0.675002812020928,0.442282603354633,0.232720208666295,0.425784701300668,0.193064492634373
"17923",2.83643337368498,2.4967477904223,2.61810730920211,-0.121359518779816,-0.339685583262682,-0.218326064482866
"97095",0.319227689226287,0.502851675744473,0.424523170301546,0.0783285054429269,0.183623986518186,0.105295481075259
"554354",0.34694916641083,0.434030203521974,0.397158605731918,0.0368715977900563,0.0870810371111443,0.0502094393210881
"342491",0.392687700797869,0.202905611297166,0.292290828663176,-0.0893852173660103,-0.189782089500703,-0.100396872134693
"153716",1e-08,0.697118396344972,0.4105084700727,0.286609926272273,0.697118386344972,0.4105084600727
"250596",1.49854778946505,0.726007430070776,1.00341228363127,-0.277404853560498,-0.772540359394274,-0.495135505833777
"274853",0.0347745142302554,0.0612942813672332,0.0489299923540784,0.0123642890131549,0.0265197671369778,0.014155478123823
"294768",0.695462534784079,0.618160168538022,0.647823874802185,-0.0296637062641621,-0.0773023662460567,-0.0476386599818945
"130949",2.49301016742226,3.09632322495748,2.86280648595242,0.233516739005061,0.60331305753522,0.369796318530159
"240951",2.73583490932637,2.76144379535289,2.75173371071485,0.0097100846380398,0.0256088860265198,0.01589880138848
"501240",2.15620574137014,3.38223570214711,2.89727095765083,0.484964744496276,1.22602996077697,0.74106521628069
"93936",0.273682155757022,0.542077070386504,0.425929361294561,0.116147709091942,0.268394914629482,0.15224720553754
"500777",5.14470088790851,3.02755089272519,3.66300396522982,-0.635453072504626,-2.11714999518331,-1.48169692267869
"412867",4.17748007689441,4.43230801794815,4.3476390394913,0.0846689784568495,0.254827941053738,0.170158962596888
"33968",0.505637877723701,0.43851981457693,0.468638550642181,-0.0301187360652508,-0.0671180631467706,-0.0369993270815198
"275217",0.307798624483157,0.135696621590377,0.217378130545504,-0.0816815089551268,-0.17210200289278,-0.0904204939376533
"114241",1e-08,0.162092750568881,0.0855818075418673,0.0765109430270138,0.162092740568881,0.0855817975418673
"242840",0.707067589606595,0.99139003193861,0.864269835211511,0.127120196727099,0.284322442332015,0.157202245604916
"75743",0.76473007001304,0.683415199414909,0.715743905725406,-0.0323287063104969,-0.0813148705981309,-0.048986164287634
"330986",0.664193963152756,1.21621365436987,1.04461964699406,0.171594007375808,0.552019691217115,0.380425683841306
"306220",3.34643792748173,2.38735067878504,2.72945077978039,-0.34210010099535,-0.959087248696689,-0.616987147701339
"125334",0.322635305978646,0.735769924618585,0.584117775724997,0.151652148893588,0.413134618639939,0.261482469746351
"152470",0.123234074639614,0.18743651398488,0.155270018736917,0.0321664952479626,0.0642024393452656,0.032035944097303
"337211",1.15323765169016,4.15230745801625,3.23537254327424,0.916934914742018,2.99906980632609,2.08213489158407
"483681",1.2782592182975,1.62087071277059,1.46592298148765,0.154947731282934,0.342611494473088,0.187663763190153
"245270",0.605697997702375,0.966190693239371,0.814452442086174,0.151738251153197,0.360492695536996,0.208754444383799
"551138",1e-08,0.0575779327601668,0.0279119540982998,0.029665978661867,0.0575779227601668,0.0279119440982998
"422114",0.108992228956488,0.203351144079421,0.157380669398402,0.0459704746810194,0.0943589151229335,0.0483884404419141
"96441",0.26962802063809,0.454963798434635,0.380543150701476,0.0744206477331589,0.185335777796545,0.110915130063386
"243242",0.115580138965945,0.256947792569215,0.187415220451464,0.0695325721177518,0.14136765360327,0.0718350814855181
"378250",6.34372906953128,2.2987462524548,3.45526766049711,-1.15652140804231,-4.04498281707648,-2.88846140903417
"432686",0.23470033384705,0.602165169547242,0.444174255465687,0.157990914081556,0.367464835700192,0.209473921618637
"356821",0.133817195786123,0.262439885680187,0.20064409262462,0.0617957930555671,0.128622689894065,0.0668268968384976
"538970",2.17762002443303,2.68971742349937,2.51756509623151,0.172152327267856,0.51209739906634,0.339945071798484
"119644",5.15601008960562,2.97351118935009,3.63316492126973,-0.659653731919644,-2.18249890025554,-1.52284516833589
"393979",0.101807856949954,0.112035666015149,0.107809251399985,0.00422641461516404,0.0102278090651956,0.00600139445003155
"328975",0.852472820037294,1.25869648388155,1.09716371642252,0.161532767459029,0.406223663844254,0.244690896385224
"484290",1.58988272233927,1.56773710937903,1.5759095861913,-0.00817247681227617,-0.0221456129602415,-0.0139731361479654
"100524",1.61104574879818,0.744314645825114,1.06454923820334,-0.320234592378223,-0.866731102973061,-0.546496510594838
"278824",0.0405084053928339,0.282289669732194,0.175287060663971,0.107002609068223,0.24178126433936,0.134778655271137
"527165",3.56403362769846,1.57501798757372,2.20817250890935,-0.633154521335627,-1.98901564012474,-1.35586111878911
"513179",0.464595661072869,0.791197392471255,0.648818878238706,0.142378514232549,0.326601731398386,0.184223217165837
"246422",4.04594497424823,1.97751001490121,2.70494039100634,-0.727430376105134,-2.06843495934702,-1.34100458324189
"539435",0.037487099907989,0.189396101966929,0.120907235167013,0.0684888667999154,0.15190900205894,0.0834201352590244
"483077",1.13636586148542,1.89076051071393,1.5963917180851,0.294368792628835,0.754394649228512,0.460025856599677
"268750",10,2.67319738593232,4.94652430769592,-2.2733269217636,-7.32680261406768,-5.05347569230408
"561335",0.677299554469954,0.907010093087789,0.808648380018863,0.0983617130689256,0.229710538617835,0.131348825548909
"533775",1.32071527502917,1.42972357251918,1.38227520356728,0.047448368951901,0.109008297490009,0.0615599285381083
"321607",0.414622930420634,0.282656524417703,0.332656394666449,-0.0499998702487462,-0.131966406002931,-0.0819665357541852
"216692",3.1339286580788,1.7131653593085,2.16926674544202,-0.456101386133513,-1.4207632987703,-0.964661912636784
"313019",0.124460293970133,0.102080530059717,0.112722991880035,-0.0106424618203187,-0.0223797639104165,-0.0117373020900978
"384955",0.120932108873085,0.173446413405544,0.149343537510734,0.02410287589481,0.0525143045324599,0.0284114286376499
"139554",4.94399232591879,3.38009943110939,3.87258042943357,-0.492480998324181,-1.5638928948094,-1.07141189648522
"295537",1e-08,0.818485849856054,0.413461448242813,0.405024401613241,0.818485839856054,0.413461438242813
"523133",0.654795178998623,0.383154524844348,0.501938088478129,-0.118783563633781,-0.271640654154275,-0.152857090520494
"254958",0.324853195978008,0.563018942113411,0.458650373034282,0.104368569079129,0.238165746135404,0.133797177056275
"567694",0.125181642521587,0.198990752161946,0.161753141065397,0.0372376110965482,0.0738091096403582,0.03657149854381
"415786",1.33579837040405,1.14455139037056,1.22146311508752,-0.0769117247169646,-0.191246980033488,-0.114335255316524
"388237",2.43252678665749,1.06421969479596,1.54984932338494,-0.485629628588974,-1.36830709186153,-0.882677463272552
"210933",0.387597872589027,0.823607987572595,0.607343779947892,0.216264207624703,0.436010114983568,0.219745907358865
"301617",2.72782175792077,3.25493031778558,3.0551066183142,0.199823699471377,0.527108559864805,0.327284860393428
"345831",0.0683225755062744,0.2894000382724,0.177626107090016,0.111773931182384,0.221077462766126,0.109303531583742
"436209",1.26342923673675,1.04890365167949,1.13126614384697,-0.0823624921674753,-0.214525585057254,-0.132163092889779
"353468",0.457803652856067,1.04198037305004,0.795449673601434,0.246530699448602,0.584176720193969,0.337646020745368
"577122",1.07390542646142,1.14977564479611,1.12089706595489,0.028878578841226,0.0758702183346882,0.0469916394934622
"495208",1.01784952883868,0.680381465536095,0.82421581613334,-0.143834350597245,-0.337468063302587,-0.193633712705342
"75229",1.48398070672089,0.660650452034542,0.947895172978205,-0.287244720943663,-0.823330254686343,-0.53608553374268
"294571",0.0703228125758897,0.491236429512896,0.282432033355479,0.208804396157417,0.420913616937006,0.212109220779589
"39295",2.14129272708004,1.65091331906037,1.84593771347725,-0.195024394416887,-0.490379408019677,-0.29535501360279
"577166",10,3.88756860299378,5.3432792974594,-1.45571069446562,-6.11243139700622,-4.6567207025406
"379668",1.88859764959918,1.84568111352645,1.86241643486856,-0.0167353213421091,-0.0429165360727308,-0.0261812147306217
"467266",0.767535919574975,1.15080708806505,1.00883698826294,0.141970099802114,0.383271168490077,0.241301068687964
"554403",2.37523143383754,1.70531067449119,1.97305024294075,-0.267739568449566,-0.669920759346352,-0.402181190896787
"193552",0.234079464295376,0.438159161665335,0.334947289424976,0.10321187224036,0.20407969736996,0.1008678251296
"113568",0.601328661567786,0.565648234327978,0.578402596167378,-0.0127543618393993,-0.035680427239808,-0.0229260654004088
"500815",2.173558240074,1.14933331514744,1.37454130134312,-0.225207986195682,-1.02422492492657,-0.799016938730884
"434975",0.226443718652521,0.269884843798932,0.249333250335979,0.0205515934629528,0.0434411251464104,0.0228895316834576
"319465",2.13073603082402,1.25084534527578,1.5674592786579,-0.316613933382127,-0.879890685548244,-0.563276752166116
"374894",0.34275989226336,0.669265152793027,0.523726734592251,0.145538418200777,0.326505260529667,0.18096684232889
"112738",0.72205187304466,0.986426566828463,0.871396290425777,0.115030276402687,0.264374693783803,0.149344417381116
"286096",2.00867509739916,1.78008741271885,1.87047412394843,-0.0903867112295784,-0.228587684680304,-0.138200973450726
"562955",2.64621116250443,1.38016720532955,1.86627615765995,-0.486108952330397,-1.26604395717488,-0.779935004844485
"496722",0.0335875558432825,0.169520420756872,0.102196604867892,0.0673238158889795,0.135932864913589,0.0686090490246099
"462527",3.87021261085218,1.99719598800069,2.64976407446098,-0.65256808646029,-1.87301662285148,-1.22044853639119
"253089",2.16355676495687,1.23033205556399,1.5632079830273,-0.332875927463312,-0.933224709392881,-0.600348781929569
"107083",0.112665868439238,0.461712175208927,0.324460389361245,0.137251785847682,0.349046306769689,0.211794520922007
"17205",2.66807340874446,2.89028301837531,2.80774566561776,0.0825373527575506,0.222209609630844,0.139672256873294
"201819",1.20517005306192,2.43357659803618,1.92467614604025,0.508900451995925,1.22840654497426,0.719506092978332
"306089",3.74055500224495,4.76042048532592,4.42510960444082,0.335310880885106,1.01986548308097,0.684554602195864
"394251",2.94441992883147,1.93350382454912,2.26953399416065,-0.336030169611534,-1.01091610428235,-0.674885934670818
"468139",2.37750537166724,3.20321674305545,2.89088966163056,0.312327081424884,0.825711371388207,0.513384289963323
"516817",1.2715847660526,2.17051922891846,1.80796489543161,0.362554333486844,0.898934462865855,0.536380129379011
"207008",0.134558968753235,0.314411152770897,0.223217194209572,0.0911939585613242,0.179852184017661,0.0886582254563372
"267097",1.06934334410516,1.27585974214869,1.1912743170218,0.0845854251268914,0.206516398043531,0.121930972916639
"358368",0.614698658875909,0.297149544666631,0.428709571366078,-0.131560026699446,-0.317549114209278,-0.185989087509832
"89446",0.0733258785133638,0.273368277263958,0.180391997195284,0.0929762800686741,0.200042398750594,0.10706611868192
"385510",1e-08,0.363521547378715,0.199078092188725,0.16444345518999,0.363521537378715,0.199078082188725
"496446",1.17999115144625,0.495686920131062,0.773394209124353,-0.277707288993291,-0.684304231315186,-0.406596942321896
"516478",0.641963386982236,1.12708715920121,0.907102626034323,0.219984533166882,0.485123772218969,0.265139239052087
"196642",10,2.46430430483906,4.87013506641294,-2.40583076157388,-7.53569569516094,-5.12986493358706
"305342",0.305688217233754,0.367645404133885,0.336815412981291,0.0308299911525934,0.0619571869001309,0.0311271957475375
"348079",0.0334844085624548,0.121671777461382,0.0756827819818921,0.0459889954794898,0.0881873688989271,0.0421983734194373
"111540",0.108970279113387,0.292875712834296,0.197111593464065,0.095764119370231,0.183905433720909,0.0881413143506777
"186401",0.0867616963242237,0.407979721691926,0.254477545371754,0.153502176320172,0.321218025367703,0.16771584904753
"152360",0.404448746263809,0.634920548016575,0.530920842896154,0.10399970512042,0.230471801752766,0.126472096632345
"416709",0.467019751070816,0.564475532167402,0.519013674077918,0.0454618580894838,0.097455781096586,0.0519939230071023
"522412",0.643860470025925,0.978239567844812,0.831077292010259,0.147162275834553,0.334379097818887,0.187216821984334
"219683",0.213976436982491,0.407641890716213,0.335671923514268,0.0719699672019443,0.193665453733722,0.121695486531777
"71027",2.27016711403019,1.26410220382791,1.62333876510109,-0.35923656127318,-1.00606491020228,-0.646828348929102
"398303",1.90896475231533,2.14992373288107,2.04854828855638,0.101375444324687,0.240958980565735,0.139583536241048
"526655",5.6100516962989,3.10993880162974,3.86942245780849,-0.759483656178758,-2.50011289466916,-1.7406292384904
"348274",0.142193672969302,1.07620433650304,0.667596321262923,0.408608015240114,0.934010663533735,0.525402648293621
"422312",1.65022059836253,2.08175540380549,1.90913148817227,0.172623915633218,0.431534805442958,0.25891088980974
"531061",4.21878152416174,1.64271248209998,2.52463682325459,-0.881924341154611,-2.57606904206176,-1.69414470090715
"578210",1.70692254043592,2.11120095752921,1.94593795319223,0.165263004336978,0.40427841709329,0.239015412756312
"428953",1.22480330764038,1.17380866113346,1.19467901485686,-0.0208703537233992,-0.0509946465069169,-0.0301242927835177
"413938",0.0709341245693942,0.412397289252501,0.235212355416886,0.177184933835615,0.341463164683107,0.164278230847491
"32901",0.39318583251666,0.51897050528472,0.477964405400067,0.0410060998846528,0.12578467276806,0.0847785728834075
"512718",0.788062899208199,0.691973686108832,0.730914125938701,-0.0389404398298694,-0.0960892130993672,-0.0571487732694979
"156774",2.38621758446211,1.19562233167744,1.63265846818777,-0.437036136510329,-1.19059525278466,-0.753559116274333
"298374",1.92004491257814,1.58788464872489,1.71486979438439,-0.126985145659499,-0.332160263853244,-0.205175118193745
"179710",0.959870235242366,0.551026310674358,0.713583220050056,-0.162556909375699,-0.408843924568009,-0.24628701519231
"178657",0.816329967155588,0.987425707382474,0.90960540697715,0.0778203004053239,0.171095740226886,0.0932754398215617
"212965",4.43873232986188,0.994616575782813,2.01170194120114,-1.01708536541833,-3.44411575407906,-2.42703038866074
"258589",0.540958908194876,0.483569695102209,0.50835364182671,-0.024783946724501,-0.0573892130926666,-0.0326052663681656
"23382",0.238907588869951,0.584158198203719,0.434229857146716,0.149928341057002,0.345250609333768,0.195322268276765
"320185",0.0396689410339872,0.13449471140993,0.0871376706899184,0.047357040720012,0.0948257703759432,0.0474687296559312
"480699",0.686133746209348,1.04933981143258,0.886631008485151,0.162708802947434,0.363206065223237,0.200497262275803
"340484",0.588040298148438,0.894831374914112,0.760898356705992,0.13393301820812,0.306791076765673,0.172858058557554
"452527",4.1590984817718,1.58254883829668,2.44373485168094,-0.861186013384257,-2.57654964347512,-1.71536363009087
"457254",0.413102343600362,0.447950577542019,0.433281705713788,0.0146688718282313,0.0348482339416575,0.0201793621134262
"15653",1.44077110761528,1.38780558033886,1.41117808989894,-0.0233725095600759,-0.0529655272764171,-0.0295930177163413
"116753",1e-08,0.0440463808438851,0.0212433602232782,0.0228030206206069,0.0440463708438851,0.0212433502232782
"134761",1.08829849485596,2.10440102307942,1.72736397058034,0.37703705249908,1.01610252822347,0.639065475724385
"345661",1e-08,0.309015609126535,0.172896832592069,0.136118776534466,0.309015599126535,0.172896822592069
"146890",0.433209858927126,0.674147771483356,0.586103681430652,0.088044090052705,0.24093791255623,0.152893822503525
"533863",0.785106605295293,0.974068655758718,0.889706938785816,0.0843617169729027,0.188962050463426,0.104600333490523
"496115",0.0807576889270041,0.38716467727234,0.245770772929448,0.141393904342892,0.306406988345336,0.165013084002443
"529223",2.62051560631692,1.12648671909861,1.66566723687302,-0.539180517774404,-1.4940288872183,-0.954848369443899
"532573",3.66015986938531,1.85031622177449,2.46604245750189,-0.615726235727399,-1.80984364761082,-1.19411741188342
"250375",1.52846611209658,1.52538989936186,1.52646672596225,-0.0010768266003951,-0.00307621273472058,-0.00199938613432549
"51461",0.405267101181812,0.217201773827116,0.282041665635731,-0.0648398918086152,-0.188065327354696,-0.123225435546081
"515396",0.49769174919858,1.04333221214767,0.80920633201225,0.234125880135421,0.545640462949091,0.31151458281367
"375564",2.35721159830725,1.53436681981378,1.85088161418501,-0.316514794371226,-0.822844778493466,-0.50632998412224
"445769",1.74021871400948,2.48488070764562,2.17013633437712,0.314744373268506,0.744661993636142,0.429917620367637
"572168",1.94767117242564,3.00729353363339,2.61715427418678,0.390139259446612,1.05962236120775,0.669483101761141
"96103",2.08356706007933,2.89170799202215,2.59746910197744,0.294238890044713,0.808140931942819,0.513902041898106
"63758",1e-08,0.106988818565795,0.0486102479391272,0.0583785706266678,0.106988808565795,0.0486102379391272
"71602",0.362332319271936,0.709235354702751,0.577934831807283,0.131300522895468,0.346903035430815,0.215602512535347
"37288",0.248634873873983,0.672313224052124,0.469968297168209,0.202344926883915,0.423678350178141,0.221333423294226
"341022",1.9684627056498,1.34146702815391,1.56537843634181,-0.223911408187893,-0.626995677495893,-0.403084269308
"323063",0.133547190078718,0.963064170035199,0.559867777951336,0.403196392083863,0.82951697995648,0.426320587872617
"394204",0.338710300017829,0.388952355949629,0.368073072569439,0.02087928338019,0.0502420559318001,0.0293627725516101
"567241",0.039683614670941,0.163201742641762,0.10558852090884,0.0576132217329219,0.123518127970821,0.065904906237899
"118832",10,2.54860761503228,4.1077727654929,-1.55916515046062,-7.45139238496772,-5.8922272345071
"135414",0.203293550144813,0.753636368684239,0.532746038204002,0.220890330480237,0.550342818539426,0.329452488059189
"9682",1.66760247545871,1.53663725005982,1.58456936933048,-0.0479321192706554,-0.130965225398887,-0.0830331061282314
"338491",1e-08,0.0763502869657656,0.0421389841576679,0.0342113028080977,0.0763502769657656,0.0421389741576679
"288839",1e-08,0.204393967475495,0.0986313531492696,0.105762614326225,0.204393957475495,0.0986313431492696
"343532",0.956967012916133,0.91296276501973,0.932292515352757,-0.0193297503330263,-0.0440042478964028,-0.0246744975633765
"169272",0.127962567233927,0.69676812813614,0.385408031154226,0.311360096981914,0.568805560902213,0.257445463920299
"473065",3.19169440733395,2.64793561691769,2.84649867469015,-0.198563057772465,-0.543758790416263,-0.345195732643798
"561644",3.33947964186942,1.98034257937818,2.44657502926139,-0.46623244988321,-1.35913706249124,-0.892904612608032
"46123",1e-08,0.406230966470788,0.21328734199501,0.192943624475779,0.406230956470788,0.21328733199501
"212181",0.000895705809868135,0.123135179846762,0.068572929958921,0.0545622498878414,0.122239474036894,0.0676772241490529
"190706",1.72141463759817,0.816458146892574,1.16451349294866,-0.348055346056082,-0.904956490705593,-0.556901144649511
"371270",0.962336835919249,1.2530806128792,1.13669352320963,0.116387089669563,0.290743776959947,0.174356687290384
"403657",0.158630222913743,1.63749126949298,0.923918092385748,0.713573177107229,1.47886104657923,0.765287869472006
"565910",1.04318214781436,1.08878626427183,1.07147200169306,0.0173142625787726,0.0456041164574696,0.0282898538786971
"429102",0.304287177309876,0.330587623242292,0.320652702887421,0.0099349203548712,0.0263004459324161,0.0163655255775449
"101373",5.11111645946853,2.20890901334583,2.98274799523852,-0.773838981892696,-2.90220744612271,-2.12836846423001
"216118",0.21074854868292,0.555251740298216,0.408529374154904,0.146722366143312,0.344503191615296,0.197780825471984
"172703",0.104195199257384,0.348382201833744,0.262011533459173,0.0863706683745709,0.244187002576359,0.157816334201788
"486736",0.0645870577551539,0.125211080473618,0.0980337186538432,0.0271773618197748,0.060624022718464,0.0334466608986893
"15394",1e-08,0.0542724499654063,0.0274582395340504,0.0268142104313559,0.0542724399654063,0.0274582295340504
"140752",9.94996482739271,3.89632868695963,5.26221814146667,-1.36588945450704,-6.05363614043308,-4.68774668592604
"4605",10,5.37236517658652,7.26590535313167,-1.89354017654515,-4.62763482341348,-2.73409464686833
"481369",10,3.70350503493987,5.28726207529507,-1.58375704035519,-6.29649496506013,-4.71273792470493
"577184",3.9801018266387,1.54535542644456,2.3425703030604,-0.797214876615846,-2.43474640019414,-1.63753152357829
"552326",1.41879268051916,0.938850862474592,1.1218970051318,-0.183046142657211,-0.479941818044564,-0.296895675387353
"154580",5.73783563086639,3.58467163901529,4.00889167774681,-0.424220038731519,-2.1531639918511,-1.72894395311958
"286795",0.360355028568421,1.41166914468116,0.922176895899778,0.489492248781379,1.05131411611274,0.561821867331357
"136231",2.94561187679926,2.43559968560806,2.61873274462477,-0.183133059016709,-0.510012191191201,-0.326879132174493
"258514",7.8233311941433,5.27639917513446,5.8867561281575,-0.610356953023041,-2.54693201900885,-1.93657506598581
"350080",2.80607914326698,2.68711645591609,2.73030968612911,-0.043193230213022,-0.118962687350894,-0.0757694571378718
"436075",4.22440507819905,4.01043858425181,4.07844320806172,-0.0680046238099026,-0.21396649394724,-0.145961870137337
"496053",5.43161125948929,3.36895264805946,4.01182284329862,-0.642870195239153,-2.06265861142983,-1.41978841619068
"98433",0.569040904353314,1.44999959366613,1.10016478554012,0.349834808126009,0.880958689312813,0.531123881186804
"270254",1.11403585278876,0.720033968907557,0.891613061378644,-0.171579092471087,-0.394001883881205,-0.222422791410118
"30188",1.05147234177175,0.903318452728591,0.958077743967627,-0.054759291239036,-0.148153889043157,-0.0933945978041205
"456196",0.375734492456778,0.419338864688374,0.40126687661587,0.0180719880725036,0.0436043722315961,0.0255323841590925
"71924",1.74522125329929,2.90768170253404,2.47010029169697,0.437581410837074,1.16246044923475,0.724879038397679
"147397",1.85225388816922,1.15115872465496,1.45494232610521,-0.303783601450246,-0.701095163514254,-0.397311562064008
"296950",0.343460849138374,0.844449146897577,0.656076235559228,0.188372911338348,0.500988297759203,0.312615386420855
"187891",3.64299749619883,2.04508155611211,2.60502986623579,-0.559948310123683,-1.59791594008672,-1.03796762996304
"143458",3.85414900542804,2.33774991311899,2.8907403290747,-0.552990415955707,-1.51639909230905,-0.963408676353343
"330651",1.37456739936334,1.03948378592938,1.1725431340739,-0.133059348144518,-0.335083613433958,-0.20202426528944
"419342",1.61986099295273,1.230734279525,1.32440104040685,-0.0936667608818487,-0.389126713427727,-0.295459952545878
"367053",1.23064485885188,1.39736278533477,1.32698229974707,0.0703804855876955,0.166717926482889,0.0963374408951936
"340452",0.748775981706362,0.350737957728897,0.523483365249001,-0.172745407520104,-0.398038023977464,-0.22529261645736
"397140",6.09972654846457,2.77826718437851,3.76856692820273,-0.990299743824222,-3.32145936408606,-2.33115962026184
"575736",10,3.29446552271516,4.89745927907591,-1.60299375636075,-6.70553447728484,-5.10254072092409
"379560",1.12162620595493,0.866979292458528,0.956857513785371,-0.0898782213268428,-0.254646913496403,-0.16476869216956
"146826",2.01713398995258,1.58436920828114,1.74785552265323,-0.16348631437209,-0.432764781671439,-0.269278467299349
"228530",1.90122392355251,1.45900561907897,1.62168364099368,-0.162678021914707,-0.442218304473538,-0.27954028255883
"243227",1.03505381065393,1.03080959280642,1.03236827049242,-0.00155867768600637,-0.0042442178475135,-0.00268554016150713
"252825",3.30014756329053,1.74763414344888,2.26255615670543,-0.514922013256552,-1.55251341984165,-1.0375914065851
"374538",0.060461838689348,0.348857893007239,0.197651028716642,0.151206864290597,0.288396054317891,0.137189190027294
"390496",0.62618300328401,0.539686100727798,0.579755901197198,-0.0400698004693997,-0.0864969025562116,-0.0464271020868119
"61372",0.0479765579334168,0.140490442749784,0.0962555198915108,0.0442349228582735,0.0925138848163676,0.048278961958094
"216689",0.255258131040941,0.731007843185278,0.50198901322175,0.229018829963527,0.475749712144336,0.246730882180809
"156831",0.418273916137531,0.154535916378296,0.268705733781807,-0.114169817403511,-0.263737999759235,-0.149568182355724
"94224",0.859706990647582,1.15910571856309,1.04633624249413,0.112769476068962,0.299398727915506,0.186629251846544
"65578",1e-08,0.27610693547444,0.139163310003164,0.136943625471275,0.27610692547444,0.139163300003164
"136248",3.29130064280795,2.40246980638447,2.72111244568084,-0.318642639296373,-0.888830836423475,-0.570188197127102
"469089",0.0521733680635012,0.44768729791364,0.246002419795718,0.201684878117922,0.395513929850139,0.193829051732217
"474640",0.316512174836125,0.471299937610672,0.407065689067345,0.0642342485433268,0.154787762774546,0.0905535142312197
"148820",1e-08,0.57109107167134,0.302543116374183,0.268547955297157,0.57109106167134,0.302543106374183
"163227",0.15039711867682,0.553266276457183,0.339109557664795,0.214156718792388,0.402869157780363,0.188712438987975
"86140",0.158162145119505,0.443926658869832,0.334146672657321,0.109779986212511,0.285764513750327,0.175984527537816
"125110",0.169084454050453,0.0987435416006511,0.123594095930326,-0.024850554329675,-0.0703409124498023,-0.0454903581201273
"325755",5.86969096189001,2.84144345979177,3.73289192894439,-0.89144846915262,-3.02824750209824,-2.13679903294562
"563626",0.34522450073968,0.424004396250218,0.391385616100241,0.032618780149977,0.0787798955105384,0.0461611153605614
"496849",0.0141926961319713,0.0513012507309009,0.0332742634521761,0.0180269872787248,0.0371085545989296,0.0190815673202048
"444440",0.00839342482673561,0.100667245006434,0.0599512012124802,0.0407160437939542,0.0922738201796989,0.0515577763857446
"307201",0.408195463624324,0.730283352581542,0.575612750992599,0.154670601588942,0.322087888957218,0.167417287368275
"171019",0.574117669306649,0.2287258665631,0.35988905596688,-0.13116318940378,-0.345391802743549,-0.214228613339769
"293864",3.80587629250295,3.79466509695985,3.79799008572917,-0.00332498876931631,-0.0112111955430971,-0.00788620677378082
"378570",1e-08,0.530804712577169,0.286656655231967,0.244148057345202,0.530804702577169,0.286656645231967
"58308",0.0861455160324882,0.0547730350756702,0.0702186876562589,-0.0154456525805887,-0.031372480956818,-0.0159268283762294
"351276",0.986717978906612,0.563424516532,0.730473637665665,-0.167049121133665,-0.423293462374612,-0.256244341240947
"260936",0.28468776345822,0.365375976101498,0.323550358321872,0.0418256177796263,0.0806882126432786,0.0388625948636523
"517131",0.733710870710352,0.65886939506081,0.688589498115658,-0.0297201030548478,-0.0748414756495424,-0.0451213725946945
"391816",0.470063648648012,1.20138356374772,0.879269373705891,0.322114190041831,0.73131991509971,0.409205725057879
"275845",0.115889573314353,0.347157250390873,0.241378666401061,0.105778583989812,0.23126767707652,0.125489093086708
"20797",0.0598356791828564,0.240692780191475,0.155467878633885,0.0852249015575901,0.180857101008619,0.0956321994510287
"236810",0.0400542004048423,0.175807302723786,0.107382325007587,0.0684249777161986,0.135753102318943,0.0673281246027446
"163658",2.11405043500289,1.15398315378281,1.48630597307151,-0.332322819288703,-0.960067281220082,-0.627744461931379
"241094",0.477246611408896,0.779869827858216,0.659629987824369,0.120239840033847,0.30262321644932,0.182383376415472
"507559",0.0576389042107838,0.176857278934048,0.128277513954985,0.0485797649790633,0.119218374723264,0.0706386097442009
"256345",1.88016700618672,1.53114092172691,1.66037947225189,-0.12923855052498,-0.349026084459811,-0.219787533934831
"257787",0.120729590328425,0.262414440126749,0.195093679796692,0.0673207603300567,0.141684849798324,0.0743640894682677
"495667",0.234181980553584,0.589729461173531,0.434971591576432,0.154757869597099,0.355547480619947,0.200789611022847
"288522",0.894640105488309,1.42868945500929,1.2145845836383,0.214104871370989,0.534049349520983,0.319944478149994
"40645",0.356354370475498,0.878127429627328,0.653423735219632,0.224703694407697,0.52177305915183,0.297069364744134
"263992",2.16740901892435,1.31824681128357,1.63541865084912,-0.317171839565542,-0.849162207640777,-0.531990368075234
"500170",5.80622341756208,2.92185370674784,3.79844978036185,-0.876596073614008,-2.88436971081424,-2.00777363720024
"347421",0.282939440752586,0.519277738623551,0.422364962392134,0.0969127762314169,0.236338297870965,0.139425521639548
"554184",0.339981000278051,0.466658784411703,0.411618702302145,0.0550400821095579,0.126677784133653,0.0716377020240946
"523432",0.620884374031376,0.750819083170138,0.699324513351124,0.051494569819014,0.129934709138762,0.0784401393197479
"261146",1.67623936536863,1.84749258862943,1.78055778493218,0.0669348036972457,0.171253223260793,0.104318419563547
"351156",8.54588061884902,5.13475046723668,5.9508199617971,-0.816069494560413,-3.41113015161233,-2.59506065705192
"146645",0.0505291066829677,0.260218824949738,0.170744873653527,0.0894739512962108,0.20968971826677,0.12021576697056
"544133",0.518243444162305,0.894048641372099,0.740953848917849,0.15309479245425,0.375805197209794,0.222710404755544
"116109",3.26161532675571,1.99263183946189,2.42827753959999,-0.4356457001381,-1.26898348729382,-0.833337787155723
"219477",8.53294614271626,4.84611870121882,5.69063249450667,-0.844513793287853,-3.68682744149744,-2.84231364820959
"248140",1.98789591565423,0.955307507659962,1.30277395470653,-0.347466447046566,-1.03258840799426,-0.685121960947698
"284414",5.75235786805368,2.67870481564373,3.58081518363207,-0.902110367988345,-3.07365305240995,-2.1715426844216
"331381",3.65423302686097,1.58498247774542,2.26979268362906,-0.68481020588364,-2.06925054911554,-1.3844403432319
"412176",6.92183655516619,1.81514002500463,3.21339394762011,-1.39825392261548,-5.10669653016156,-3.70844260754609
"497773",3.3554057337673,1.90147240854923,2.39748653448955,-0.496014125940315,-1.45393332521806,-0.957919199277748
"505306",1.69060524259476,1.75869531998276,1.7321425171353,0.0265528028474646,0.0680900773879982,0.0415372745405336
"513774",10,4.057049989915,5.42519819043877,-1.36814820052376,-5.942950010085,-4.57480180956123
"492952",0.214488576346269,0.181937976922978,0.196375812788423,-0.0144378358654448,-0.0325505994232904,-0.0181127635578456
"473031",2.66296885259175,1.24596163318233,1.77778742295145,-0.531825789769117,-1.41700721940942,-0.885181429640308
"85456",0.701648305335373,0.747603609490809,0.729208341181069,0.01839526830974,0.0459553041554356,0.0275600358456956
"532211",0.287457306048377,0.495369194543607,0.383819616996611,0.111549577546997,0.20791188849523,0.0963623109482337
"100223",2.19531442375243,1.39231644414669,1.68609353370995,-0.293777089563261,-0.80299797960574,-0.509220890042479
"450170",0.168438716522804,0.482529767666041,0.351372866165166,0.131156901500875,0.314091051143237,0.182934149642362
"227850",0.137814925463108,1.46361530926614,0.890744246879094,0.572871062387048,1.32580038380303,0.752929321415986
"328423",0.536746488475593,1.24069790997147,0.918123661757162,0.322574248214308,0.703951421495878,0.381377173281569
"55621",0.255762010170802,0.848087180882103,0.559257922433741,0.288829258448362,0.592325170711301,0.303495912262938
"188138",0.112195798376128,0.321499440277265,0.215239866196705,0.10625957408056,0.209303641901136,0.103044067820577
"485039",0.208984189835998,0.230702321008842,0.220501283722992,0.0102010372858497,0.021718131172844,0.0115170938869943
"188152",0.138274882454155,0.357155782294541,0.245750609992823,0.111405172301719,0.218880899840386,0.107475727538667
"17274",1.19411005337729,0.924562056040145,1.02416348474508,-0.0996014287049328,-0.26954799733715,-0.169946568632217
"547684",0.471998921402142,0.423811728534504,0.443664887879619,-0.019853159345115,-0.0481871928676381,-0.0283340335225231
"510871",0.466272929984609,0.307151117341031,0.370172190881764,-0.0630210735407331,-0.159121812643578,-0.0961007391028449
"347578",6.92907532388679,2.3621082454469,3.69180520910087,-1.32969696365397,-4.56696707843989,-3.23727011478592
"226843",0.480597962058162,0.945334250987727,0.75352712592576,0.191807125061968,0.464736288929565,0.272929163867597
"367058",1.11375615363633,0.666465833053618,0.859820414944985,-0.193354581891367,-0.447290320582714,-0.253935738691347
"493525",0.0152344045729078,0.500267020721952,0.318464650298672,0.18180237042328,0.485032616149044,0.303230245725764
"377707",0.86216817947499,1.37661498260003,1.16406471601676,0.212550266583276,0.514446803125044,0.301896536541768
"215520",0.176222540086888,0.367932132075096,0.269083207582568,0.098848924492528,0.191709591988208,0.0928606674956799
"415716",1.28307523806165,1.72819779265942,1.62990149475305,0.0982962979063731,0.44512255459777,0.346826256691397
"506755",0.119175845566937,0.429788797913621,0.275344816274258,0.154443981639363,0.310612952346684,0.156168970707321
"351270",6.13713731888843,1.87565157063766,3.03498977902374,-1.15933820838608,-4.26148574825078,-3.1021475398647
"52050",0.120318500277466,0.899996850760525,0.4532902696341,0.446706581126425,0.779678350483059,0.332971769356635
"187433",0.934131937142176,0.662622292455754,0.775546490606256,-0.112924198150503,-0.271509644686422,-0.15858544653592
"418775",0.982852822299423,0.538451740100449,0.71116878579247,-0.172717045692022,-0.444401082198974,-0.271684036506952
"322947",1.36741691639616,0.69420298430428,0.925780651702545,-0.231577667398265,-0.673213932091875,-0.44163626469361
"20259",2.17246339330463,1.78915307538556,1.94282507528624,-0.153671999900685,-0.383310317919069,-0.229638318018384
"299071",3.75692743190284,1.93157591447192,2.56515698494576,-0.633581070473833,-1.82535151743092,-1.19177044695708
"352546",2.14899535655082,1.66715311741331,1.85560231448545,-0.188449197072143,-0.481842239137508,-0.293393042065365
"226561",1.49953935133679,0.844855759817724,1.09149161982666,-0.246635860008938,-0.65468359151907,-0.408047731510132
"324889",1e-08,0.441669690381622,0.224880613666705,0.216789076714917,0.441669680381622,0.224880603666705
"416845",0.636546246809351,0.914218004254662,0.796350206939239,0.117867797315423,0.277671757445311,0.159803960129888
"412265",0.566881755559996,0.455975051934353,0.504570780449292,-0.0485957285149387,-0.110906703625643,-0.0623109751107044
"220825",0.0897795803550117,0.34423178650724,0.209526527388605,0.134705259118636,0.254452206152228,0.119746947033593
"272875",1e-08,0.266448257357876,0.136963220961807,0.129485036396069,0.266448247357876,0.136963210961807
"548479",0.826569355208148,0.734905915979541,0.772696090676652,-0.0377901746971109,-0.091663439228607,-0.0538732645314961
"208677",4.05555381274553,1.99292101404877,2.72633728232112,-0.733416268272344,-2.06263279869676,-1.32921653042441
"328169",1.86187319602628,1.94334841220083,1.91143543707764,0.0319129751231881,0.0814752161745516,0.0495622410513634
"80711",2.38177463559856,1.3455244575759,1.73722561330485,-0.391701155728942,-1.03625017802266,-0.644549022293716
"964",10,3.28778386174538,5.22014927443638,-1.932365412691,-6.71221613825462,-4.77985072556362
"232107",1.4916475622486,1.14614131918148,1.29021080522181,-0.144069486040332,-0.345506243067121,-0.201436757026789
"4560",0.040424829741047,0.940644291377206,0.507002427138667,0.433641864238539,0.900219461636159,0.466577597397621
"568514",6.84183401955049,2.04096405448832,3.39679829429846,-1.35583423981014,-4.80086996506217,-3.44503572525203
"290471",0.323429106378837,0.60920678801174,0.51202045625323,0.0971863317585093,0.285777681632903,0.188591349874393
"352632",0.387069670166594,0.982240662009632,0.733042249360667,0.249198412648965,0.595170991843038,0.345972579194073
"369155",1.29352770752068,0.854267851632347,1.01192655905717,-0.15765870742482,-0.439259855888332,-0.281601148463511
"242023",0.0623354115782776,0.794630514499078,0.398804829501786,0.395825684997292,0.732295102920801,0.336469417923508
"128539",1.26285278338735,2.32513565946109,1.90312601423119,0.422009645229905,1.06228287607375,0.640273230843841
"51029",0.190897523023627,1.2119045890016,0.736610699127011,0.475293889874591,1.02100706597798,0.545713176103384
"571425",5.20343014109455,3.08648203618467,3.71050039595794,-0.624018359773261,-2.11694810490987,-1.49292974513661
"33484",0.0359184228020837,0.166642588883238,0.103124351095684,0.0635182377875543,0.130724166081154,0.0672059282936001
"386601",3.03270632690969,0.88897620171653,1.6498543195178,-0.760878117801274,-2.14373012519316,-1.38285200739189
"407711",0.165778452743906,0.813303772345814,0.512325886959909,0.300977885385904,0.647525319601908,0.346547434216003
"71340",0.541268533156282,0.807131172649786,0.700106124771637,0.107025047878149,0.265862639493504,0.158837591615355
"40738",0.0383601466224033,0.509092176401592,0.284850479703764,0.224241696697828,0.470732029779189,0.246490333081361
"149871",0.0651379859795967,0.219872770409448,0.142329403163311,0.0775433672461376,0.154734784429852,0.077191417183714
"315241",2.25434832778124,1.39209912149616,1.71435473212506,-0.322255610628898,-0.862249206285082,-0.539993595656185
"347029",0.292283449376673,0.760977029753077,0.53828345681919,0.222693572933887,0.468693580376404,0.246000007442517
"249217",0.426227675850419,0.481970283005284,0.456610689399713,0.0253595936055709,0.0557426071548653,0.0303830135492945
"454153",1.98461693317589,1.43495422625199,1.63803061722459,-0.203076390972606,-0.549662706923907,-0.346586315951301
"206036",0.0170878325914151,0.365153151459739,0.209558619329678,0.155594532130061,0.348065318868324,0.192470786738263
"226581",3.68406264709474,1.46296942527364,2.16201306199484,-0.699043636721203,-2.2210932218211,-1.5220495850999
"318855",0.591204495809858,0.425481414676498,0.482930340183294,-0.0574489255067958,-0.16572308113336,-0.108274155626565
"112598",0.00157719016254853,0.591485246717182,0.30260378760214,0.288881459115042,0.589908056554633,0.301026597439591
"551851",1e-08,0.345204327871294,0.183161227826466,0.162043100044829,0.345204317871294,0.183161217826466
"503394",0.503882149282168,0.724380609668611,0.638967035379476,0.085413574289135,0.220498460386443,0.135084886097308
"168240",0.81988698527904,1.44158409597074,1.18783221937057,0.253751876600175,0.6216971106917,0.367945234091526
"336442",3.58658016702643,2.21071355980524,2.70160270704881,-0.490889147243571,-1.37586660722119,-0.88497745997762
"339666",1e-08,0.395347216472862,0.215212335493463,0.180134880979399,0.395347206472862,0.215212325493463
"145990",1.33883109203353,0.411225200636151,0.770379429477408,-0.359154228841258,-0.927605891397384,-0.568451662556126
"338674",1e-08,0.11288979221176,0.0616349398981845,0.0512548523135759,0.11288978221176,0.0616349298981844
"238822",0.929774031833796,0.690842037304361,0.791357101657422,-0.100515064353061,-0.238931994529435,-0.138416930176375
"254112",1e-08,0.294995482500743,0.150783935322076,0.144211547178667,0.294995472500743,0.150783925322076
"121650",0.500450119229278,1.0198938478568,0.830780147265522,0.189113700591274,0.519443728627518,0.330330028036244
"287234",1.80869360228694,1.31784043576318,1.49533319462253,-0.177492758859351,-0.490853166523759,-0.313360407664408
"518177",2.45818708601296,1.33780440733901,1.75595946889542,-0.41815506155641,-1.12038267867395,-0.702227617117537
"386181",1.36958446175541,0.94892034814439,1.11478202380144,-0.165861675657051,-0.420664113611025,-0.254802437953974
"274921",2.57372802408705,0.964287804087191,1.51818738333704,-0.553899579249844,-1.60944021999986,-1.05554064075001
"489003",1.03657005108072,1.80897811722842,1.46223483805634,0.346743279172077,0.772408066147693,0.425664786975616
"330085",2.11639007485886,3.18029666741149,2.7718418362789,0.408454831132587,1.06390659255263,0.655451761420039
"507150",1.09629765303737,0.984202235630395,1.02481725886807,-0.0406150232376773,-0.112095417406974,-0.071480394169297
"110870",5.53507222408061,2.9786243594984,3.74697969621089,-0.768355336712494,-2.55644786458221,-1.78809252786972
"21102",10,5.52953899882388,7.38842783841137,-1.85888883958748,-4.47046100117612,-2.61157216158863
"509966",3.40952080975175,2.41100915458587,2.77248562648138,-0.36147647189551,-0.998511655165883,-0.637035183270372
"275909",0.965261557443463,1.52744724318549,1.29134858579606,0.236098657389429,0.562185685742026,0.326087028352597
"15220",1.89104540158121,2.01588548198627,1.96502852087597,0.0508569611103076,0.124840080405058,0.0739831192947507
"295985",1.42772948125046,1.18831561126921,1.28688293403405,-0.0985673227648414,-0.239413869981256,-0.140846547216415
"289887",0.0436215148954883,0.2427599485443,0.156039704882484,0.086720243661816,0.199138433648812,0.112418189986996
"234466",0.0393295865053934,0.220170035315869,0.134664908337017,0.0855051269788523,0.180840448810476,0.0953353218316236
"65865",0.430900654185098,0.627575259001876,0.534732673513869,0.0928425854880065,0.196674604816778,0.103832019328772
"27385",0.134097696961771,0.385822431676109,0.256079189578113,0.129743242097996,0.251724734714338,0.121981492616342
"135424",0.938778970740467,0.621614705354711,0.75207826593371,-0.130463560578999,-0.317164265385756,-0.186700704806757
"461819",0.0303280129042932,0.253159695331201,0.140273118713637,0.112886576617564,0.222831682426907,0.109945105809344
"327288",4.28226754382652,1.50606339298929,2.42037832404284,-0.91431493105355,-2.77620415083723,-1.86188921978368
"344031",0.878429355152678,0.451289836161336,0.604772979812124,-0.153483143650788,-0.427139518991342,-0.273656375340554
"166643",0.128174082947775,0.124459290729717,0.126206839472632,-0.00174754874291505,-0.00371479221805809,-0.00196724347514304
"259761",1.13433068934323,0.884900188096275,0.974525093577462,-0.0896249054811865,-0.249430501246959,-0.159805595765772
"253210",5.42284754328228,3.3676263770302,4.00961763354755,-0.641991256517351,-2.05522116625208,-1.41322990973473
"331087",4.08882729322833,5.00390598541752,4.68783002916921,0.316075956248308,0.915078692189186,0.599002735940878
"365698",2.9206880070998,3.0715458903282,3.01457790153968,0.0569679887885139,0.150857883228397,0.0938898944398829
"4319",1.46736019596888,0.978951693349263,1.17419712825865,-0.19524543490939,-0.488408502619619,-0.293163067710229
"342050",2.36948928060556,1.45464966157751,1.80554260462843,-0.350892943050921,-0.914839619028046,-0.563946675977125
"368123",1.84778730207613,1.7012158949571,1.75759183078303,-0.0563759358259228,-0.146571407119025,-0.0901954712931023
"468934",4.17188842374593,1.33244473198854,2.22074993344232,-0.888305201453784,-2.83944369175739,-1.95113849030361
"69780",5.94906983086105,2.82032591338358,3.75740998139996,-0.937084068016379,-3.12874391747747,-2.19165984946109
"364988",0.569138289501013,0.851682833400452,0.733907661804495,0.117775171595957,0.282544543899438,0.164769372303481
"256275",0.219835957025672,0.511434162584546,0.363487954512715,0.147946208071831,0.291598205558875,0.143651997487044
"90394",0.105747699236585,0.0944618276643898,0.0993616367659241,-0.00489980910153431,-0.0112858715721949,-0.00638606247066062
"222603",0.545058087789047,0.600565462682433,0.574967888230224,0.0255975744522094,0.0555073748933864,0.029909800441177
"306771",1.5831836950765,0.493634574140004,0.844362384986586,-0.350727810846582,-1.08954912093649,-0.738821310089912
"214419",0.377664023241149,0.865756539329964,0.649987325534113,0.215769213795851,0.488092516088815,0.272323302292964
"254825",1e-08,0.525888277779885,0.26576353588069,0.260124741899196,0.525888267779885,0.26576352588069
"108535",1e-08,0.140228339408711,0.0708196326754942,0.0694087067332171,0.140228329408711,0.0708196226754942
"85453",1e-08,0.263119880830963,0.136642957952055,0.126476922878908,0.263119870830963,0.136642947952055
"377874",1.28137952429564,1.01352627440839,1.11988108175826,-0.106354807349874,-0.267853249887257,-0.161498442537383
"80257",0.255683806914165,0.287047574098817,0.272194273364202,0.0148533007346158,0.0313637671846527,0.0165104664500369
"218929",2.27661670007124,1.69683681806049,1.92707241635096,-0.230235598290472,-0.579779882010754,-0.349544283720282
"322639",5.60603511654893,3.26473525273327,3.99764193124749,-0.732906678514222,-2.34129986381566,-1.60839318530144
"440572",6.54169459558112,2.90204856522911,4.02255787152161,-1.1205093062925,-3.639646030352,-2.51913672405951
"75979",2.24651064299142,1.15539004090219,1.53444347943673,-0.379053438534541,-1.09112060208923,-0.71206716355469
"354622",1.18547156301705,1.29727042941158,1.25085702211957,0.0464134072920079,0.111798866394524,0.0653854591025163
"385538",0.335092715458793,1.12475633748772,0.79452428880573,0.330232048681994,0.78966362202893,0.459431573346937
"92690",1.3716443100689,1.85832540234333,1.67843842805801,0.179886974285321,0.486681092274432,0.306794117989111
"488843",2.07461561087904,3.29780743615658,2.82847396785746,0.469333468299123,1.22319182527754,0.753858356978422
"24411",0.118385585590555,0.160902858413849,0.140629027324783,0.0202738310890658,0.0425172728232945,0.0222434417342287
"118728",0.854000747410533,0.756543495328556,0.799288768454065,-0.0427452731255095,-0.097457252081977,-0.0547119789564675
"116354",1.94486296747443,1.16354122978931,1.43612392367461,-0.272582693885299,-0.781321737685124,-0.508739043799825
"289759",0.911389664127059,1.06080313601888,1.00611660724816,0.0546865287707263,0.149413471891825,0.0947269431210985
"261293",0.22086661579381,0.364819864076558,0.294004380914002,0.0708154831625563,0.143953248282748,0.0731377651201912
"33024",0.127950591643781,1.04599055628049,0.571826123022958,0.474164433257531,0.918039964636708,0.443875531379177
"360607",0.0342387398563982,0.641636209361818,0.33746147375714,0.304174735604678,0.60739746950542,0.303222733900742
"77441",3.47604165721501,1.87768209779691,2.42820922068518,-0.550527122888268,-1.5983595594181,-1.04783243652983
"554643",1e-08,0.40885817437541,0.223779725597259,0.185078448778151,0.40885816437541,0.223779715597259
"498030",4.31038996439668,3.32227338808005,3.63284436227713,-0.310570974197078,-0.988116576316628,-0.67754560211955
"309041",1.27869418482044,1.26132066736023,1.26829827973059,-0.00697761237036487,-0.0173735174602152,-0.0103959050898503
"31538",2.59190421864695,1.50098695331499,1.93059915619058,-0.429612202875595,-1.09091726533196,-0.661305062456365
"282443",1.19401144409516,0.976402793254351,1.05717299776206,-0.0807702045077038,-0.217608650840813,-0.136838446333109
"350764",2.24880442859392,1.15420753362611,1.53613969945578,-0.381932165829675,-1.09459689496781,-0.712664729138134
"240593",1.72332567812549,1.93254517732691,1.84929385156112,0.0832513257657963,0.20921949920142,0.125968173435624
"35390",0.693688660487702,0.502102262711765,0.5897126173028,-0.0876103545910344,-0.191586397775937,-0.103976043184902
"82189",3.28925414397184,2.29931327375941,2.65552513226182,-0.35621185850241,-0.98994087021243,-0.63372901171002
"499727",3.6134544715044,2.39373330561033,2.83686581438165,-0.443132508771316,-1.21972116589407,-0.776588657122751
"557183",9.5385695929356,4.54996496844476,5.72466206929747,-1.17469710085271,-4.98860462449084,-3.81390752363812
"478474",1.4626645103826,0.730538879775883,0.994661689078641,-0.264122809302758,-0.732125630606714,-0.468002821303956
"376389",1e-08,0.172828844367522,0.0845248488883506,0.0883039954791709,0.172828834367522,0.0845248388883506
"535903",2.54204457075028,1.26511664366027,1.74132501506511,-0.476208371404846,-1.27692792709001,-0.800719555685162
"573978",0.0630892513695765,0.307213782607543,0.190906795808507,0.116306986799036,0.244124531237966,0.127817544438931
"33645",1.26558620799694,0.73717688086995,0.922946219966224,-0.185769339096274,-0.52840932712699,-0.342639988030716
"119739",2.83781884346522,0.850702475124972,1.5333822809038,-0.682679805778827,-1.98711636834025,-1.30443656256142
"139823",0.213401162846747,0.37767579202888,0.317449940007358,0.0602258520215225,0.164274629182133,0.104048777160611
"246777",2.12688574400313,1.38475530384798,1.66172139777466,-0.276966093926677,-0.742130440155143,-0.465164346228466
"322463",1.63998063864275,2.10639326669406,1.91885297173001,0.18754029496405,0.466412628051317,0.278872333087266
"506168",1.63589040591595,1.91198421018072,1.80453094312691,0.107453267053809,0.276093804264771,0.168640537210963
"499704",0.821235526289778,0.815953983608937,0.818321772166833,-0.0023677885578951,-0.00528154268084102,-0.00291375412294592
"309437",0.198261811455797,0.716528624164675,0.482786560175394,0.233742063989281,0.518266812708878,0.284524748719597
"352880",0.640999165238349,0.465935815308241,0.544981588352562,-0.0790457730443214,-0.175063349930109,-0.0960175768857872
"343557",0.55660171426838,0.601879121041784,0.585957273098556,0.0159218479432279,0.0452774067734043,0.0293555588301764
"251515",2.69431994843062,1.10265685700304,1.68036459256671,-0.577707735563667,-1.59166309142757,-1.01395535586391
"483485",0.189593179105622,0.376453574850886,0.302372392348286,0.0740811825026004,0.186860395745265,0.112779213242664
"272935",0.147592377478782,0.398711393955486,0.275618892262905,0.123092501692581,0.251119016476704,0.128026514784123
"537952",0.401675028008087,1.33476413266166,0.90358968046927,0.431174452192394,0.933089104653578,0.501914652461183
"179599",0.0776555542783155,0.183509487884021,0.130440199835678,0.0530692880483433,0.105853933605706,0.0527846455573624
"264971",0.0401726403294875,0.0813550536111016,0.0619008628296413,0.0194541907814603,0.041182413281614,0.0217282225001537
"350978",0.207387306688968,0.210530206701426,0.208995982679672,0.00153422402175421,0.00314290001245857,0.00160867599070436
"321426",4.50353487246024,1.4723458184995,2.47713398954651,-1.00478817104701,-3.03118905396074,-2.02640088291373
"231436",0.621811255332968,0.533355817569162,0.568583815359289,-0.0352279977901268,-0.0884554377638063,-0.0532274399736795
"376381",2.54795899140285,2.95021881312787,2.80070899631052,0.149509816817345,0.402259821725023,0.252750004907677
"520840",0.582409795083278,0.854194586951355,0.741854255262572,0.112340331688783,0.271784791868077,0.159444460179294
"392415",0.0684946943272288,0.184622866175587,0.129528607317501,0.0550942588580856,0.116128171848358,0.0610339129902726
"164124",1.03944467296217,0.533203279346693,0.73344865124752,-0.200245371900826,-0.506241393615477,-0.305996021714651
"251067",1.19055649746471,1.0700578365093,1.11817598043884,-0.0481181439295328,-0.120498660955403,-0.0723805170258704
"536439",0.0241477422944899,0.192487217184118,0.116970941899638,0.0755162752844802,0.168339474889628,0.0928231996051482
"60126",0.821968650718952,0.894177235076394,0.863235400193518,0.0309418348828757,0.0722085843574414,0.0412667494745657
"216554",0.0174870611689892,0.159989139116917,0.0890653100802826,0.0709238290366342,0.142502077947928,0.0715782489112933
"506783",1.40399154317225,1.1211125691361,1.2355334551963,-0.114420886060194,-0.282878974036145,-0.168458087975951
"149557",3.07255329718689,2.21389956055007,2.51298190710195,-0.299082346551877,-0.85865373663682,-0.559571390084943
"387483",10,3.47838077790358,5.1521563811989,-1.67377560329532,-6.52161922209642,-4.8478436188011
"456052",1.74730845329253,1.91870721296146,1.84960154767751,0.069105665283955,0.171398759668932,0.102293094384977
"509789",0.648587936272705,0.754100984735821,0.712706995001719,0.041393989734102,0.105513048463116,0.0641190587290142
"37497",1.39121966263643,0.917430818405962,1.1026354882804,-0.185204669874439,-0.47378884423047,-0.288584174356031
"225473",0.0596360693148943,0.435212011421031,0.239783748756812,0.195428262664219,0.375575942106137,0.180147679441918
"498243",0.897849473500177,0.858542507269949,0.875940175433996,-0.0173976681640474,-0.0393069662302279,-0.0219092980661805
"113235",1.02224552462291,1.07406906683179,1.05456367914702,0.0195053876847702,0.0518235422088744,0.0323181545241042
"348534",3.969163394971,3.51638093342902,3.65572021396309,-0.139339280534069,-0.45278246154198,-0.313443181007911
"383288",1.47684871700672,2.28100868445399,1.95240575140459,0.328602933049394,0.804159967447266,0.475557034397872
"45298",5.88875639178048,2.59079262563091,3.56673145638872,-0.975938830757808,-3.29796376614957,-2.32202493539176
"526785",3.52257232027067,2.32630250461993,2.75485189218917,-0.42854938756924,-1.19626981565074,-0.767720428081499
"177121",2.95884546992516,2.74432320993855,2.82271267815543,-0.0783894682168782,-0.214522259986604,-0.136132791769726
"492961",2.62129573439544,2.99266763493071,2.85520224083499,0.137465394095719,0.371371900535268,0.233906506439549
"442280",5.15573614743479,3.73605361636263,4.19360080491208,-0.457547188549453,-1.41968253107216,-0.962135342522705
"171311",0.0146251085103596,0.0785225020653709,0.0475166113011562,0.0310058907642147,0.0638973935550113,0.0328915027907966
"52217",1e-08,0.254519481947844,0.141770325856421,0.112749156091423,0.254519471947844,0.141770315856421
"153695",0.343389554147704,0.439318342929067,0.399977481921532,0.0393408610075343,0.095928788781363,0.0565879277738287
"131544",0.889330471482891,0.912307486908265,0.901768506527338,0.0105389803809269,0.0229770154253734,0.0124380350444465
"329176",5.44719539950979,2.9361029180393,3.37889103506469,-0.442788117025389,-2.51109248147049,-2.0683043644451
"450068",4.19354156483458,2.33308035976579,2.84354742740661,-0.510467067640822,-1.86046120506879,-1.34999413742797
"511490",3.08377487544547,2.50480565907839,2.72141872464308,-0.216613065564691,-0.578969216367078,-0.362356150802388
"68734",1.66087308043296,2.45093760620972,2.11742209154058,0.333515514669145,0.790064525776758,0.456549011107613
"335246",0.295227539311298,0.501383417914275,0.414104282951577,0.0872791349626983,0.206155878602978,0.118876743640279
"296691",2.20066652519388,1.46268828270429,1.73968364212606,-0.276995359421769,-0.737978242489588,-0.460982883067819
"566662",1.91865312582926,1.04065422800325,1.32455270294471,-0.283898474941463,-0.877998897826004,-0.594100422884541
"17196",0.852952588602821,1.34300198133487,1.15269448163969,0.190307499695178,0.49004939273205,0.299741893036873
"498828",3.25645219575031,4.01021551200973,3.77872049005601,0.231495021953718,0.75376331625942,0.522268294305702
"528486",1.93170468376049,1.72326710998191,1.80348782394286,-0.0802207139609581,-0.208437573778588,-0.128216859817629
"544566",4.47312086338323,3.31628750613362,3.67004849576607,-0.353760989632443,-1.15683335724961,-0.803072367617167
"33464",5.57977510788493,3.28162162739659,3.99425848154885,-0.712636854152266,-2.29815348048834,-1.58551662633607
"347587",10,3.45690831420982,5.31348569724385,-1.85657738303403,-6.54309168579018,-4.68651430275615
"406152",4.00914977337074,1.92968839587231,2.65428488531648,-0.724596489444167,-2.07946137749843,-1.35486488805426
"428318",3.63643733049092,2.19399807427293,2.70601011501697,-0.512012040744037,-1.44243925621799,-0.930427215473956
"560208",10,3.00677659555621,5.14288136314412,-2.13610476758791,-6.99322340444379,-4.85711863685588
"315611",1.70795514295218,1.20418597553857,1.42175728730037,-0.217571311761807,-0.503769167413617,-0.286197855651809
"499873",0.00574120124135925,0.926480774546796,0.50296639557723,0.423514378969566,0.920739573305437,0.49722519433587
"234820",1.10301714905372,2.16666500621424,1.76461075091217,0.402054255302069,1.06364785716052,0.661593601858449
"243068",3.86991736391285,1.66767047313328,2.40056378154403,-0.732893308410747,-2.20224689077956,-1.46935358236882
"382386",4.71920821966766,2.93675070767546,3.43735190614492,-0.500601198469458,-1.7824575119922,-1.28185631352274
"477230",3.00817934997148,3.4909350726521,3.34876188089217,0.142173191759927,0.482755722680624,0.340582530920697
"42361",0.758855796416907,1.39976276301326,1.14186539624485,0.257897366768406,0.64090696659635,0.383009599827944
"461322",0.190068190309842,0.431090245500224,0.308093769969532,0.122996475530691,0.241022055190382,0.118025579659691
"453313",0.160670733108155,0.0821365517708415,0.118415473289288,-0.0362789215184465,-0.0785341813373132,-0.0422552598188667
"265453",9.46926789468872,4.06523771041247,5.28118814874596,-1.21595043833349,-5.40403018427624,-4.18807974594276
"435958",0.600068077413185,0.684100295089931,0.650925238574502,0.0331750565154287,0.0840322176767461,0.0508571611613173
"16512",0.01815913836371,0.0855804856544073,0.0546632575467603,0.030917228107647,0.0674213472906974,0.0365041191830503
"186906",0.234722991178759,0.561793648619222,0.419590066214383,0.142203582404838,0.327070657440463,0.184867075035625
"252830",0.0806329635790432,0.201953615154191,0.143259974454976,0.0586936406992158,0.121320651575148,0.0626270108759324
"179363",0.0827556774883832,0.504460993872539,0.32176987536786,0.18269111850468,0.421705316384156,0.239014197879477
"480906",1.41585995372941,1.1190197691637,1.24289392569784,-0.123874156534143,-0.296840184565713,-0.17296602803157
"452172",1.3668746581427,1.58774498538422,1.50676407389819,0.0809809114860325,0.220870327241525,0.139889415755492
"80430",1.73661834045608,1.67884033936167,1.70146117650526,-0.0226208371435903,-0.0577780010944069,-0.0351571639508166
"40961",0.194248538775821,0.309588915309595,0.268882604381732,0.0407063109278634,0.115340376533775,0.0746340656059111
"210840",1e-08,0.520157667415361,0.258488072847743,0.261669594567619,0.520157657415361,0.258488062847743
"468165",1e-08,0.452520120265528,0.225018063028406,0.227502057237123,0.452520110265528,0.225018053028406
"456291",0.986080676993457,1.16772576951976,1.0971174429131,0.0706083266066571,0.1816450925263,0.111036765919643
"235104",2.29353603845562,1.19416432435209,1.58396597376858,-0.38980164941649,-1.09937171410354,-0.709570064687046
"251495",1.20333230774366,0.921816284327904,1.02395444185326,-0.102138157525353,-0.281516023415755,-0.179377865890402
"473602",3.85851066327541,1.38373556878067,2.15108202016655,-0.767346451385881,-2.47477509449474,-1.70742864310886
"353291",0.744372111545219,0.669791671168332,0.695459612365445,-0.0256679411971135,-0.0745804403768869,-0.0489124991797735
"1713",0.130717729686647,0.625774191409509,0.402844668992427,0.222929522417083,0.495056461722863,0.27212693930578
"400212",0.909953181434429,0.963386455404394,0.939666610423044,0.0237198449813497,0.053433273969965,0.0297134289886153
"411164",6.06310329111066,3.0708330288275,4.00570220124922,-0.93486917242172,-2.99227026228315,-2.05740108986143
"472693",0.191857540717162,0.130354288301461,0.156192893899359,-0.0258386055978977,-0.0615032524157009,-0.0356646468178032
"147835",7.37150422068554,2.40421595125102,3.33368356646659,-0.929467615215569,-4.96728826943452,-4.03782065421895
"215653",0.982389674766952,0.645277694186448,0.786902710748271,-0.141625016561824,-0.337111980580505,-0.195486964018681
"553403",0.238451928009029,0.655541116615385,0.455053167301237,0.200487949314148,0.417089188606356,0.216601239292207
"532619",0.165935765708126,0.312123329860019,0.237214102269061,0.074909227590957,0.146187564151892,0.0712783365609354
"126652",1.21446081581815,0.882716894880213,1.00384269327268,-0.121125798392466,-0.33174392093794,-0.210618122545474
"119480",0.792186553975297,1.0001581346235,0.905458379904493,0.0946997547190098,0.207971580648206,0.113271825929196
"286776",0.223598332326565,0.504819182637885,0.384996560809117,0.119822621828767,0.28122085031132,0.161398228482552
"497717",0.74622731821977,0.988768452190822,0.879539987135343,0.109228465055479,0.242541133971052,0.133312668915573
"57426",1e-08,0.336736556021797,0.156004774499402,0.180731781522394,0.336736546021797,0.156004764499402
"99051",0.518908011951502,0.412314325348444,0.458704404172067,-0.0463900788236234,-0.106593686603058,-0.0602036077794346
"477496",1.25591136318191,0.648675955313903,0.912320248775937,-0.263644293462034,-0.607235407868005,-0.343591114405971
"134395",1.82678787042194,1.58755604923656,1.67688138719765,-0.089325337961089,-0.239231821185383,-0.149906483224294
"177726",1.12822913153081,1.20560109821458,1.17438344108001,0.0312176571345684,0.0773719666837678,0.0461543095491994
"536664",0.855804748413148,1.6614373005243,1.3137215198802,0.347715780644099,0.80563255211115,0.457916771467051
"469559",1e-08,0.452416884664166,0.224265660423976,0.22815122424019,0.452416874664166,0.224265650423976
"372981",0.142403382398694,0.340081305918777,0.238911364882471,0.101169941036306,0.197677923520083,0.0965079824837769
"365874",0.0863478997977657,0.223118416086835,0.162429361939078,0.0606890541477566,0.136770516289069,0.0760814621413124
"25758",0.135134836483258,0.243932143896391,0.197219329217605,0.0467128146787861,0.108797307413133,0.0620844927343469
"473146",2.77506802362067,1.23011128104205,1.81263762595478,-0.582526344912728,-1.54495674257862,-0.962430397665892
"179063",2.00322765129787,1.59828454905975,1.7512636188098,-0.152979069750043,-0.404943102238116,-0.251964032488073
"409083",1.76810062305632,1.76969762011599,1.76916014417499,0.000537475941002619,0.00159699705966698,0.00105952111866436
"175685",0.475926137224588,1.63390927184261,1.18185359738191,0.452055674460701,1.15798313461803,0.705927460157326
"190604",3.31713983475714,2.21138886996652,2.60168170956676,-0.390292839600232,-1.10575096479061,-0.71545812519038
"82996",1.09748573477715,2.48433264167275,1.93118154182416,0.55315109984859,1.38684690689561,0.833695807047015
"70474",0.827367578366834,1.52942871659992,1.17715255424612,0.352276162353803,0.702061138233084,0.349784975879281
"38204",0.986163387931354,1.56762827411014,1.31582936554689,0.251798908563246,0.581464886178782,0.329665977615536
"237014",1.39399236252917,1.03511296858957,1.13869054892111,-0.103577580331534,-0.358879393939598,-0.255301813608064
"11758",1.92515275017282,1.8284107670033,1.86562148854442,-0.037210721541117,-0.096741983169524,-0.0595312616284069
"194235",0.908724300148129,2.18617550897563,1.59630409284248,0.589871416133148,1.2774512088275,0.687579792694352
"558933",2.84945218586139,2.87545312712151,2.8655491892198,0.00990393790171051,0.026000941260119,0.0160970033584085
"315326",7.81634632772486,1.47324695461693,7.81634632772486,-6.34309937310793,-6.34309937310793,0
"411455",0.871392565379503,0.698742938145256,0.770500388455708,-0.0717574503104526,-0.172649627234247,-0.100892176923795
"447479",0.0652518073108864,0.312217219554395,0.1937571302744,0.118460089279995,0.246965412243509,0.128505322963514
"220986",2.6874267034713,1.32698831916132,1.848218579204,-0.521230260042671,-1.36043838430998,-0.839208124267307
"466754",7.76752023201405,1.67380182814956,3.3464038817653,-1.67260205361573,-6.09371840386448,-4.42111635024875
"48300",5.1150280657512,3.00065322566889,3.62864502957995,-0.627991803911057,-2.11437484008231,-1.48638303617125
"377144",0.2136378682483,1.56894033219628,1.08830978450672,0.48063054768955,1.35530246394797,0.874671916258424
"318009",0.248075759472057,0.459563612952168,0.374521423238519,0.0850421897136494,0.211487853480111,0.126445663766461
"301051",3.38880385386572,1.68569394091085,2.24279531559428,-0.557101374683423,-1.70310991295486,-1.14600853827144
"334364",0.843599370316428,0.642376178087927,0.709447914497651,-0.0670717364097239,-0.2012231922285,-0.134151455818777
"399070",1.66300773489124,2.11818893218014,1.93144385704183,0.186745075138304,0.455181197288896,0.268436122150592
"485015",3.09932507221961,2.20779252765774,2.51696975432321,-0.309177226665474,-0.891532544561876,-0.582355317896401
"438038",1.04639309434407,2.6188820167624,1.94056167977263,0.678320336989773,1.57248892241833,0.894168585428562
"328666",2.50626575185441,1.38416945448248,1.81370638941981,-0.429536934937333,-1.12209629737192,-0.692559362434591
"390269",0.994574317343375,0.80944862566561,0.890798691203819,-0.0813500655382089,-0.185125691677765,-0.103775626139556
"526375",0.322819824503844,0.749815449009987,0.586275068262277,0.163540380747709,0.426995624506143,0.263455243758434
"88327",2.03006280241608,1.0491559318764,1.39646639973402,-0.347310467857618,-0.980906870539681,-0.633596402682063
"287896",0.665982254603797,1.81401323890356,1.32750986936113,0.486503369542433,1.14803098429976,0.661527614757331
"382726",0.698211172205634,0.983695777734336,0.890781242694038,0.0929145350402982,0.285484605528702,0.192570070488404
"505085",3.16409787262586,2.56012864064111,2.77801416740268,-0.217885526761573,-0.603969231984751,-0.386083705223178
"566969",1e-08,0.483918118732017,0.267453149109962,0.216464969622055,0.483918108732017,0.267453139109962
"240504",3.28260255379865,1.35223993201155,1.93102916933639,-0.578789237324835,-1.9303626217871,-1.35157338446226
"335071",0.0718854622295403,0.297177809896872,0.181273253402897,0.115904556493975,0.225292347667332,0.109387791173357
"403862",0.361900479673334,0.631313880590705,0.50616162552661,0.125152255064094,0.269413400917371,0.144261145853277
"255945",0.0639873585963251,0.402721584023277,0.227071324405526,0.175650259617751,0.338734225426952,0.163083965809201
"108124",4.12629757516824,1.62412376196755,2.46638744302195,-0.842263681054402,-2.5021738132007,-1.6599101321463
"285558",5.09929560399378,2.12007245764841,2.95586843911853,-0.835795981470121,-2.97922314634537,-2.14342716487525
"62248",5.80240390556671,5.06705719143314,5.2338077146234,-0.166750523190265,-0.735346714133574,-0.568596190943309
"124416",0.0186761698482331,0.0743570287982717,0.0461044834602975,0.0282525453379742,0.0556808589500385,0.0274283136120644
"278467",0.549423202503373,0.964483570751078,0.787212715274242,0.177270855476836,0.415060368247705,0.237789512770869
"240042",0.526031957395986,0.355988008993551,0.444823978859595,-0.0888359698660436,-0.170043948402435,-0.0812079785363912
"149567",5.48130990335572,3.07474169224275,3.80249752691554,-0.727755834672793,-2.40656821111297,-1.67881237644018
"222206",7.42483769278335,1.4015836500256,7.42483769278335,-6.02325404275775,-6.02325404275775,0
"15613",2.77552103027573,2.24561290197834,2.42026555189291,-0.174652649914568,-0.529908128297388,-0.35525547838282
"532865",0.564129592792448,0.527618839537938,0.544557296030662,-0.0169384564927233,-0.0365107532545098,-0.0195722967617865
"111655",3.25268419711651,2.75060007855882,2.93891987896523,-0.188319800406413,-0.502084118557686,-0.313764318151273
"9440",4.4452757547811,1.67751155401788,2.62469592562518,-0.947184371607299,-2.76776420076321,-1.82057982915591
"82661",2.13795901429255,1.76658982693064,1.86099228062186,-0.0944024536912218,-0.371369187361909,-0.276966733670688
"332180",0.0377880661808484,0.528323942308457,0.32439584200686,0.203928100301597,0.490535876127609,0.286607775826012
"493004",0.02484418757477,0.624060943996957,0.361089169869007,0.26297177412795,0.599216756422187,0.336244982294237
"28972",0.757797185856414,0.644391793768084,0.688343609945243,-0.0439518161771587,-0.11340539208833,-0.0694535759111713
"52218",1.77053422346129,1.54462612681622,1.62758356075327,-0.0829574339370551,-0.225908096645069,-0.142950662708013
"359573",0.0152869068618659,0.0661936223889856,0.0413605264140313,0.0248330959749543,0.0509067155271197,0.0260736195521654
"138641",0.280834353120256,0.904692617937306,0.603727351480336,0.30096526645697,0.62385826481705,0.32289299836008
"479583",2.08926201438553,1.67182269342864,1.83267216677643,-0.160849473347784,-0.417439320956883,-0.256589847609099
"436173",8.17787005505813,1.15135664791461,8.17787005505813,-7.02651340714352,-7.02651340714352,0
"523998",1e-08,0.278245658621343,0.144502456930561,0.133743201690782,0.278245648621343,0.144502446930561
"39664",1e-08,0.163530050989919,0.0898149018810836,0.0737151491088357,0.163530040989919,0.0898148918810836
"517146",2.51835875029805,1.46091909310036,1.86761776206177,-0.406698668961413,-1.05743965719769,-0.650740988236275
"303307",0.355950176870175,0.420555509965921,0.393252451146503,0.0273030588194185,0.0646053330957458,0.0373022742763273
"88390",1.51838696176697,0.933426597799633,1.16081776978074,-0.22739117198111,-0.584960363967335,-0.357569191986224
"84272",1e-08,0.253680167578388,0.127479592173232,0.126200575405155,0.253680157578388,0.127479582173232
"67697",1.11080686189991,1.042082795387,1.06770947507499,-0.0256266796879954,-0.0687240665129099,-0.0430973868249145
"367286",0.121875854911468,0.225556054508668,0.177200879791418,0.0483551747172505,0.1036801995972,0.0553250248799495
"268528",0.0128347703706076,0.146763838173483,0.0844817320480157,0.0622821061254678,0.133929067802876,0.0716469616774081
"205611",0.230936549330589,0.54581442742119,0.378732735792713,0.167081691628477,0.314877878090601,0.147796186462124
"470278",0.10425630510475,0.500610081802222,0.350879180395859,0.149730901406363,0.396353776697472,0.246622875291109
"477752",0.264866754056938,0.394212645258717,0.330456304473581,0.0637563407851356,0.129345891201779,0.0655895504166429
"131955",10,4.16808799154005,5.7360283151638,-1.56794032362375,-5.83191200845995,-4.2639716848362
"535092",0.118406141408543,0.158789154064232,0.13881490844831,0.0199742456159218,0.0403830126556893,0.0204087670397675
"533674",1.13042595218267,1.44363702603912,1.30666546653012,0.136971559508997,0.31321107385645,0.176239514347452
"327286",0.426525690600312,0.355193896902354,0.383084564962721,-0.0278906680603668,-0.0713317936979584,-0.0434411256375917
"572017",0.246019455384546,0.361762968305938,0.315976200452062,0.0457867678538754,0.115743512921392,0.0699567450675169
"216678",3.69349896247517,1.45122602492901,2.16967602127737,-0.71844999634836,-2.24227293754616,-1.5238229411978
"546231",0.63443015857408,1.3421556091932,1.08091810080656,0.261237508386637,0.707725450619119,0.446487942232482
"343356",0.110657437336122,0.442451195136532,0.271353994475316,0.171097200661216,0.33179375780041,0.160696557139194
"29285",0.140182078923413,0.191519665339392,0.169771872091893,0.0217477932474991,0.0513375864159789,0.0295897931684798
"31291",10,3.23128297842729,5.21360414618547,-1.98232116775818,-6.76871702157271,-4.78639585381453
"468808",10,5.94413294422818,7.76947926667759,-1.8253463224494,-4.05586705577182,-2.23052073332241
"88497",3.03233102031425,2.45299317656439,2.66310162681464,-0.210108450250242,-0.579337843749854,-0.369229393499612
"397981",0.224329025250789,0.291467179567855,0.259961055749341,0.0315061238185141,0.0671381543170654,0.0356320304985513
"547891",0.642958143388794,1.62479435239289,1.22804445402937,0.396749898363521,0.981836209004093,0.585086310640572
"537577",0.112963751613737,0.248020900835872,0.181075213606694,0.0669456872291782,0.135057149222136,0.0681114619929573
"265402",1.68738497463565,1.63747909274234,1.65714943983195,-0.0196703470896125,-0.0499058818933098,-0.0302355348036973
"267919",2.05591362225601,1.43823729288274,1.67037209072775,-0.232134797845017,-0.617676329373277,-0.38554153152826
"483594",0.341596587379535,0.361408672049757,0.354252291406045,0.00715638064371127,0.0198120846702213,0.0126557040265101
"358701",0.77046965639331,0.553248913253737,0.637417649114688,-0.0841687358609512,-0.217220743139573,-0.133052007278622
"476766",0.0259464924498946,0.126587976639075,0.0803480441504421,0.0462399324886328,0.10064148418918,0.0544015517005476
"458627",2.29544041230548,1.46699345279948,1.78263342267885,-0.315639969879375,-0.828446959506,-0.512806989626625
"268552",5.56170651606116,2.70911129575686,3.5936691791,-0.884557883343136,-2.8525952203043,-1.96803733696116
"383303",4.68765840534536,1.25984314112379,2.36422713302635,-1.10438399190256,-3.42781526422157,-2.323431272319
"165513",5.90162769809873,4.82438831075932,5.06435800377614,-0.239969693016824,-1.07723938733941,-0.837269694322585
"182720",1.29870288062873,1.35344579730393,1.33023304645414,0.0232127508497866,0.0547429166751925,0.0315301658254059
"54742",0.962426483745555,2.2334591585731,1.64256666642294,0.590892492150155,1.27103267482754,0.680140182677387
"53652",0.101883731915999,0.154884209791736,0.128614190935688,0.0262700188560483,0.0530004778757373,0.026730459019689
"280062",0.422495624614562,0.973689092853355,0.75089980210374,0.222789290749616,0.551193468238793,0.328404177489177
"200771",6.00781299214914,2.4057669419439,3.45052960051779,-1.04476265857389,-3.60204605020524,-2.55728339163135
"205821",2.58768680667078,1.18968774372594,1.70010968268898,-0.510421938963041,-1.39799906294483,-0.887577123981794
"380149",0.0030532653063107,0.113247997989119,0.0651380965402176,0.0481099014489014,0.110194732682808,0.0620848312339069
"465788",2.06421103963892,1.50066194787034,1.70988646042497,-0.209224512554635,-0.563549091768587,-0.354324579213952
"477149",2.98505908903589,1.06606439087147,1.77478854041429,-0.708724149542817,-1.91899469816442,-1.2102705486216
"476062",0.0597068746642191,0.379339120329423,0.226121506151061,0.153217614178362,0.319632245665204,0.166414631486842
"40841",6.04240787651602,2.88138772071041,3.84158031984748,-0.960192599137065,-3.16102015580561,-2.20082755666855
"336789",0.790802868313746,0.944363040967519,0.875857636135032,0.0685054048324876,0.153560172653773,0.0850547678212857
"474758",1e-08,0.185908266467691,0.0980452599892069,0.0878630064784838,0.185908256467691,0.0980452499892069
"426076",1.87475196860627,1.46605972623838,1.61175611936833,-0.145696393129953,-0.408692242367899,-0.262995849237946
"233806",2.20866409033505,1.4146616504513,1.71073273298374,-0.296071082532446,-0.794002439883756,-0.49793135735131
"438015",2.39600125125607,2.03094742240725,2.15498513142265,-0.124037709015409,-0.365053828848822,-0.241016119833413
"359468",0.673440077582063,0.8205232985298,0.761324090605168,0.0591992079246318,0.147083220947737,0.087884013023105
"135158",0.230378974046644,0.706844706736605,0.485790944179836,0.221053762556769,0.476465732689961,0.255411970133192
"474744",0.951270302604907,0.384418903868629,0.58774821137002,-0.203329307501391,-0.566851398736278,-0.363522091234887
"258807",0.366233489997102,0.320117262498062,0.338026155081136,-0.0179088925830742,-0.0461162274990404,-0.0282073349159662
"396980",0.11631962855925,0.341807267636078,0.22754040027963,0.114266867356449,0.225487639076828,0.11122077172038
"441068",0.185084149293251,0.530445933543386,0.388064451559683,0.142381481983703,0.345361784250135,0.202980302266432
"68573",0.317103312336805,0.530108459490077,0.416236294418566,0.113872165071511,0.213005147153272,0.0991329820817617
"40803",0.0711871584617599,0.143022299044431,0.108227748952488,0.0347945500919424,0.071835140582671,0.0370405904907285
"226650",0.0872915680645509,0.275220297226326,0.193447283177991,0.0817730140483347,0.187928729161775,0.10615571511344
"479990",0.885394837195269,0.647874740967334,0.744536686210654,-0.0966619452433199,-0.237520096227935,-0.140858150984615
"18658",2.17922557437164,1.36921253171515,1.66568614205665,-0.296473610341504,-0.810013042656492,-0.513539432314988
"486812",0.410749869159322,0.450869515262094,0.433947155742299,0.0169223595197952,0.0401196461027724,0.0231972865829772
"522592",0.0601909716214438,0.33178446307382,0.194152594700317,0.137631868373503,0.271593491452376,0.133961623078873
"208671",4.67517765549087,3.7379637237987,4.02918577762878,-0.291222053830076,-0.937213931692163,-0.645991877862087
"379672",0.973538242934932,1.78031244587744,1.42661900280333,0.353693443074105,0.806774202942504,0.453080759868399
"49200",1.66592918736442,2.12302731135586,1.93829522614833,0.184732085207532,0.457098123991442,0.27236603878391
"5055",1.63437524956949,2.45100633586727,2.1100092696693,0.340997066197971,0.816631086297785,0.475634020099814
"285659",3.60546283742247,1.64989745272253,2.30046245142703,-0.650564998704496,-1.95556538469993,-1.30500038599544
"198257",1e-08,0.389316446843412,0.209614158814964,0.179702288028448,0.389316436843412,0.209614148814964
"575459",4.62507464097069,3.67645678016191,3.8492349841098,-0.172778203947883,-0.948617860808775,-0.775839656860892
"265437",2.06352652904541,2.5451194541394,2.36652595973055,0.178593494408855,0.48159292509399,0.302999430685134
"317080",0.483762127421159,0.537745659028189,0.51298278208474,0.0247628769434487,0.0539835316070302,0.0292206546635815
"280364",0.216198833326524,0.286121723093728,0.25288061073888,0.0332411123548484,0.0699228897672044,0.036681777412356
"109051",5.97570768034056,3.0807395091364,3.97991111470196,-0.899171605565556,-2.89496817120416,-1.9957965656386
"408945",3.64965779929904,1.88117140584601,2.48101698556771,-0.599845579721692,-1.76848639345303,-1.16864081373134
"435399",0.155069265071351,0.284702033257962,0.221210156578713,0.0634918766792493,0.129632768186611,0.0661408915073616
"576709",1.63029736813421,1.20330992892114,1.38539473897083,-0.182084810049684,-0.426987439213065,-0.244902629163381
"559232",1.54532580947329,0.700453785789581,1.004185371358,-0.303731585568418,-0.84487202368371,-0.541140438115292
"303383",0.281199516061219,0.707363812788639,0.508791254216472,0.198572558572167,0.42616429672742,0.227591738155253
"378035",2.02510047345644,2.23775984887197,2.14639492531292,0.0913649235590466,0.212659375415528,0.121294451856481
"424576",3.93473328068644,1.5981079840709,2.36981479568752,-0.771706811616625,-2.33662529661554,-1.56491848499891
"487022",5.1674975052018,3.44556787174997,3.98586569924993,-0.540297827499956,-1.72192963345183,-1.18163180595188
"558650",2.14917697235427,1.38245168768456,1.66931663245572,-0.286864944771155,-0.766725284669706,-0.479860339898552
"240592",0.139772340993009,0.580307124948113,0.384170554283527,0.196136570664586,0.440534783955104,0.244398213290518
"533786",1.56089623326313,1.37517545218286,1.43777018828518,-0.0625947361023258,-0.185720781080278,-0.123126044977952
"147342",2.43525663117109,1.51353116645554,1.87135148788733,-0.357820321431788,-0.921725464715548,-0.56390514328376
"32961",2.59267820096886,2.81334330334825,2.73365197265113,0.0796913306971203,0.220665102379393,0.140973771682273
"484157",0.0410490717856919,0.268662596149098,0.158738578789157,0.10992401735994,0.227613524363406,0.117689507003466
"200755",4.38943717832818,1.77560654310906,2.68030635431564,-0.904699811206581,-2.61383063521912,-1.70913082401254
"391824",1.30804428094912,0.974169188262659,1.09716584598926,-0.122996657726605,-0.333875092686461,-0.210878434959856
"463221",2.99595076306506,1.05331802805311,1.76257324492354,-0.709255216870421,-1.94263273501195,-1.23337751814153
"229075",1.18944703244901,1.18094260008767,1.18447168915614,-0.00352908906846872,-0.00850443236134057,-0.00497534329287186
"348758",4.02404725021537,2.24731503548578,2.89385221990657,-0.646537184420795,-1.77673221472959,-1.1301950303088
"355087",2.22398955895351,1.544064851755,1.80370297126987,-0.259638119514871,-0.679924707198514,-0.420286587683642
"234562",0.154807222733254,0.669938952539919,0.434950121844067,0.234988830695852,0.515131729806665,0.280142899110813
"410771",2.16210520503335,1.14996793252945,1.50288419395228,-0.352916261422833,-1.0121372725039,-0.659221011081068
"576186",1.0031839821614,1.11390052444508,1.07228985745579,0.0416106669892946,0.110716542283682,0.0691058752943869
"510215",1.90532743543274,0.551699289344629,1.02918023633586,-0.477480946991234,-1.35362814608811,-0.876147199096877
"570799",1.85817229067739,1.79702569888835,1.82141531177907,-0.0243896128907293,-0.0611465917890446,-0.0367569788983153
"574557",0.144408937064008,0.404356016313275,0.299993319546051,0.104362696767224,0.259947079249267,0.155584382482043
"412849",0.0871489232192751,0.839773348256273,0.426734491294978,0.413038856961295,0.752624425036998,0.339585568075703
"274980",3.61859703004709,2.17116725723085,2.68102800405784,-0.509860746826983,-1.44742977281624,-0.937569025989254
"221970",1.73009952474095,1.19014246198388,1.37925334174569,-0.189110879761816,-0.539957062757068,-0.350846182995252
"219197",0.11371148641266,0.49613620022165,0.338031275832063,0.158104924389587,0.38242471380899,0.224319789419403
"334450",2.27868750732037,1.77770740563704,1.97812131295921,-0.200413907322178,-0.500980101683332,-0.300566194361153
"356871",1.62278931367604,1.73848144849501,1.69576824577734,0.0427132027176707,0.11569213481897,0.0729789321012997
"72967",0.0114620625484875,0.0227169447804789,0.016953697914502,0.00576324686597683,0.0112548822319914,0.00549163536601458
"458354",0.0100892705218554,0.0944285718014154,0.0551286593838305,0.0392999124175848,0.08433930127956,0.0450393888619752
"399415",2.02911880960309,1.3945520572526,1.62335141991344,-0.228799362660837,-0.634566752350492,-0.405767389689655
"89541",3.72072830246064,1.96633858479289,2.57040481701447,-0.604066232221572,-1.75438971766775,-1.15032348544618
"353552",0.120318500277466,1.39594645195696,0.683192659736872,0.712753792220091,1.2756279516795,0.562874159459406
"351533",0.686125223905522,1.20547275936144,1.00667021759077,0.198802541770675,0.519347535455921,0.320544993685246
"260477",0.0411945918104256,0.0567581297941157,0.0499650292780851,0.00679310051603063,0.0155635379836901,0.00877043746765949
"71433",0.303418364034896,0.746273512124797,0.535750225163248,0.210523286961549,0.442855148089901,0.232331861128352
"68763",0.868805918416452,0.857085078272043,0.861991417114921,-0.0049063388428785,-0.0117208401444094,-0.00681450130153094
"497799",0.462557294135855,0.71926895842005,0.62015054920362,0.0991184092164303,0.256711664284195,0.157593255067765
"417423",1e-08,0.203527037042986,0.10788334262639,0.0956436944165957,0.203527027042986,0.10788333262639
"130752",2.18134554230329,1.52058320199759,1.77081965390222,-0.250236451904627,-0.660762340305701,-0.410525888401074
"182833",3.68601713127708,1.9339879661168,2.53825406863659,-0.60426610251979,-1.75202916516028,-1.14776306264049
"176762",0.732062248890309,0.696256667111425,0.711091158356904,-0.0148344912454784,-0.0358055817788834,-0.020971090533405
"222453",0.788596408742783,0.939781244188984,0.871942878806179,0.0678383653828046,0.151184835446201,0.0833464700633967
"374685",0.162439754826683,0.290289563374398,0.249453561963377,0.0408360014110208,0.127849808547715,0.087013807136694
"365831",0.0837149852552113,0.406740123342705,0.245397169890706,0.161342953451999,0.323025138087493,0.161682184635495
"71165",0.583989115767049,0.389172511340944,0.468988954211794,-0.0798164428708501,-0.194816604426105,-0.115000161555255
"44203",2.1296843858457,1.33094430126764,1.62280382969018,-0.291859528422542,-0.798740084578065,-0.506880556155522
"90738",0.467551279129306,0.582361168469062,0.528932207092631,0.0534289613764307,0.114809889339755,0.0613809279633247
"338320",0.402708965431559,0.225657591958363,0.289295204979702,-0.0636376130213391,-0.177051373473196,-0.113413760451857
"262668",7.00924671984217,1.76610096283522,3.17084731747123,-1.40474635463601,-5.24314575700695,-3.83839940237094
"81919",0.729980262903667,1.11247671488776,0.977603896226112,0.134872818661649,0.382496451984094,0.247623633322445
"126645",0.249961617509279,1.46572610524714,0.899624429591925,0.566101675655216,1.21576448773786,0.649662812082646
"27169",0.629115352044512,0.578094423108864,0.596224169805572,-0.0181297466967076,-0.051020928935647,-0.0328911822389394
"166034",1e-08,0.13264463778078,0.0635708997155509,0.069073738065229,0.13264462778078,0.0635708897155509
"173504",1.72489465447959,1.50542044839918,1.58490521245121,-0.0794847640520233,-0.219474206080407,-0.139989442028384
"81397",0.785553740004768,0.904215567233834,0.863644052426275,0.0405715148075591,0.118661827229066,0.0780903124215069
"72742",4.79336724226919,3.0647773705368,3.58600331299749,-0.521225942460694,-1.72858987173239,-1.2073639292717
"426953",1.00286101991518,0.873771849261747,0.922984201991366,-0.0492123527296198,-0.129089170653431,-0.0798768179238107
"464816",2.99403671675712,2.26662521960089,2.52035490845365,-0.253729688852763,-0.727411497156226,-0.473681808303463
"146376",0.216499386822698,0.385022127697268,0.320019498069815,0.0650026296274526,0.16852274087457,0.103520111247117
"574817",0.0298862872921148,0.188829353252619,0.114431220146622,0.0743981331059962,0.158943065960504,0.0845449328545076
"277317",2.44196882461319,1.92284638734069,2.08867648197713,-0.165830094636441,-0.519122437272499,-0.353292342636057
"65260",2.30303148113541,1.36210342652621,1.71999985524656,-0.357896428720355,-0.940928054609202,-0.583031625888847
"218053",4.03082203828102,3.28544139068665,3.51073854598399,-0.22529715529734,-0.745380647594372,-0.520083492297032
"565573",0.116178294275405,0.263574057727321,0.196243817133505,0.0673302405938159,0.147395763451916,0.0800655228581005
"19563",0.544859601981001,1.38281418744582,0.972704321339515,0.4101098661063,0.837954585464814,0.427844719358514
"556487",0.146019515130616,1.24727513391408,0.765279382655227,0.48199575125885,1.10125561878346,0.619259867524611
"201805",0.82887402344252,0.408700927760821,0.550434986481034,-0.141734058720214,-0.420173095681699,-0.278439036961486
"396836",1.05619742972611,1.08916822418012,1.07684903575047,0.0123191884296499,0.0329707944540059,0.020651606024356
"247479",3.61763000521268,2.27811367854183,2.76473745761158,-0.486623779069749,-1.33951632667085,-0.852892547601102
"370726",0.105889489023822,0.0473398337272235,0.0728467274426269,-0.0255068937154034,-0.0585496552965981,-0.0330427615811948
"204882",1e-08,0.422078048498804,0.23611808125806,0.185959967240743,0.422078038498804,0.23611807125806
"455480",0.107268180503672,1.75384297156123,0.959422030419913,0.794420941141321,1.64657479105756,0.852153849916242
"301435",2.70633803706662,1.38108192149241,1.89452014528535,-0.513438223792934,-1.32525611557421,-0.811817891781276
"309189",3.13830535731086,2.42699825974329,2.68641036930548,-0.259412109562189,-0.711307097567572,-0.451894988005383
"406104",2.73647598431895,2.70283537771569,2.71579456939895,-0.0129591916832554,-0.033640606603254,-0.0206814149199985
"9339",2.94255204218429,1.25748778428501,1.90523948910505,-0.647751704820039,-1.68506425789928,-1.03731255307924
"141757",0.123648890821834,0.370747029178269,0.246872877242218,0.123874151936051,0.247098138356435,0.123223986420384
"25547",3.26847644538491,4.16819557363347,3.88720625372137,0.280989319912104,0.899719128248565,0.618729808336461
"411888",1.67618101055864,2.14000552261235,1.95376133917001,0.186244183442343,0.463824512053715,0.277580328611372
"444750",0.720453550997356,1.2964478698624,1.08256808203548,0.213879787826912,0.575994318865039,0.362114531038127
"516538",1.78807932151438,2.12377696666019,1.98829841047821,0.135478556181984,0.33569764514581,0.200219088963826
"323097",3.88126584324075,1.66739990328863,2.40924049224994,-0.741840588961314,-2.21386593995212,-1.47202535099081
"116952",0.0590491236942625,0.670966266757504,0.39650637906243,0.274459887695074,0.611917143063242,0.337457255368168
"569643",1e-08,0.0914859870425339,0.0508016468825988,0.0406843401599351,0.0914859770425339,0.0508016368825988
"59119",7.56227529362983,1.45286394367674,7.56227529362983,-6.1094113499531,-6.1094113499531,0
"564730",0.299408213633738,0.375080331653636,0.345039002140007,0.0300413295136285,0.0756721180198979,0.0456307885062694
"56360",0.450181121308592,0.719204358710372,0.590967213406678,0.128237145303694,0.26902323740178,0.140786092098086
"75285",1.50003379174322,0.812398549047027,1.06897877359875,-0.256580224551726,-0.687635242696194,-0.431055018144467
"327470",0.867525782353811,1.30020765243479,1.13309203267395,0.167115619760842,0.432681870080984,0.265566250320142
"402370",1.8939416738545,1.39086112841,1.56790557050202,-0.177044442092021,-0.503080545444503,-0.326036103352482
"405764",0.0572036454593585,0.189415663897693,0.124366151658519,0.0650495122391738,0.132212018438334,0.0671625061991606
"562589",5.17148360842452,0.745601870630092,5.17148360842452,-4.42588173779443,-4.42588173779443,0
"277780",0.357941967024525,0.33170437637944,0.342100374442048,-0.0103959980626079,-0.0262375906450846,-0.0158415925824767
"150494",0.0801172577097448,0.0905196920875879,0.0857585224021346,0.00476116968545329,0.0104024343778431,0.00564126469238982
"540437",0.0696611610537124,0.262585220306751,0.167093134875509,0.0954920854312422,0.192924059253038,0.0974319738217962
"279478",0.0868114169251291,0.601711665038102,0.320972578294256,0.280739086743845,0.514900248112973,0.234161161369127
"527056",10,2.98536040509717,4.76554912767292,-1.78018872257576,-7.01463959490283,-5.23445087232708
"297807",5.40099052873277,2.97462774067943,3.72090486550897,-0.746277124829533,-2.42636278805333,-1.6800856632238
"407856",0.260334732724678,0.397415961004412,0.33808905423906,0.0593269067653517,0.137081228279733,0.0777543215143817
"193504",3.42300308982861,1.90913515830229,2.418043407508,-0.508908249205709,-1.51386793152632,-1.00495968232061
"415587",3.55718984852041,2.30542833758666,2.75556967473784,-0.450141337151173,-1.25176151093374,-0.801620173782572
"26549",0.131844544685626,0.502777588310015,0.311725149309193,0.191052439000822,0.37093304362439,0.179880604623568
"268290",0.793948493020057,1.73604679236023,1.34056609661033,0.395480695749908,0.942098299340177,0.546617603590269
"508933",0.991271632708621,1.12348798025894,1.07445514344455,0.0490328368143864,0.132216347550315,0.0831835107359287
"387860",1.36185033363064,1.21361167671022,1.27390827238891,-0.0602965956786909,-0.148238656920421,-0.0879420612417297
"389576",0.229647313021154,0.666762135449432,0.481755110826031,0.185007024623401,0.437114822428278,0.252107797804877
"55782",5.27827299542783,2.73934264324111,3.16220438049839,-0.422861737257272,-2.53893035218672,-2.11606861492944
"222245",1.51780225523609,1.5234952262541,1.52134664922596,0.00214857702813487,0.0056929710180107,0.00354439398987583
"81126",0.163674812016017,0.253292883776135,0.211979530725585,0.04131335305055,0.0896180717601183,0.0483047187095683
"186245",0.0491012442775918,0.130325473182761,0.0917498506761219,0.0385756225066395,0.0812242289051696,0.0426486063985301
"350927",6.4110588271028,3.75735897535931,4.31306451648339,-0.55570554112408,-2.65369985174349,-2.09799431061941
"10562",1.65374066806801,0.614057805872977,0.976465719441528,-0.362407913568551,-1.03968286219503,-0.67727494862648
"92877",0.116275049411182,0.212612192266446,0.17020236122848,0.042409831037966,0.0963371428552637,0.0539273118172977
"506286",0.47943025060515,1.07776188957794,0.819461719116009,0.258300170461932,0.598331638972791,0.340031468510859
"346482",0.352025689190989,0.336903669905114,0.342698242156967,-0.00579457225185381,-0.0151220192858758,-0.00932744703402194
"299588",0.0862415075800725,0.242658050661932,0.161067974263912,0.0815900763980204,0.156416543081859,0.0748264666838391
"403169",0.216737496417121,0.226426031780347,0.221967240427038,0.0044587913533094,0.00968853536322622,0.00522974400991683
"489582",1.11724661820489,1.25751957613246,1.20109834018343,0.0564212359490284,0.140272957927567,0.0838517219785386
"123340",0.0936340585935735,0.169347657898321,0.133958543323472,0.035389114574849,0.0757135993047479,0.0403244847298989
"546759",1.52931220755438,2.38033411853681,2.02809402464591,0.352240093890897,0.851021910982423,0.498781817091526
"374673",0.0727309442138932,0.154515095192113,0.114386612937974,0.0401284822541391,0.0817841509782196,0.0416556687240805
"90231",1e-08,0.449973387393857,0.213926732168768,0.236046655225089,0.449973377393857,0.213926722168768
"314886",0.202814370286392,0.64190472751044,0.449629405464283,0.192275322046158,0.439090357224048,0.246815035177891
"438086",10,4.03640868895348,5.50096110625458,-1.4645524173011,-5.96359131104652,-4.49903889374542
"297497",1.07108515880568,0.441518168014241,0.677275014308983,-0.235756846294742,-0.629566990791441,-0.393810144496699
"347602",0.151992397442802,2.1000009600537,1.27082382870329,0.829177131350414,1.9480085626109,1.11883143126049
"455018",0.38465003044289,0.665403666661902,0.532489703732593,0.132913962929309,0.280753636219012,0.147839673289703
"464130",0.76384852023119,0.921507069846976,0.851014075960152,0.0704929938868246,0.157658549615786,0.0871655557289612
"362019",1.03655178983736,1.10468363360141,1.07827648085555,0.0264071527458674,0.0681318437640548,0.0417246910181874
"290301",0.121259755896599,0.511032857329192,0.314403975595976,0.196628881733216,0.389773101432594,0.193144219699378
"237898",1e-08,1.04953982113471,0.514718026462124,0.534821794672589,1.04953981113471,0.514718016462124
"502938",0.509251072513633,0.328094305392299,0.403698070231027,-0.0756037648387275,-0.181156767121334,-0.105553002282606
"145528",4.31074638781485,1.44434384410918,2.38569211623626,-0.941348272127088,-2.86640254370568,-1.92505427157859
"571357",6.73178508865721,2.30192011594454,3.59138170376924,-1.28946158782469,-4.42986497271267,-3.14040338488797
"19309",0.648255439978871,1.1227786764896,0.9082842046924,0.214494471797199,0.474523236510728,0.260028764713529
"346225",0.0288200994811808,0.197321150436605,0.118622574185831,0.078698576250774,0.168501050955424,0.0898024747046499
"313219",0.520384884370331,0.745827050319843,0.660603033560193,0.0852240167596495,0.225442165949511,0.140218149189862
"240336",3.70484034267342,1.56309538025214,2.2547599400742,-0.691664559822065,-2.14174496242129,-1.45008040259922
"42299",0.381735314083572,0.511291284305735,0.455655481170625,0.0556358031351102,0.129555970222163,0.0739201670870527
"174558",0.897695818568909,0.921980433085082,0.912967741414707,0.00901269167037466,0.0242846145161726,0.0152719228457979
"51746",1.84681245192093,1.4965117791234,1.62619894941957,-0.129687170296174,-0.350300672797535,-0.220613502501362
"531742",0.898390353002,0.857136867738533,0.872057041250453,-0.0149201735119197,-0.0412534852634664,-0.0263333117515467
"278146",0.207345852672043,1.28236122088551,0.824719292895916,0.457641927989596,1.07501536821347,0.617373440223874
"62803",0.997235454486065,1.05409290040697,1.0332326128163,0.0208602875906683,0.0568574459209021,0.0359971583302339
"122689",0.233588330845595,0.256219591030949,0.245596633810876,0.0106229572200731,0.0226312601853536,0.0120083029652805
"198057",1.74589915632046,1.80543293686845,1.78275556098811,0.0226773758803387,0.0595337805479876,0.0368564046676489
"347003",0.111338905542373,0.272259149763975,0.191660478210117,0.0805986715538581,0.160920244221602,0.0803215726677439
"431374",0.123281825691018,0.130498904492999,0.126982086421852,0.00351681807114665,0.00721707880198112,0.00370026073083447
"434512",0.21616863259508,0.484019546555168,0.394967689144865,0.0890518574103024,0.267850913960088,0.178799056549785
"567423",1e-08,0.217990832633954,0.123384886366353,0.0946059462676006,0.217990822633954,0.123384876366353
"573405",1.3344329343798,0.847888501010772,1.07424850563456,-0.226360004623788,-0.486544433369024,-0.260184428745236
"516241",0.154762956522405,0.256458201262842,0.206789667083032,0.0496685341798102,0.101695244740436,0.0520267105606262
"491311",0.221369391727436,0.430703486323097,0.32720245472374,0.103501031599357,0.209334094595661,0.105833062996304
"465830",0.166107225263129,0.307095001018639,0.235926789715515,0.0711682113031235,0.140987775755509,0.0698195644523856
"347393",0.34351245644734,1.00364248903518,0.663005840938855,0.34063664809632,0.660130032587835,0.319493384491514
"508458",4.27960370763658,1.65894913580009,2.54427543192924,-0.885326296129144,-2.62065457183649,-1.73532827570735
"485084",1.60557786067758,1.1262239109356,1.32951759682373,-0.203293685888138,-0.47935394974198,-0.276060263853842
"169585",10,2.82583191056386,5.20113399651231,-2.37530208594845,-7.17416808943614,-4.79886600348769
"20251",10,3.77521748748279,5.70294010964735,-1.92772262216456,-6.22478251251721,-4.29705989035265
"214932",10,6.24098922344419,10,-3.75901077655581,-3.75901077655581,0
"293209",10,6.24098922344419,10,-3.75901077655581,-3.75901077655581,0
"306203",10,4.40226426623416,5.99581167618229,-1.59354740994813,-5.59773573376584,-4.00418832381771
"317418",4.00409257084433,0.883896527965884,1.70035689839099,-0.816460370425103,-3.12019604287844,-2.30373567245334
"347619",10,1.90935963325255,10,-8.09064036674745,-8.09064036674745,0
"371444",10,5.43720416729413,8.4733054559846,-3.03610128869047,-4.56279583270587,-1.5266945440154
"417945",10,3.71620915343351,5.73683216338776,-2.02062300995425,-6.28379084656649,-4.26316783661224
"427056",1.97429856411122,1.11526599010537,1.38710062665875,-0.271834636553377,-0.859032574005846,-0.58719793745247
"428799",10,3.25084869538984,6.96899353934562,-3.71814484395578,-6.74915130461016,-3.03100646065438
"490482",3.8193923640356,2.08534470094565,2.69220460726488,-0.606859906319231,-1.73404766308996,-1.12718775677072
"509356",10,6.24098922344419,10,-3.75901077655581,-3.75901077655581,0
"522751",10,3.07068481271607,5.31661294794804,-2.24592813523197,-6.92931518728393,-4.68338705205196
"544994",6.94760847554261,2.708967864875,3.99395489123348,-1.28498702635848,-4.23864061066761,-2.95365358430913
"73608",10,4.99451379171694,8.14618646637594,-3.151672674659,-5.00548620828306,-1.85381353362406
"75581",10,3.845713714366,7.52889526194184,-3.68318154757585,-6.154286285634,-2.47110473805816
"84954",2.36073055248205,1.09321553556235,1.52694166922606,-0.433726133663712,-1.2675150169197,-0.833788883255988
"379529",0.184414137163643,0.85325325440634,0.53583736506513,0.31741588934121,0.668839117242696,0.351423227901487
"329629",1.53107545751055,1.91099457272885,1.76716610927591,0.143828463452939,0.379919115218297,0.236090651765358
"112981",2.36345863438229,2.56729932598976,2.49335617284103,0.0739431531487367,0.203840691607476,0.129897538458739
"116824",8.75759573158379,6.42228553190362,7.02157385084641,-0.59928831894279,-2.33531019968017,-1.73602188073738
"136047",10,4.89028812925987,6.26591280953637,-1.3756246802765,-5.10971187074013,-3.73408719046363
"166814",10,7.87530458328475,10,-2.12469541671525,-2.12469541671525,0
"167170",10,8.20164909098243,10,-1.79835090901757,-1.79835090901757,0
"171437",10,8.17360143092036,10,-1.82639856907964,-1.82639856907964,0
"191755",4.98073068678174,3.45728199694089,3.94060473086106,-0.483322733920177,-1.52344868984085,-1.04012595592068
"239932",10,7.3404510066229,9.93021365540575,-2.58976264878284,-2.6595489933771,-0.0697863445942541
"246320",10,6.32304847413503,9.25809894209129,-2.93505046795625,-3.67695152586497,-0.741901057908713
"270621",10,9.18381700065504,10,-0.816182999344962,-0.816182999344962,0
"365313",10,9.18381700065504,10,-0.816182999344962,-0.816182999344962,0
"392183",4.32051180334764,4.67792022903162,4.55731635222556,0.12060387680606,0.357408425683979,0.236804548877919
"411185",10,4.65340511652002,5.92715558895906,-1.27375047243904,-5.34659488347998,-4.07284441104094
"412033",10,4.19496486778818,5.68883853845952,-1.49387367067134,-5.80503513221182,-4.31116146154048
"416354",4.58503445104608,4.17996608176993,4.31381346902585,-0.133847387255926,-0.405068369276153,-0.271220982020226
"417506",10,5.93370263626157,9.09907293428469,-3.16537029802313,-4.06629736373843,-0.900927065715306
"421697",5.08545150897227,2.54945608197232,3.27772970707788,-0.728273625105558,-2.53599542699995,-1.80772180189439
"497323",2.4422189201528,2.51514503439152,2.48869682657604,0.0264482078154842,0.0729261142387267,0.0464779064232426
"535924",2.63314078007495,2.12780119490987,2.30499778913626,-0.177196594226391,-0.505339585165077,-0.328142990938686
"544808",5.1260991565951,3.03136429803273,3.67082169769723,-0.639457399664503,-2.09473485856237,-1.45527745889786
"558348",10,4.15697640430313,5.68867857050836,-1.53170216620523,-5.84302359569687,-4.31132142949164
"565467",5.16101228304016,3.07235260138052,3.71273029885333,-0.640377697472811,-2.08865968165964,-1.44828198418683
"578570",10,7.73841809962572,10,-2.26158190037428,-2.26158190037428,0
"70282",10,11.2263088165408,10,1.22630881654081,1.22630881654081,0
"82795",0.985186902299321,2.11661059415619,1.65373659794679,0.462873996209396,1.13142369185687,0.668549695647473
"83796",4.97149921431647,3.22906477863952,3.76725931394747,-0.538194535307949,-1.74243443567695,-1.204239900369
"99394",10,7.3404510066229,9.93021365540575,-2.58976264878284,-2.6595489933771,-0.0697863445942541
"10018",0.08579565206437,0.183548170875113,0.135012939654161,0.0485352312209525,0.0977525188107431,0.0492172875897906
"30780",1.16097558514851,1.65181101703461,1.43281493388378,0.218996083150824,0.490835431886091,0.271839348735267
"92239",1.83312718340027,2.24412968200453,2.10342157949899,0.14070810250554,0.411002498604267,0.270294396098727
"408986",2.81916343164487,1.08818004877319,1.72229141684126,-0.63411136806807,-1.73098338287168,-1.09687201480361
"357293",0.612774270357819,0.687540987296668,0.662819429061845,0.0247215582348226,0.0747667169388488,0.0500451587040263
"225751",1.08382720553173,0.687088475009943,0.819091293552883,-0.13200281854294,-0.396738730521788,-0.264735911978848
"422640",2.81005919470807,2.71492393746879,2.74921201373318,-0.0342880762643927,-0.0951352572392836,-0.0608471809748909
"51423",0.149331736898772,1.34073424689841,0.824886846591876,0.515847400306538,1.19140250999964,0.675555109693104
"144493",0.547103628011772,0.469105361607731,0.504199114869961,-0.0350937532622297,-0.0779982664040411,-0.0429045131418113
"445246",0.997264761616414,1.36284726093362,1.2118477929102,0.150999468023415,0.365582499317206,0.214583031293791
"246068",0.344205149819824,1.07061336352383,0.772766659494267,0.297846704029566,0.726408213704009,0.428561509674443
"459658",0.974824853275638,2.47976271360641,1.84103777246684,0.63872494113957,1.50493786033078,0.866212919191205
"397896",1.29198119307693,0.884461387182769,1.03463777205994,-0.150176384877169,-0.407519805894162,-0.257343421016993
"549278",0.357166261475833,0.756358427435043,0.56190366405965,0.194454763375392,0.39919216595921,0.204737402583818
"458211",0.22228760500218,0.78017605173015,0.520755037411712,0.259421014318438,0.55788844672797,0.298467432409532
"380035",0.584791864010345,0.969795148637093,0.802290662823554,0.167504485813539,0.385003284626749,0.217498798813209
"256850",0.552508261983182,0.689524637157246,0.638069459533855,0.0514551776233914,0.137016375174065,0.0855611975506735
"465851",0.440811529242679,1.19374470592581,0.852762517715418,0.340982188210391,0.75293317668313,0.411950988472739
"200070",0.228038046017412,0.291906034723803,0.263154417298528,0.0287516174252745,0.0638679887063908,0.0351163712811162
"466100",0.243454748453794,0.613122382892026,0.410700051397931,0.202422331494095,0.369667634438232,0.167245302944137
"272123",0.135836418607847,1.16573756580201,0.638004905689209,0.527732660112804,1.02990114719417,0.502168487081361
"84032",0.150736716592867,0.537320170577251,0.326280001537795,0.211040169039455,0.386583453984383,0.175543284944928
"242344",0.943064111156456,1.45251486476827,1.23477622864853,0.217738636119737,0.509450753611814,0.291712117492077
"433150",2.04987738041247,1.43301998474437,1.66293788937112,-0.229917904626743,-0.616857395668093,-0.38693949104135
"41792",0.710327606107566,0.887378317715972,0.811053530841684,0.0763247868742875,0.177050711608406,0.100725924734119
"145505",0.546621868657174,1.00351112041379,0.821749773796192,0.181761346617601,0.456889251756619,0.275127905139018
"296088",2.10984526583523,3.10363507081178,2.7175964046304,0.386038666181379,0.993789804976554,0.607751138795175
"83704",0.985177133183633,1.41783480016067,1.24235032372664,0.175484476434028,0.432657666977036,0.257173190543008
"233964",1.00467473290965,1.08512089294887,1.05519093713637,0.0299299558125052,0.0804461600392261,0.0505162042267209
"237884",1.04907375250105,1.16588489116537,1.1201225748469,0.0457623163184755,0.116811138664322,0.0710488223458461
"296772",1.18936216597313,2.57453733314833,2.01428437580182,0.560252957346512,1.3851751671752,0.824922209828688
"473304",2.28935222356517,1.43535545273458,1.76088393115275,-0.325528478418172,-0.853996770830592,-0.52846829241242
"508385",1.19573660671437,2.55885909249625,2.00679065473451,0.552068437761745,1.36312248578188,0.811054048020137
"98173",2.62213147607419,2.91308929440929,2.8068673850565,0.106221909352796,0.290957818335103,0.184735908982307
"331877",3.52738252772004,0.624646134276911,3.52738252772004,-2.90273639344313,-2.90273639344313,0
"441929",0.183535274675555,0.351767317343593,0.267345779739952,0.0844215376036407,0.168232042668038,0.0838105050643976
"72608",2.29934835589008,1.67787116033656,1.92640287202644,-0.248531711689876,-0.621477195553519,-0.372945483863643
"60317",4.27993236575191,2.71899363698503,3.17188181745341,-0.452888180468383,-1.56093872876689,-1.1080505482985
"321741",0.0352915033290852,0.232006107559748,0.15081161989192,0.0811944876678282,0.196714604230663,0.115520116562835
"434331",0.970833192192996,0.53363965850658,0.706530782796527,-0.172891124289946,-0.437193533686415,-0.264302409396469
"352219",0.145882916273525,0.315969968935584,0.231185002106809,0.0847849668287756,0.17008705266206,0.085302085833284
"353285",0.853907850334518,1.41610981540872,1.19184431307579,0.224265502332929,0.562201965074199,0.33793646274127
"102633",10,3.35990564045684,5.49282532469777,-2.13291968424093,-6.64009435954316,-4.50717467530223
"160883",10,5.7188848688078,7.82545276054937,-2.10656789174157,-4.2811151311922,-2.17454723945063
"242759",10,3.91575696884176,5.64223400817408,-1.72647703933232,-6.08424303115824,-4.35776599182592
"276093",3.7993498502915,1.83327415831573,2.49487762342044,-0.661603465104711,-1.96607569197577,-1.30447222687106
"290060",10,4.03439634424768,5.74105537537059,-1.70665903112291,-5.96560365575232,-4.25894462462941
"30261",3.722242561418,2.29326067481261,2.80903614702815,-0.515775472215537,-1.42898188660539,-0.91320641438985
"401473",6.2159454657949,3.27492079984756,4.20242875000107,-0.92750795015351,-2.94102466594734,-2.01351671579383
"4276",4.22347801121775,2.11757846309273,2.87959243564407,-0.762013972551339,-2.10589954812502,-1.34388557557368
"160697",0.118953174836773,0.0365538391601979,0.0751796191896783,-0.0386257800294803,-0.0823993356765747,-0.0437735556470944
"505170",0.372716590784085,0.774791620279309,0.581364623112251,0.193426997167059,0.402075029495224,0.208648032328166
"507788",2.6560351746133,1.41493974429051,1.89497101101357,-0.480031266723057,-1.24109543032279,-0.761064163599729
"97094",2.74169448877041,0.85973730722393,1.48928153958974,-0.629544232365813,-1.88195718154648,-1.25241294918067
"38733",1e-08,0.308531331824569,0.158106506084532,0.150424825740038,0.308531321824569,0.158106496084532
"283885",4.22135901676833,1.32321686112237,2.2351725315329,-0.911955670410534,-2.89814215564596,-1.98618648523543
"290057",2.45938503879974,3.25465136322204,2.95579984643841,0.298851516783634,0.795266324422303,0.496414807638669
"247441",1.08138508671326,0.684712361881179,0.808262498117322,-0.123550136236142,-0.396672724832078,-0.273122588595936
"53397",1.80337371989066,3.05256370282819,2.68672971363466,0.365833989193527,1.24918998293753,0.883355993744001
"420367",5.01384051397768,2.88604768872755,3.52137414583194,-0.635326457104393,-2.12779282525012,-1.49246636814573
"402720",4.76710229312545,2.69241903638484,3.30019796623312,-0.607778929848277,-2.07468325674061,-1.46690432689233
"90184",2.09336921295867,1.87150109699064,1.95933035558123,-0.0878292585905833,-0.221868115968022,-0.134038857377439
"294639",0.410970706432761,0.919821063466952,0.692645412655553,0.227175650811399,0.508850357034191,0.281674706222792
"513242",0.318765275665171,0.880334728805856,0.643765283510325,0.236569445295532,0.561569453140685,0.325000007845154
"549849",1e-08,0.262874719258806,0.135585027029302,0.127289692229504,0.262874709258806,0.135585017029302
"413339",0.155070936335568,0.395192061217949,0.277825112898755,0.117366948319194,0.240121124882381,0.122754176563187
"40556",1.615516899013,1.16224737167419,1.3546457431552,-0.192398371481008,-0.453269527338817,-0.260871155857809
"176292",2.08944638515533,1.12244354667341,1.45917681728649,-0.33673327061308,-0.967002838481912,-0.630269567868832
"548635",1.81848930638738,1.53373931591905,1.64040860491726,-0.106669288998217,-0.284749990468332,-0.178080701470114
"289351",0.671589424645991,0.7601160448177,0.724164707915785,0.0359513369019145,0.0885266201717085,0.052575283269794
"462898",0.0442842867045094,0.193801346744126,0.11822249144668,0.075578855297446,0.149517060039617,0.073938204742171
"421887",1.69612301813933,1.63485449880441,1.65775446997807,-0.022899971173661,-0.0612685193349183,-0.0383685481612572
"7732",0.04745893172356,0.119735481568754,0.0878551832899031,0.0318802982788505,0.0722765498451936,0.0403962515663431
"219958",0.170897622825144,0.756357876016953,0.477104384389647,0.279253491627306,0.585460253191809,0.306206761564503
"572051",0.191908516717682,0.224545557231241,0.209259846970368,0.0152857102608727,0.032637040513559,0.0173513302526863
"19412",1e-08,0.157695964731491,0.0749217320437658,0.0827742326877256,0.157695954731491,0.0749217220437658
"1138",2.19415178637097,1.62717828621534,1.85038389414502,-0.223205607929676,-0.566973500155624,-0.343767892225948
"8589",0.793861699533108,0.642566216539235,0.702417056286645,-0.0598508397474105,-0.151295482993873,-0.0914446432464628
"358816",0.030677335660202,0.0651189730305114,0.0483891976896919,0.0167297753408195,0.0344416373703095,0.01771186202949
"442727",1e-08,0.899533041924331,0.479020581727493,0.420512460196839,0.899533031924331,0.479020571727493
"356771",0.109827620816975,0.313542218272678,0.215257022785415,0.0982851954872632,0.203714597455703,0.10542940196844
"461521",2.6863487473026,2.9472639293999,2.85122490329627,0.0960390261036284,0.260915182097293,0.164876155993665
"40194",1.12587957717108,1.39730187790426,1.28367445048041,0.11362742742385,0.271422300733182,0.157794873309332
"222638",1.78217391930656,1.60529168669345,1.67302243925845,-0.0677307525650002,-0.176882232613103,-0.109151480048102
"235596",3.1437863879667,1.97691515472154,2.36117661228128,-0.384261457559738,-1.16687123324516,-0.782609775685424
"426355",0.110424907179771,0.333527411816969,0.225587185512968,0.107940226304001,0.223102504637198,0.115162278333196
"9251",0.304703795819449,0.552937899484271,0.443760201977005,0.109177697507266,0.248234103664822,0.139056406157556
"227974",0.0675150488254698,0.672536498514902,0.342092044698545,0.330444453816357,0.605021449689432,0.274576995873075
"571999",0.510010769926758,0.652270105504634,0.599014521319006,0.0532555841856274,0.142259335577875,0.089003751392248
"21257",1.02018786766696,1.19768942195694,1.12759088169899,0.0700985402579535,0.177501554289987,0.107403014032033
"46025",0.119539333508018,0.335741482568246,0.227249642371788,0.108491840196458,0.216202149060228,0.10771030886377
"67850",10,2.50260150086612,4.40151042560852,-1.89890892474239,-7.49739849913388,-5.59848957439148
"272394",0.0600296281384146,0.25190742472663,0.163681585055357,0.0882258396712724,0.191877796588215,0.103651956916943
"80127",1.74544465440897,2.06305328253449,1.93369285160825,0.12936043092624,0.317608628125519,0.188248197199279
"259118",0.698699345998589,1.14929155165509,0.937088031638244,0.212203520016842,0.450592205656496,0.238388685639655
"129198",10,3.99058263752992,5.42120654077721,-1.43062390324729,-6.00941736247008,-4.57879345922279
"53450",5.77129142284418,2.91894781949417,3.7709883618352,-0.852040542341028,-2.85234360335001,-2.00030306100898
"92246",1.83505300160154,1.51819590028088,1.63622375634135,-0.118027856060476,-0.316857101320666,-0.19882924526019
"234333",0.340211707068956,1.14463231218787,0.810180689630513,0.33445162255736,0.804420605118917,0.469968982561557
"206169",1e-08,0.259567727152667,0.13441359223514,0.125154134917527,0.259567717152667,0.13441358223514
"569323",0.40188521006415,1.18118388961039,0.836279756435834,0.344904133174555,0.779298679546239,0.434394546371684
"207006",2.70740337954704,1.36742896312075,1.8824334541472,-0.515004491026443,-1.33997441642628,-0.82496992539984
"218035",6.17091263520525,2.90966857550406,3.90578031559675,-0.99611174009269,-3.26124405970118,-2.26513231960849
"274720",4.18682397775518,2.03782159299732,2.80533124229222,-0.767509649294904,-2.14900238475786,-1.38149273546295
"382110",2.16965257178828,2.12156176668816,2.14103678667008,-0.0194750199819222,-0.0480908051001236,-0.0286157851182014
"441486",2.481223469248,1.16565988415302,1.6346058587568,-0.468945974603783,-1.31556358509498,-0.846617610491198
"56975",6.91488072879013,2.66833780076323,3.95455570678211,-1.28621790601888,-4.24654292802689,-2.96032502200801
"498148",2.58570393330359,0.958823877659179,1.52135868683378,-0.562534809174605,-1.62688005564441,-1.0643452464698
"406822",1e-08,0.461828555656238,0.230616029020243,0.231212526635995,0.461828545656238,0.230616019020243
"116520",0.534934155225021,0.505696621028584,0.518667057608965,-0.0129704365803804,-0.029237534196436,-0.0162670976160556
"41803",0.111881855958779,0.263600623709953,0.192117170337387,0.0714834533725661,0.151718767751174,0.0802353143786078
"145503",0.353795393116212,0.763736298346676,0.568887899514199,0.194848398832477,0.409940905230464,0.215092506397987
"297351",1.03498884903915,0.730353423999025,0.831772175511564,-0.101418751512538,-0.304635425040124,-0.203216673527586
"55119",1.87361850594273,1.634386376845,1.72429941997784,-0.0899130431328483,-0.239232129097733,-0.149319085964885
"30902",0.245031176573773,0.657240645639653,0.432638144607585,0.224602501032068,0.41220946906588,0.187606968033812
"17100",0.584241772407123,1.24566395365208,1.01091017304707,0.234753780605011,0.661422181244955,0.426668400639944
"257106",1.89183143664093,1.50805285518724,1.64842495069606,-0.140372095508821,-0.383778581453692,-0.243406485944871
"528106",1e-08,0.622439121730098,0.320450116025952,0.301989005704146,0.622439111730098,0.320450106025952
"366194",2.58808011755731,1.67045839944601,2.0442196088376,-0.373761209391595,-0.917621718111298,-0.543860508719703
"423334",0.197561312904919,0.716609442369672,0.520450346560999,0.196159095808673,0.519048129464754,0.322889033656081
"174767",3.77530926459109,1.9363675282285,2.57812517793345,-0.641757649704952,-1.83894173636259,-1.19718408665764
"457358",2.40273662576943,1.57939792846386,1.90278005198038,-0.323382123516524,-0.823338697305571,-0.499956573789047
"398871",0.269390152773717,0.290653164599951,0.282832985466062,0.00782017913388877,0.0212630118262343,0.0134428326923455
"274934",0.917743875714186,0.682741396901918,0.779790794191607,-0.0970493972896885,-0.235002478812268,-0.137953081522579
"546066",0.795184802558998,1.18604181826459,1.03912275662575,0.146919061638844,0.390857015705595,0.24393795406675
"395316",0.963423239115824,0.858455184904651,0.904437172368396,-0.0459819874637449,-0.104968054211173,-0.0589860667474279
"309466",3.06329746715702,2.33767540660151,2.59515836266528,-0.257482956063763,-0.725622060555503,-0.46813910449174
"291911",0.30901640650778,0.965964140346068,0.678248719993229,0.287715420352839,0.656947733838288,0.369232313485449
"123642",0.271182128822493,0.174815649570832,0.219864728315504,-0.0450490787446712,-0.096366479251661,-0.0513174005069898
"15724",10,7.15304781861085,8.80193680993485,-1.648888991324,-2.84695218138915,-1.19806319006515
"394697",0.890779299252579,1.32168006303005,1.13772621609628,0.183953846933774,0.430900763777471,0.246946916843697
"457149",2.2654751501412,3.77491965162338,3.18003877955399,0.594880872069389,1.50944450148218,0.914563629412788
"58015",1.49911940583566,1.90338618695139,1.74658103783529,0.156805149116096,0.404266781115731,0.247461631999635
"153933",0.482668679673792,0.426264056002107,0.449399212931761,-0.0231351569296537,-0.056404623671685,-0.0332694667420313
"131563",0.524802200816606,0.634291079683773,0.594572358531076,0.0397187211526975,0.109488878867168,0.06977015771447
"234825",1.54333796722979,1.18094632592183,1.3319490988984,-0.151002772976565,-0.36239164130796,-0.211388868331395
"197206",1e-08,0.173331090100955,0.0797597649806363,0.0935713251203182,0.173331080100955,0.0797597549806363
"260188",0.0573617449990722,0.331451262772592,0.203918518055387,0.127532744717205,0.27408951777352,0.146556773056315
"406813",0.0270478633717192,0.927019066554033,0.626914763388187,0.300104303165846,0.899971203182313,0.599866900016468
"468828",4.44131186657479,3.43491334510997,3.74579217945809,-0.310878834348121,-1.00639852146482,-0.6955196871167
"333500",3.21414095975227,2.50676876457141,2.7607314151287,-0.253962650557286,-0.707372195180854,-0.453409544623567
"350717",2.67245212911384,1.01631501974275,1.59834314030463,-0.582028120561887,-1.65613710937109,-1.07410898880921
"219702",0.04946334585725,0.0905147521683333,0.0705868595960112,0.0199278925723221,0.0410514063110833,0.0211235137387612
"451219",0.678937517361905,0.77926873037933,0.736726889425266,0.0425418409540634,0.100331213017425,0.0577893720633614
"92521",0.835620496543184,0.458856921451352,0.592379623690717,-0.133522702239364,-0.376763575091832,-0.243240872852468
"495656",0.221973294719864,0.12496029942035,0.173059689814354,-0.0480993903940042,-0.097012995299514,-0.0489136049055099
"409065",3.30954170080216,0.780050806912422,1.65898714828622,-0.878936341373795,-2.52949089388974,-1.65055455251594
"257203",2.61451893226392,3.00671583625354,2.86023239880886,0.14648343744468,0.392196903989626,0.245713466544946
"277265",1.33158370328441,2.68072767923153,2.10430765441154,0.576420024819984,1.34914397594711,0.772723951127127
"171253",1.08278802908672,0.457925538437433,0.694909239388175,-0.236983700950742,-0.624862490649284,-0.387878789698542
"384594",0.358030703104116,0.34835524440584,0.352086690004556,-0.00373144559871641,-0.0096754586982763,-0.00594401309955989
"30269",1.08816490031478,0.524319707150696,0.750784659719432,-0.226464952568736,-0.563845193164085,-0.33738024059535
"17928",10,4.05311526998024,5.44711801277699,-1.39400274279675,-5.94688473001976,-4.55288198722301
"555090",3.37790661127308,2.64410149433432,2.91844747387546,-0.274345979541143,-0.733805116938766,-0.459459137397623
"829",2.38156196786033,1.22349193038857,1.64730384337328,-0.423811912984711,-1.15807003747176,-0.734258124487049
"123580",1.52250393900308,0.731463045495102,1.01941149024312,-0.287948444748022,-0.791040893507978,-0.503092448759956
"116253",0.0606536351068442,0.0792747460554244,0.070785835611209,0.00848891044421546,0.0186211109485803,0.0101322005043648
"299286",2.60796849547701,1.11856772861391,1.65678572512325,-0.538217996509343,-1.4894007668631,-0.951182770353752
"90084",0.178991112798346,0.303672634277895,0.257713699251392,0.0459589350265033,0.124681521479549,0.0787225864530461
"429099",0.554228181651871,0.613007566919222,0.585257987087649,0.0277495798315733,0.0587793852673513,0.0310298054357779
"44606",1e-08,0.414198840083045,0.21737998765038,0.196818852432665,0.414198830083045,0.21737997765038
"515491",1e-08,0.161014192220127,0.0925722557120586,0.0684419365080685,0.161014182220127,0.0925722457120586
"108224",0.993868766537841,1.15612089168522,1.09448990262487,0.0616309890603528,0.162252125147379,0.100621136087027
"307063",5.62519629106376,3.19069737942962,3.92775172459469,-0.737054345165077,-2.43449891163414,-1.69744456646906
"469132",2.37105181536764,1.65675618523363,1.93887511097926,-0.282118925745629,-0.714295630134006,-0.432176704388376
"422550",1.00189249991354,1.40407261692607,1.23428674782525,0.169785869100813,0.402180117012526,0.232394247911713
"413347",2.17065809361119,1.54493630935912,1.7851706646564,-0.24023435529728,-0.625721784252072,-0.385487428954792
"11551",3.68009575181049,2.07000790899596,2.64063911749797,-0.57063120850201,-1.61008784281453,-1.03945663431252
"209735",0.0458169246742063,0.0396796465681392,0.0424052741674352,-0.00272562759929602,-0.00613727810606717,-0.00341165050677116
"430121",2.25090885373482,0.861080819119628,1.33157179011066,-0.47049097099103,-1.3898280346152,-0.919337063624165
"577318",7.61532323542701,1.27203169182779,7.61532323542701,-6.34329154359921,-6.34329154359921,0
"432903",0.345181625767209,0.426368831451548,0.383362765880389,0.0430060655711587,0.0811872056843389,0.0381811401131802
"249809",2.54938614207142,3.72080371658056,3.26059323130872,0.460210485271834,1.17141757450914,0.711207089237304
"316543",10,7.83555434778356,9.64659552526138,-1.81104117747782,-2.16444565221644,-0.353404474738621
"393777",0.975408357580928,0.822130966081858,0.889359363706989,-0.0672283976251314,-0.15327739149907,-0.0860489938739388
"543247",3.11958708449577,2.45465020542201,2.69305134719999,-0.238401141777978,-0.66493687907376,-0.426535737295781
"70279",0.100156237419414,0.326595267013898,0.224650760235396,0.101944506778502,0.226439029594484,0.124494522815982
"300860",1.60130986641242,0.574083215560604,0.918938493761728,-0.344855278201124,-1.02722665085182,-0.682371372650697
"45451",0.904560244371385,0.607788915817667,0.724520205105406,-0.116731289287739,-0.296771328553718,-0.180040039265979
"142189",0.737153074043215,0.763889537214856,0.752918549372417,0.0109709878424383,0.0267364631716409,0.0157654753292026
"480268",1.10097666257104,1.16737404107816,1.14125502930819,0.0261190117699688,0.0663973785071141,0.0402783667371454
"573245",2.98583693882919,1.02750253674964,1.74295450970661,-0.715451972956975,-1.95833440207955,-1.24288242912258
"369170",1.88674479808459,1.00878001221029,1.23403447409438,-0.225254461884086,-0.877964785874296,-0.65271032399021
"248056",5.8724231639044,3.13758440471476,3.97863773952159,-0.841053334806827,-2.73483875918963,-1.89378542438281
"29295",8.16629578988356,5.50361103177056,6.14721220169743,-0.643601169926861,-2.662684758113,-2.01908358818614
"336355",3.24778360844921,2.0615361351481,2.46786038551601,-0.406324250367914,-1.18624747330111,-0.779923222933197
"72923",2.82149645862341,0.985389844581611,1.63623160110529,-0.65084175652368,-1.8361066140418,-1.18526485751812
"26027",3.65836986807943,0.63366495248656,3.65836986807943,-3.02470491559287,-3.02470491559287,0
"12186",3.74917279931229,2.20052647502158,2.75572859648494,-0.555202121463359,-1.54864632429072,-0.993444202827356
"396053",10,4.50467935707191,5.95329286392001,-1.4486135068481,-5.49532064292809,-4.04670713607999
"322582",1.34577233283958,1.26331464714755,1.29868935469189,-0.0353747075443349,-0.0824576856920243,-0.0470829781476894
"189914",0.662982400133525,0.677934849758597,0.672141906726654,0.00579294303194333,0.0149524496250721,0.00915950659312881
"16938",0.915998707897626,1.51310075981149,1.26075548945897,0.252345270352517,0.597102051913863,0.344756781561347
"222488",0.45007133946733,0.367999695520518,0.401782973907791,-0.0337832783872724,-0.082071643946812,-0.0482883655595396
"195012",0.306563646330303,0.716619732063637,0.519767647613067,0.19685208445057,0.410056085733334,0.213204001282764
"190456",1.30236889893719,2.30593533863846,1.90929774168874,0.396637596949724,1.00356643970128,0.606928842751554
"85042",1.36762675082744,2.0127260955883,1.76982718485415,0.242898910734146,0.645099344760854,0.402200434026708
"310106",0.0867646718441893,0.131482200429885,0.108563555378771,0.0229186450511134,0.0447175285856956,0.0217988835345822
"254185",0.668494088513986,0.235846395126171,0.403926234731267,-0.168079839605097,-0.432647693387815,-0.264567853782719
"578044",4.87561838446672,2.72028190898785,3.34586339004488,-0.625581481057033,-2.15533647547888,-1.52975499442184
"467479",0.0241141227966221,0.310312347537411,0.172883565422103,0.137428782115308,0.286198224740788,0.148769442625481
"267551",0.117823623865903,0.347301589423554,0.2251923381598,0.122109251263754,0.229477965557651,0.107368714293897
"10205",0.364143953101981,0.56525297360138,0.477043502145858,0.0882094714555219,0.201109020499399,0.112899549043877
"421032",1.94545653613219,1.98334716325595,1.96820694295859,0.0151402202973567,0.0378906271237565,0.0227504068263997
"209767",1.57008430818103,1.1845531306715,1.3473742971946,-0.162821166523096,-0.385531177509531,-0.222710010986434
"545746",3.32573550613637,2.52022519210212,2.81925722784248,-0.299032035740368,-0.805510314034251,-0.506478278293882
"234100",2.36094350377733,1.13951980858114,1.5735469921623,-0.43402718358116,-1.22142369519619,-0.787396511615028
"559484",0.598451472004903,0.42516471121434,0.482922337180605,-0.0577576259662652,-0.173286760790563,-0.115529134824298
"307880",0.756796210779039,0.587047052556573,0.653000926565604,-0.0659538740090314,-0.169749158222466,-0.103795284213435
"63219",0.63071614678015,0.885968798468937,0.777982024016111,0.107986774452826,0.255252651688786,0.147265877235961
"271800",1.8971125926158,1.36835855555816,1.55525894010259,-0.186900384544426,-0.528754037057636,-0.34185365251321
"43792",3.30247352372746,2.28813232083563,2.64525121145634,-0.357118890620704,-1.01434120289183,-0.657222312271127
"545002",1.80728946282081,1.93150190043909,1.88125456224893,0.0502473381901611,0.124212437618275,0.073965099428114
"299653",0.461982832154443,1.17475542163255,0.862404605317067,0.312350816315482,0.712772589478106,0.400421773162624
"307508",1.07801178948869,0.929850822603257,0.982157240056804,-0.0523064174535467,-0.148160966885436,-0.0958545494318898
"299533",1e-08,0.34283755837114,0.179487478043909,0.163350080327232,0.34283754837114,0.179487468043909
"110891",0.517787547040379,0.470497460486271,0.491927009580938,-0.0214295490946666,-0.0472900865541076,-0.025860537459441
"108654",0.0104118623451039,0.0694017544416707,0.0409743041205943,0.0284274503210764,0.0589898920965668,0.0305624417754905
"65673",2.15440212664877,0.760102805101412,1.18665681298264,-0.426554007881227,-1.39429932154735,-0.967745313666127
"71730",0.0329142442844,0.132879108724711,0.0844018887335112,0.0484772199912001,0.0999648644403114,0.0514876444491113
"108141",3.3202893385477,1.91999371197884,2.39074711366137,-0.470753401682539,-1.40029562656887,-0.929542224886326
"457438",1.74578057447958,0.720163193460467,1.11379962687157,-0.393636433411104,-1.02561738101911,-0.631980947608011
"494348",10,4.04237612996663,5.51257526138341,-1.47019913141678,-5.95762387003337,-4.48742473861659
"523413",0.0215215353180781,0.0247976982646774,0.0230841914279518,0.00171350683672562,0.00327616294659926,0.00156265610987365
"269361",10,4.20316808224546,8.84804083197788,-4.64487274973242,-5.79683191775454,-1.15195916802212
"250946",0.0181881916170854,0.11065731581933,0.0662601312814807,0.0443971845378491,0.0924691242022443,0.0480719396643952
"225055",0.0613652820962129,0.135001081681168,0.100160408218453,0.0348406734627151,0.0736357995849554,0.0387951261222404
"497842",1.96865576438874,1.65939180978934,1.77804722793663,-0.118655418147298,-0.309263954599398,-0.1906085364521
"276536",0.7594111355148,0.680666814074723,0.71154842537949,-0.030881611304768,-0.0787443214400774,-0.0478627101353094
"52867",2.85533412551711,2.12124689080829,2.36079998200781,-0.239553091199516,-0.734087234708819,-0.494534143509303
"299528",2.85815509071724,0.315847014705022,2.85815509071724,-2.54230807601222,-2.54230807601222,0
"214796",0.640681516575498,0.444385164313426,0.532785031793338,-0.0883998674799122,-0.196296352262072,-0.10789648478216
"55295",1e-08,0.451992231753975,0.227764922250423,0.224227309503552,0.451992221753975,0.227764912250423
"448843",0.261562410281059,0.434876340926213,0.340703385783423,0.09417295514279,0.173313930645154,0.0791409755023645
"129502",10,8.71876470416677,9.99174561038373,-1.27298090621696,-1.28123529583323,-0.00825438961626901
"182188",1.06730758309656,1.95048754950162,1.60968578683131,0.340801762670316,0.883179966405068,0.542378203734752
"219775",5.36138509982417,3.18265565875929,3.85505504408561,-0.67239938532632,-2.17872944106488,-1.50633005573856
"232071",0.364074807334285,1.20914794520703,0.86400727861228,0.345140666594746,0.845073137872741,0.499932471277994
"284644",1.21776220554226,2.17103736833487,1.78132467516348,0.389712693171395,0.953275162792618,0.563562469621223
"288508",2.43096933494675,3.30520838066459,2.9686306832427,0.336577697421891,0.874239045717841,0.53766134829595
"41577",4.52606966240697,4.31827362054021,4.38665500974262,-0.0683813892024094,-0.207796041866759,-0.13941465266435
"426432",1.66007763828268,1.90458734308556,1.80245756515369,0.10212977793187,0.244509704802881,0.14237992687101
"468060",1.40959307599494,1.55687427689794,1.50162923596073,0.0552450409372132,0.147281200902998,0.0920361599657851
"492152",5.38232444706666,3.78094110573208,4.30137807691658,-0.520436971184502,-1.60138334133458,-1.08094637015008
"536208",2.83281124099362,2.56346833154906,2.66288452208087,-0.0994161905318061,-0.269342909444554,-0.169926718912748
"7049",8.2366348135626,6.06828087898378,6.61460221104548,-0.546321332061704,-2.16835393457881,-1.62203260251711
"71729",2.7646043343532,2.09298823262053,2.32314198650946,-0.230153753888931,-0.671616101732671,-0.44146234784374
"568495",0.0293616296156423,0.138372046301941,0.0827871420305658,0.0555849042713756,0.109010416686299,0.0534255124149235
"509450",0.133890232757394,1.39631504018238,0.844033080221147,0.552281959961236,1.26242480742499,0.710142847463753
"414707",4.01139117013458,1.66966674413326,2.45272327855117,-0.783056534417907,-2.34172442600132,-1.55866789158341
"4294",0.180042759316353,0.122960292280128,0.151311977293319,-0.0283516850131911,-0.0570824670362249,-0.0287307820230338
"45619",0.126498600867638,0.588632462720333,0.368863199679567,0.219769263040766,0.462133861852695,0.242364598811929
"25018",3.50784405055751,4.00710616931329,3.84983519944119,0.1572709698721,0.499262118755782,0.341991148883682
"329183",1.39292119321466,2.53342381917127,2.05597865483232,0.477445164338949,1.14050262595661,0.663057461617664
"402437",0.212927658770324,0.317252973173661,0.281023817846911,0.0362291553267498,0.104325314403337,0.0680961590765872
"557976",0.159478800336516,0.143493949470607,0.150705263046532,-0.00721131357592472,-0.0159848508659093,-0.00877353728998453
"333526",0.00283600122033007,0.631370873921713,0.346651930120015,0.284718943801697,0.628534872701382,0.343815928899685
"438145",0.899977996698372,0.452369005654779,0.612692236474229,-0.16032323081945,-0.447608991043593,-0.287285760224143
"20842",1.77493002337952,2.15570685151539,1.99746410909447,0.158242742420921,0.38077682813587,0.222534085714949
"170625",2.35245279394872,1.20664913771562,1.63228730565221,-0.425638167936591,-1.1458036562331,-0.720165488296511
"523543",10,3.34497562595262,5.29319096289053,-1.94821533693792,-6.65502437404738,-4.70680903710947
"575147",8.49146313422651,5.22325352811253,6.00301769607718,-0.779764167964653,-3.26820960611398,-2.48844543814932
"121772",0.0311931898050224,0.401872168741725,0.230290456150313,0.171581712591412,0.370678978936703,0.19909726634529
"166510",0.418391263583217,0.45285600497571,0.438678956236846,0.0141770487388638,0.0344647413924927,0.0202876926536289
"374312",0.336064195928881,1.02839398369277,0.677775312510029,0.350618671182742,0.69232978776389,0.341711116581148
"206861",1.37943425536727,1.35892237533916,1.36643028108315,-0.00750790574399107,-0.0205118800281112,-0.0130039742841201
"457854",1.46542910531163,0.927062178796141,1.13411522101477,-0.207053042218628,-0.538366926515488,-0.33131388429686
"341669",3.47813119272575,2.00870214637496,2.51842296526834,-0.509720818893375,-1.46942904635079,-0.959708227457417
"134479",0.822488623871837,0.568781798130425,0.669761744688902,-0.100979946558477,-0.253706825741412,-0.152726879182935
"276434",1e-08,0.777769109598611,0.395978784643048,0.381790324955562,0.777769099598611,0.395978774643048
"559371",0.293833214866058,0.773744331872947,0.54490488493919,0.228839446933757,0.479911117006889,0.251071670073132
"220268",0.484746929402919,1.41057200538984,1.04867161807684,0.361900387313004,0.925825075986926,0.563924688673922
"380326",0.631017266642968,0.874587871811121,0.770828169561858,0.103759702249263,0.243570605168153,0.13981090291889
"503324",1.62863886485133,2.37188626390578,2.0620076520271,0.30987861187868,0.743247399054451,0.433368787175771
"288981",0.710848275669231,0.679040655399518,0.691330133624141,-0.0122894782246236,-0.0318076202697138,-0.0195181420450903
"404154",2.65199230754288,1.52418902285444,1.97155124011281,-0.447362217258362,-1.12780328468844,-0.680441067430073
"98017",0.0903276241189275,0.710948864614816,0.422420283682599,0.288528580932217,0.620621240495889,0.332092659563672
"323045",0.050625112542214,0.32593938840957,0.189396541717763,0.136542846691807,0.275314275867356,0.138771429175549
"431908",1.37584389878951,0.632141362075292,0.897852259799902,-0.26571089772461,-0.743702536714216,-0.477991638989606
"313098",1.90435908926526,0.542547607716537,1.0230039298085,-0.480456322091963,-1.36181148154873,-0.881355159456764
"9363",1e-08,0.115382248758248,0.0628310347641757,0.0525512139940724,0.115382238758248,0.0628310247641757
"244777",0.415638682277346,0.959548838654941,0.726066711327131,0.23348212732781,0.543910156377595,0.310428029049785
"131032",0.121339327431953,0.523728572111935,0.321078988793087,0.202649583318848,0.402389244679981,0.199739661361134
"533503",7.0487710442361,2.16367605782612,3.55965451174574,-1.39597845391961,-4.88509498640997,-3.48911653249036
"11500",10,3.0009200142403,5.07904977905642,-2.07812976481612,-6.9990799857597,-4.92095022094358
"554472",4.50855229393916,3.98595841043393,4.1579153633643,-0.171956952930363,-0.522593883505224,-0.35063693057486
"337989",0.282012045932965,1.02901709067469,0.644451624450417,0.384565466224273,0.747005044741725,0.362439578517452
"22085",0.0318482394696597,0.227898481133365,0.13612918474888,0.0917692963844845,0.196050241663705,0.104280945279221
"406355",0.181096313936493,0.520253188215997,0.335722675899876,0.184530512316121,0.339156874279504,0.154626361963383
"254602",0.962821391089488,1.71383752157272,1.4264170327838,0.287420488788918,0.751016130483228,0.46359564169431
"462824",1.18849359318397,0.99230573082273,1.0666007517357,-0.0742950209129735,-0.196187862361242,-0.121892841448268
"394337",5.00341264115452,5.74628610857477,5.5792173148523,0.167068793722478,0.742873467420248,0.57580467369777
"8767",0.71308873929225,1.42184111279919,1.15338632461383,0.268454788185355,0.708752373506938,0.440297585321583
"186217",0.27634820542219,0.263867666197737,0.268202639405666,-0.00433497320792897,-0.0124805392244527,-0.00814556601652378
"577939",0.168151246893057,0.257840026085211,0.217374073364355,0.0404659527208558,0.0896887791921536,0.0492228264712979
"106231",2.41390049475151,2.38168021137634,2.39244305045539,-0.010762839079054,-0.0322202833751777,-0.0214574442961237
"346120",1.24708463501888,0.922446044477442,1.04383285956114,-0.121386815083694,-0.324638590541436,-0.203251775457742
"53760",0.120770006447665,0.705011347023502,0.382461852554626,0.322549494468877,0.584241340575837,0.26169184610696
"375871",0.0748884751220084,0.333008875670477,0.232438435514049,0.100570440156429,0.258120400548469,0.15754996039204
"359250",0.8267846752692,1.70851347293452,1.32461262317719,0.383900849757331,0.881728797665318,0.497827947907987
"163427",1e-08,0.727431407687686,0.328757932222264,0.398673475465422,0.727431397687686,0.328757922222264
"94424",0.118693512940141,0.250453282733436,0.193742259949375,0.0567110227840606,0.131759769793295,0.075048747009234
"65476",0.261883098974752,0.875920289611721,0.529307775517989,0.346612514093732,0.614037190636968,0.267424676543236
"550043",0.580983300340955,0.749600132983132,0.679706652491499,0.069893480491633,0.168616832642177,0.0987233521505443
"163873",1.97364687509012,1.334005676431,1.56239674642787,-0.228391069996878,-0.639641198659127,-0.411250128662249
"18421",0.355695667206972,0.486505344527264,0.432504501415463,0.0540008431118015,0.130809677320292,0.0768088342084905
"9346",0.659762792956783,0.798576151186342,0.741712138834231,0.0568640123521111,0.138813358229559,0.0819493458774481
"289488",1e-08,0.102530711135804,0.0540394485633188,0.0484912625724848,0.102530701135804,0.0540394385633188
"201648",2.20851626957908,1.42951332693982,1.64094742717921,-0.211434100239395,-0.779002942639264,-0.567568842399869
"338942",2.04565718195319,1.7158997133138,1.84455093726876,-0.128651223954967,-0.32975746863939,-0.201106244684424
"157325",0.936771526853068,2.76404202019307,2.02180040349102,0.742241616702048,1.82727049334,1.08502887663795
"400180",1e-08,0.100733017184647,0.0565657114478368,0.0441673057368102,0.100733007184647,0.0565657014478368
"543919",1.66694087933378,1.45399781132539,1.53310027691984,-0.0791024655944459,-0.212943068008389,-0.133840602413943
"544662",3.6617807174295,2.295047820058,2.78712403889803,-0.492076218840027,-1.3667328973715,-0.874656678531474
"376832",1.12625999126695,0.750911066117931,0.914498771598226,-0.163587705480296,-0.37534892514902,-0.211761219668724
"248603",1.28352509983277,1.74496310031018,1.56948717009503,0.175475930215156,0.461438000477415,0.28596207026226
"337917",4.70097569887658,3.89693462326611,4.15291149170279,-0.255976868436685,-0.804041075610473,-0.548064207173788
"457850",2.65904808327459,2.55361108407697,2.59129247852282,-0.0376813944458441,-0.105436999197612,-0.0677556047517678
"483119",2.46985392887785,3.0974765185324,2.86104162645787,0.23643489207453,0.627622589654547,0.391187697580017
"81203",2.15465699956187,3.25880426185158,2.84400189366968,0.414802368181901,1.1041472622897,0.689344894107803
"231383",0.353802317889197,0.812024279948612,0.592008611183024,0.220015668765588,0.458221962059415,0.238206293293827
"125138",0.0988982136002913,0.797811733188008,0.480336205300298,0.31747552788771,0.698913519587717,0.381437991700007
"249749",0.0965269430990106,0.377625255957033,0.232887263816852,0.144737992140181,0.281098312858022,0.136360320717841
"341371",0.0665690477108771,0.15664706943535,0.115874959065011,0.0407721103703396,0.0900780217244732,0.0493059113541336
"11425",0.138833768686721,0.912140880007683,0.638733436642496,0.273407443365187,0.773307111320962,0.499899667955775
"444292",0.107897062366111,0.991339132756749,0.556907973704774,0.434431159051975,0.883442070390638,0.449010911338663
"500948",0.369567329577843,0.675396456771754,0.535197044683332,0.140199412088422,0.305829127193911,0.165629715105489
"379339",0.408209190527028,0.575291851218593,0.500677593909914,0.0746142573086798,0.167082660691565,0.0924684033828854
"554444",1.04802032501555,0.983175442196519,1.00658277558295,-0.0234073333864321,-0.0648448828190294,-0.0414375494325974
"112041",0.154238520957188,0.416597251078049,0.314091317307227,0.102505933770822,0.262358730120861,0.159852796350038
"231472",0.472298833474129,0.411410346696955,0.437807900994267,-0.0263975542973118,-0.0608884867771742,-0.0344909324798623
"491347",3.58880950384378,3.21344859642681,3.32121405972093,-0.107765463294121,-0.375360907416967,-0.267595444122846
"342983",8.20409507694255,1.1778454300415,8.20409507694255,-7.02624964690106,-7.02624964690106,0
"571551",0.923913362198956,2.69024163125327,2.24708492412627,0.443156707126999,1.76632826905432,1.32317156192732
"328775",0.181193678499303,0.581107983877807,0.406615592059589,0.174492391818218,0.399914305378503,0.225421913560286
"499882",0.955124264483002,0.648122776753306,0.770770209023673,-0.122647432270367,-0.307001487729696,-0.184354055459329
"555136",3.19537474663212,2.47023929585841,2.73459217225719,-0.264352876398782,-0.725135450773708,-0.460782574374926
"380871",0.376621787224108,0.864055878557674,0.670680665970765,0.193375212586909,0.487434091333566,0.294058878746657
"494333",3.62686188233863,4.22458358016245,4.03236168596568,0.192221894196772,0.597721697823825,0.405499803627054
"53920",5.04595943501937,5.25019885950369,5.2056597289853,0.0445391305183893,0.204239424484324,0.159700293965935
"561461",0.362384774646213,0.7234972431558,0.583458233540585,0.140039009615215,0.361112468509588,0.221073458894372
"212655",3.93312158549442,1.45144315491171,2.24192179270534,-0.790478637793628,-2.48167843058271,-1.69119979278908
"382740",4.08799214422341,1.2315336260143,2.11370929167274,-0.882175665658442,-2.85645851820911,-1.97428285255067
"69088",4.34331824575396,3.72817227563581,3.92741290838427,-0.199240632748465,-0.61514597011815,-0.415905337369685
"377515",1e-08,0.243552197297968,0.131848541803558,0.11170365549441,0.243552187297968,0.131848531803558
"462579",0.0825932021688669,0.127609670663778,0.105518886109253,0.0220907845545252,0.0450164684949109,0.0229256839403857
"123794",0.106552155656662,0.497297536220909,0.299071938001572,0.198225598219337,0.390745380564247,0.192519782344909
"469557",2.52303701572911,1.11114591992972,1.61353931172342,-0.502393391793705,-1.41189109579939,-0.909497704005688
"175987",0.463583322466174,0.798582575185348,0.630627983559161,0.167954591626187,0.334999252719174,0.167044661092987
"248543",5.97897868431986,3.34171577669343,3.85328567128205,-0.511569894588616,-2.63726290762643,-2.12569301303781
"256708",0.637813647859451,0.86174191026562,0.768434567625373,0.0933073426402466,0.223928262406168,0.130620919765922
"51725",10,5.88092663299092,7.75488227207513,-1.87395563908422,-4.11907336700908,-2.24511772792487
"422968",1.27149413123861,1.34940320172049,1.3160324068507,0.0333707948697903,0.0779090704818794,0.0445382756120891
"72056",6.1386519977738,2.4210413520023,3.50634984801721,-1.08530849601491,-3.71761064577151,-2.6323021497566
"410305",0.196725256937728,0.263083723175214,0.23095204338523,0.0321316797899841,0.0663584662374863,0.0342267864475022
"221593",2.61441023174833,1.48126580312724,1.9272510891754,-0.445985286048151,-1.13314442862108,-0.687159142572934
"355914",6.46369312756638,2.62003691386242,3.76276496793229,-1.14272805406987,-3.84365621370396,-2.70092815963408
"121850",0.81724202166145,0.394268083309445,0.5342351999345,-0.139967116625055,-0.422973938352005,-0.28300682172695
"18309",1.14031110205233,0.669025907472486,0.874692811122285,-0.205666903649799,-0.471285194579846,-0.265618290930047
"305651",1e-08,0.399931906535925,0.188614818088672,0.211317088447253,0.399931896535925,0.188614808088672
"137399",1.04995846313684,0.950073895471281,0.985821391787186,-0.0357474963159042,-0.0998845676655594,-0.0641370713496552
"127387",1.76004433691633,2.01389347168107,1.90864491194104,0.105248559740026,0.253849134764739,0.148600575024713
"91829",0.0589126998437695,0.0780020241243153,0.0686865609202924,0.00931546320402298,0.0190893242805458,0.00977386107652282
"187713",4.83576188562402,2.42689005024102,3.09749174818936,-0.67060169794834,-2.408871835383,-1.73827013743466
"340177",0.100561902368004,0.507607312301295,0.301101047606865,0.206506264694429,0.40704540993329,0.200539145238861
"18965",0.206544920753249,1.0614619423294,0.729111543854364,0.332350398475035,0.85491702157615,0.522566623101115
"528637",0.230048602064568,1.08102518165353,0.74541637878306,0.335608802870466,0.850976579588957,0.515367776718492
"404841",0.0829906927251956,0.15547689314471,0.118440885728657,0.0370360074160528,0.0724862004195144,0.0354501930034616
"444002",0.12542979057571,0.242565311795493,0.183998911913914,0.0585663998815797,0.117135521219783,0.0585691213382034
"107057",0.0635359596693794,0.164675352167085,0.117062866028672,0.0476124861384128,0.101139392497705,0.0535269063592924
"174134",0.945828257526683,0.450906084597072,0.635503602193312,-0.18459751759624,-0.494922172929611,-0.310324655333371
"460971",0.241175303173866,1.18465022594908,0.763200457084452,0.421449768864629,0.943474922775214,0.522025153910585
"202663",2.04989014625801,1.23327528931496,1.517783378938,-0.284508089623034,-0.816614856943048,-0.532106767320014
"102507",0.0967369681256209,0.725957344321853,0.445807483464686,0.280149860857167,0.629220376196232,0.349070515339065
"125760",0.0451973538327234,0.193110670072471,0.124832916853295,0.0682777532191758,0.147913316239747,0.0796355630205716
"242064",2.49173047765066,3.12312904941683,2.88819828563026,0.234930763786564,0.631398571766163,0.3964678079796
"351819",0.230650550435909,1.33123016478118,0.810123520674568,0.52110664410661,1.10057961434527,0.57947297023866
"426074",1.01198426106408,2.87568897382136,2.08428744307813,0.791401530743238,1.86370471275729,1.07230318201405
"276227",0.157459012780025,0.965018443411957,0.560502394943189,0.404516048468768,0.807559430631932,0.403043382163164
"433180",2.322264215414,1.56174329696561,1.85797414589584,-0.296230848930239,-0.760520918448392,-0.464290069518154
"460696",1.92494065604422,1.51716900250163,1.66659611137739,-0.149427108875766,-0.407771653542591,-0.258344544666824
"495401",2.30705400628608,1.35880205396285,1.71354051953813,-0.354738465575277,-0.948251952323232,-0.593513486747955
"550054",0.173603511455497,0.529646255731903,0.347329024893336,0.182317230838567,0.356042744276406,0.173725513437839
"67047",4.60839420602932,1.09324825866093,2.16476132609796,-1.07151306743703,-3.51514594736839,-2.44363287993136
"414517",0.387011586263037,0.292301545204769,0.327597145945455,-0.0352956007406859,-0.0947100410582683,-0.0594144403175824
"527260",0.547465761206403,0.902853798319237,0.752676970613404,0.150176827705833,0.355388037112833,0.205211209407
"359278",1e-08,0.352317827855696,0.188737981562277,0.163579846293419,0.352317817855696,0.188737971562277
"371419",0.108587437503,0.477188427656481,0.285791654426865,0.191396773229616,0.368600990153481,0.177204216923865
"27115",1.71980763020163,3.32538825956503,2.8429030573412,0.482485202223834,1.6055806293634,1.12309542713957
"261632",0.351794075613303,1.2586043395927,0.847414736034272,0.411189603558432,0.906810263979402,0.495620660420969
"289751",1.17154160265881,0.835535498201258,0.95296337786299,-0.117427879661732,-0.336006104457553,-0.218578224795821
"439603",3.35678246241354,2.00826296775486,2.46925261448381,-0.460989646728949,-1.34851949465868,-0.887529847929733
"465073",2.36508317064967,0.822773155856844,1.32289501638023,-0.500121860523382,-1.54231001479283,-1.04218815426945
"147740",10,2.62311663318531,4.77255463302177,-2.14943799983646,-7.37688336681469,-5.22744536697823
"336132",1.04751965195399,0.745009709789348,0.874519385931538,-0.12950967614219,-0.302509942164638,-0.173000266022448
"438050",0.624538685516485,1.87035645616473,1.3467864264372,0.523570029727524,1.24581777064824,0.722247740920717
"229996",0.866485603849642,0.61383483699056,0.715756869827678,-0.101922032837118,-0.252650766859082,-0.150728734021963
"221666",2.58078986369126,2.92200199191207,2.79629089399954,0.12571109791253,0.341212128220806,0.215501030308275
"408534",1.59598014889,1.7116483991212,1.66880236069229,0.0428460384289084,0.115668250231207,0.0728222118022983
"487692",5.27018652336966,3.03125369139979,3.70729932949856,-0.676045638098775,-2.23893283196988,-1.5628871938711
"550107",2.54598352520613,2.82522638317432,2.7239452316051,0.101281151569216,0.279242857968191,0.177961706398974
"69367",8.45970798083737,5.1568815148127,5.93911223484451,-0.782230720031806,-3.30282646602467,-2.52059574599286
"51755",0.139535300278262,0.145263012032593,0.14161809910059,0.00364491293200248,0.00572771175433037,0.0020827988223279
"188439",5.44680417080807,3.89485490848385,4.39634049226433,-0.501485583780489,-1.55194926232423,-1.05046367854374
"231056",5.39463839410215,3.87381531278065,4.36597112866959,-0.492155815888939,-1.5208230813215,-1.02866726543257
"246735",5.71922312291315,3.52980619944233,4.21949596382178,-0.689689764379457,-2.18941692347083,-1.49972715909137
"309695",2.44293958786437,3.61586661910976,3.16229797749434,0.453568641615424,1.1729270312454,0.719358389629973
"330491",5.2036749915242,4.31296298717084,4.60622474840983,-0.293261761238992,-0.890712004353353,-0.597450243114361
"342744",4.58314688502965,4.40473896624929,4.4633919303448,-0.0586529640955131,-0.178407918780361,-0.119754954684848
"70386",2.53690519283555,3.30703623666285,3.01660739062467,0.290428846038182,0.770131043827307,0.479702197789125
"276287",1e-08,0.438499093013089,0.214962014849876,0.223537078163213,0.438499083013089,0.214962004849876
"163178",0.0650750226907059,0.21265397141578,0.138093889952885,0.0745600814628951,0.147578948725074,0.073018867262179
"449215",1.17188484742859,1.942149672679,1.63606725819847,0.30608241448053,0.770264825250414,0.464182410769884
"470541",0.636138426222482,0.815048568454555,0.740152334039217,0.0748962344153384,0.178910142232073,0.104013907816734
"293921",8.05329636558744,5.72643587998334,6.28600680906872,-0.55957092908538,-2.32686048560409,-1.76728955651871
"304332",7.90736530972544,5.64259221416542,6.19763141742726,-0.555039203261845,-2.26477309556002,-1.70973389229817
"423107",0.55299076698725,0.908238969464821,0.77348961712861,0.134749352336211,0.355248202477571,0.22049885014136
"430161",4.08957721793574,4.41832310991443,4.31013028925294,0.108192820661491,0.328745891978689,0.220553071317198
"475307",3.7110331728899,4.75034550791229,4.40795959395573,0.342385913956554,1.03931233502239,0.696926421065832
"482129",10,4.46892756410319,5.90595221135718,-1.43702464725399,-5.53107243589681,-4.09404778864282
"553353",0.094964174527782,0.131725307922665,0.116191428151461,0.0155338797712036,0.0367611333948827,0.0212272536236791
"151384",2.7188548725224,1.07847747512239,1.67166184301741,-0.593184367895018,-1.64037739740001,-1.04719302950499
"41738",5.79614923649502,2.57649545067906,3.50866888673143,-0.932173436052361,-3.21965378581595,-2.28748034976359
"381044",1e-08,0.720851510495149,0.38153439329577,0.339317117199379,0.720851500495149,0.38153438329577
"81487",0.0485956439607071,0.186462700249961,0.117584563332964,0.0688781369169973,0.137867056289254,0.068988919372257
"448947",2.15162947061862,2.25292670814955,2.20976931691313,0.0431573912364227,0.101297237530936,0.0581398462945129
"2500",0.090770557163562,0.37418160268342,0.228355466521149,0.14582613616227,0.283411045519858,0.137584909357587
"422296",1e-08,0.256837975724298,0.144534107730535,0.112303867993762,0.256837965724298,0.144534097730535
"312901",1.18793381198399e-08,1.51663236515742,0.877651135992904,0.638981229164515,1.51663235327808,0.877651124113566
"361230",2.14903369521147,1.44875829422733,1.71114681206312,-0.262388517835793,-0.700275400984137,-0.437886883148344
"437480",0.0427918790829054,0.416244232897517,0.233620201951995,0.182624030945522,0.373452353814612,0.19082832286909
"389569",1e-08,0.261341431958658,0.125131265109889,0.136210166848769,0.261341421958658,0.125131255109889
"215477",0.740689014253847,1.68903174745612,1.29783078465954,0.391200962796576,0.948342733202273,0.557141770405697
"454151",0.771280587436654,0.792183231697275,0.782847005074552,0.00933622662272249,0.0209026442606213,0.0115664176378988
"512475",0.50406972994462,0.384479959180448,0.434779583237841,-0.0502996240573933,-0.119589770764172,-0.0692901467067792
"268026",1.87263367786257,2.20527510655745,2.10164476100099,0.103630345556458,0.33264142869488,0.229011083138422
"235072",3.70492772399452,1.7681798470095,2.41778031302932,-0.649600466019815,-1.93674787698502,-1.2871474109652
"560081",1.36586658165152,1.17003426649146,1.25172237336158,-0.0816881068701221,-0.195832315160066,-0.114144208289944
"340489",1.00512014017521,1.08806735543152,1.05736338926232,0.0307039661691979,0.082947215256306,0.0522432490871081
"232731",0.415062972307471,0.303579016203096,0.347278938286617,-0.0436999220835215,-0.111483956104375,-0.0677840340208537
"209018",0.156909365528529,0.551967983514818,0.345088372385191,0.206879611129627,0.395058617986289,0.188179006856662
"112941",0.159829173248232,0.605772748356222,0.40663700565936,0.199135742696862,0.44594357510799,0.246807832411127
"38838",0.398523759529587,0.571537278770458,0.476768023800309,0.0947692549701492,0.173013519240871,0.0782442642707218
"436213",1.33625136386932,2.61408655349349,2.08200370305555,0.532082850437944,1.27783518962417,0.745752339186228
"94375",2.73565857333254,3.17837126128944,3.01030303971457,0.168068221574867,0.4427126879569,0.274644466382033
"528825",3.22663863430788,2.12013741437802,2.50128919972233,-0.381151785344306,-1.10650121992986,-0.725349434585554
"56217",3.08612133934242,2.22911807666862,2.52617949269368,-0.297061416025054,-0.857003262673802,-0.559941846648747
"105378",0.735676519798814,0.569504574760909,0.65143822981548,-0.0819336550545708,-0.166171945037904,-0.0842382899833336
"10417",1e-08,0.356570118067163,0.193853822961714,0.162716295105449,0.356570108067163,0.193853812961714
"459939",0.0713069611856328,0.528813382387332,0.356267486062559,0.172545896324772,0.457506421201699,0.284960524876927
"486418",0.0891285231227298,0.263011764099981,0.18468424097676,0.0783275231232207,0.173883240977251,0.0955557178540302
"159670",2.48424290633567,1.07942894472503,1.57234443931272,-0.492915494587686,-1.40481396161064,-0.91189846702295
"302223",0.0975234172127889,0.754139649784382,0.425383350806277,0.328756298978105,0.656616232571593,0.327859933593488
"415091",1.32474464240249,1.12103279971123,1.20466343519,-0.083630635478769,-0.203711842691264,-0.120081207212495
"42229",1.20536566491974,1.91134117258261,1.60459405208626,0.306747120496348,0.705975507662875,0.399228387166527
"248556",1.73106379246628,0.77691208014526,1.14535846966358,-0.368446389518319,-0.954151712321022,-0.585705322802703
"111017",2.7229371341824,2.73581014704122,2.73098879124257,0.00482135579865428,0.0128730128588286,0.0080516570601743
"164523",2.50063856233254,2.66112864678933,2.60394899176907,0.0571796550202599,0.16049008445679,0.10331042943653
"416979",1.59750101383187,2.0783425307476,1.88819745586763,0.19014507487997,0.480841516915729,0.290696442035759
"349777",0.796623698566609,0.87123769054982,0.838286550569554,0.0329511399802658,0.0746139919832106,0.0416628520029448
"122465",4.70675040741904,3.47070771727369,3.86453398540809,-0.393826268134394,-1.23604269014535,-0.842216422010954
"152961",5.96667027874767,4.69455498185868,4.97698174283493,-0.282426760976255,-1.272115296889,-0.989688535912742
"261655",1.47373794365104,0.910221413383115,1.13109736385663,-0.220875950473512,-0.563516530267924,-0.342640579794412
"17946",4.29619768960252,4.13583282413094,4.1886883023243,-0.0528554781933579,-0.160364865471574,-0.107509387278216
"447496",10,2.84683448536699,4.9462502158275,-2.09941573046051,-7.15316551463301,-5.0537497841725
"516117",6.67387185483736,1.95065901961829,3.25027734177422,-1.29961832215592,-4.72321283521906,-3.42359451306314
"461661",1.75391855682575,0.885841911435084,1.23477981608977,-0.348937904654691,-0.86807664539067,-0.51913874073598
"497676",0.0619588585455076,0.131841578564243,0.0966414856431324,0.0352000929211101,0.0698827200187349,0.0346826270976249
"507255",0.177296152065007,0.52715914621399,0.381833767760656,0.145325378453335,0.349862994148983,0.204537615695649
"300339",0.151637558612581,0.281955178830096,0.222405799412592,0.0595493794175036,0.130317620217515,0.0707682408000113
"216389",0.122107987610564,0.713104476883856,0.444786586099049,0.268317890784808,0.590996489273293,0.322678598488485
"133345",2.56279568968536,1.69696079409361,1.9515879230086,-0.254627128914991,-0.865834895591751,-0.611207766676759
"203988",0.147240871277557,0.36490403607984,0.256839913156667,0.108064122923173,0.217663164802283,0.10959904187911
"111748",0.698287613985158,0.664640041767424,0.677575121383668,-0.0129350796162446,-0.0336475722177342,-0.0207124926014896
"2587",0.964080431723096,1.11287998688648,1.05664482612091,0.0562351607655649,0.148799555163379,0.0925643943978142
"416841",3.13566753467574,1.75192844492585,2.18930257807149,-0.437374133145646,-1.3837390897499,-0.946364956604251
"326824",6.55003484322905,2.43327010932148,3.65315699308086,-1.21988688375938,-4.11676473390757,-2.89687785014819
"80360",5.30923762371107,0.837284192582568,5.30923762371107,-4.4719534311285,-4.4719534311285,0
"156891",10,3.52575976551322,5.02102601149586,-1.49526624598264,-6.47424023448678,-4.97897398850414
"259731",3.85496885731372,2.33275857074173,2.89165803186701,-0.55889946112528,-1.52221028657199,-0.963310825446715
"282259",6.54039876136495,2.72168757637537,3.8739832204094,-1.15229564403404,-3.81871118498959,-2.66641554095555
"560319",6.88906432383468,2.2625024796512,3.59981889567898,-1.33731641602778,-4.62656184418348,-3.2892454281557
"86684",7.13104743043592,2.38287021073007,3.7815805387107,-1.39871032798063,-4.74817721970585,-3.34946689172522
"364032",2.1385812926978,1.35135253754602,1.63954293181368,-0.288190394267658,-0.787228755151779,-0.499038360884121
"223414",7.00186056926733,1.82774117235267,3.23036337807533,-1.40262220572266,-5.17411939691467,-3.771497191192
"83992",2.01296249912038,1.80586554835729,1.88894795192812,-0.0830824035708269,-0.207096950763086,-0.124014547192259
"124431",0.0387469756787647,0.156902506535953,0.0963907217841635,0.0605117847517893,0.118155530857188,0.0576437461053988
"520430",0.0555598683049892,0.306821918457055,0.18103411198427,0.125787806472785,0.251262050152066,0.125474243679281
"368561",0.0570828944381344,0.458615118494579,0.254670778840051,0.203944339654528,0.401532224056444,0.197587884401916
"498117",0.985040814537506,1.51514776973612,1.29023205780077,0.22491571193535,0.530106955198611,0.305191243263261
"548511",1.23689149840453,1.36557158104439,1.31120888716263,0.0543626938817632,0.128680082639858,0.0743173887580946
"476890",1.95496085677452,1.03351694238484,1.32303254446607,-0.289515602081231,-0.921443914389678,-0.631928312308447
"406523",0.225709440041174,0.990111933831888,0.595686085021169,0.394425848810719,0.764402493790714,0.369976644979995
"208507",0.0137687734490774,0.241446301164881,0.138313157569392,0.103133143595489,0.227677527715803,0.124544384120314
"294692",2.28383090431588,0.30158607052691,2.28383090431588,-1.98224483378897,-1.98224483378897,0
"171224",7.10631467556918,2.0538131722774,3.49986928019323,-1.44605610791583,-5.05250150329178,-3.60644539537594
"62930",1.14918072503807,0.495374580803368,0.760055366223172,-0.264680785419804,-0.653806144234707,-0.389125358814902
"416621",0.998654472604896,1.5971340655251,1.34156897827008,0.255565087255029,0.598479592920209,0.34291450566518
"405567",0.559000037258814,1.27120851878098,0.946368515440189,0.324840003340792,0.712208481522167,0.387368478181375
"512673",0.0503073207927821,0.184819492196844,0.118379961125112,0.0664395310717316,0.134512171404061,0.0680726403323298
"308071",0.799212224706836,0.850914409052245,0.828361665506513,0.0225527435457318,0.0517021843454087,0.029149440799677
"567594",0.0641574556906744,0.0752341303896727,0.069917476685033,0.00531665370463974,0.0110766746989984,0.00576002099435863
"284377",1.23676891545731,2.23148539738074,1.82913178521265,0.40235361216809,0.994716481923433,0.592362869755343
"339081",3.68334371352889,4.74501384833094,4.3978526858865,0.347161162444446,1.06167013480205,0.714508972357604
"41243",10,3.20858157969935,5.19903162587437,-1.99045004617502,-6.79141842030065,-4.80096837412563
"440006",10,7.06725760957728,8.52842908746208,-1.4611714778848,-2.93274239042272,-1.47157091253792
"520024",5.51657358876346,3.24992098806795,3.94984152814595,-0.699920540078002,-2.26665260069552,-1.56673206061752
"522608",1.140359318838,2.28656391922227,1.82480652602427,0.461757393198001,1.14620460038428,0.684447207186275
"540468",4.11418703523516,4.38543595363975,4.296664614048,0.0887713395917489,0.271248918404588,0.182477578812839
"204919",0.483487136939538,1.2571287398563,0.910468935289892,0.34665980456641,0.773641602916763,0.426981798350353
"268696",5.54989166821218,3.56798776112865,4.20191001513503,-0.633922254006381,-1.98190390708353,-1.34798165307715
"315468",10,5.80233835674874,7.8519167203187,-2.04957836356996,-4.19766164325126,-2.1480832796813
"437532",1.15052685172885,1.28863041510593,1.2317691932262,0.0568612218797269,0.138103563377076,0.0812423414973495
"182859",1e-08,0.255114901599915,0.133840928669954,0.12127397292996,0.255114891599915,0.133840918669954
"490991",0.356930318733354,0.509006293649323,0.443611251205272,0.0653950424440518,0.15207597491597,0.086680932471918
"57176",0.302687441143646,0.834753977608697,0.583701601628781,0.251052375979916,0.532066536465051,0.281014160485135
"282105",2.70459037285192,0.90515027713758,1.52912813001343,-0.623977852875852,-1.79944009571434,-1.17546224283849
"463187",1.52888596576951,0.53780469422214,0.879569592169992,-0.341764897947852,-0.991081271547367,-0.649316373599515
"17871",0.112627460961526,0.140290001898218,0.126397835252514,0.0138921666457043,0.0276625409366923,0.013770374290988
"107968",0.68333336932376,0.901158029658988,0.808438013550436,0.092720016108552,0.217824660335228,0.125104644226676
"8179",0.453903581806292,0.351736827999346,0.39193361718226,-0.0401967891829139,-0.102166753806946,-0.0619699646240321
"532046",0.645586353344382,1.00817988037466,0.844254171715141,0.163925708659523,0.362593527030281,0.198667818370758
"248462",1e-08,0.447949830237711,0.219619986446578,0.228329843791133,0.447949820237711,0.219619976446578
"187954",0.308283414098803,1.18115563885384,0.808282050531605,0.37287358832223,0.872872224755032,0.499998636432802
"424875",3.78519173470139,1.9907266044694,2.62074150713924,-0.630014902669835,-1.79446513023199,-1.16445022756215
"538419",6.12981405942672,2.47300088298885,3.54917846833842,-1.07617758534958,-3.65681317643788,-2.5806355910883
"57408",2.48848023148047,1.51925091162585,1.8994419609441,-0.380191049318245,-0.969229319854618,-0.589038270536373
"301994",0.412582803391247,0.565037901907685,0.518226151459884,0.0468117504478012,0.152455098516438,0.105643348068637
"226762",0.436731072570762,1.28419801909282,0.903073993498716,0.3811240255941,0.847466946522054,0.466342920927954
"322394",0.37622854682946,1.66583175020901,1.04712483403847,0.618706916170541,1.28960320337955,0.670896287209005
"91698",0.593599208451234,1.952291159469,1.38021501117157,0.57207614829743,1.35869195101776,0.786615802720335
"397532",0.0916819082145583,0.13683389516361,0.114658928337264,0.0221749668263456,0.0451519869490513,0.0229770201227057
"315088",0.0761834446066869,0.559387180284697,0.312000774209474,0.247386406075222,0.48320373567801,0.235817329602788
"188852",2.58944347460381,0.856757588126654,1.4279140181351,-0.571156430008442,-1.73268588647715,-1.16152945646871
"523728",1.2976832530653,1.00649058094515,1.11934159089728,-0.112851009952131,-0.291192672120152,-0.17834166216802
"197892",0.137379393821925,0.25042487396922,0.197605647129584,0.0528192268396359,0.113045480147295,0.0602262533076586
"127459",2.70935930233647,2.39826316645974,2.51094760355165,-0.112684437091918,-0.311096135876735,-0.198411698784817
"308065",0.478149965642858,0.908824465170903,0.728041841184163,0.18078262398674,0.430674499528044,0.249891875541304
"428245",2.63116847680327,2.89398707264111,2.79432093631885,0.0996661363222562,0.262818595837837,0.16315245951558
"400623",0.204234954079997,0.403340339572267,0.298129523314654,0.105210816257613,0.199105385492271,0.0938945692346573
"368056",0.0927319516269958,0.388962148886445,0.239744354911011,0.149217793975433,0.296230197259449,0.147012403284016
"507308",1e-08,0.20622033049298,0.0969884221649767,0.109231908328003,0.20622032049298,0.0969884121649767
"48544",4.97436761475046,3.52205242899851,3.96563605259143,-0.443583623592926,-1.45231518575196,-1.00873156215903
"427815",0.584808185930587,0.381657752909833,0.468732041632443,-0.0870742887226104,-0.203150433020754,-0.116076144298144
"455358",1.12129761305138,2.31230907418957,1.81837334233487,0.493935731854694,1.19101146113819,0.697075729283495
"425098",0.450246331639779,1.23893518980821,0.876546620678206,0.362388569130006,0.788688858168433,0.426300289038427
"387475",1.0824819006865,1.50825925803897,1.32841899482063,0.17984026321834,0.425777357352464,0.245937094134124
"573238",3.11250508216237,2.49568918267355,2.71967067690945,-0.223981494235904,-0.61681589948882,-0.392834405252915
"502914",1e-08,0.145734898865083,0.0818992484141282,0.0638356504509546,0.145734888865083,0.0818992384141282
"398344",0.88733776479785,1.45168733931666,1.21916034352951,0.232526995787153,0.564349574518814,0.331822578731661
"485196",0.193149140823381,0.19836682743026,0.196020476631467,0.00234635079879231,0.00521768660687852,0.00287133580808621
"574767",1.84755411348212,1.41709027017641,1.56941927858772,-0.152329008411318,-0.430463843305714,-0.278134834894397
"72639",0.777783970813241,1.3010560911828,1.10437506145069,0.196681029732109,0.523272120369555,0.326591090637446
"67761",0.128431055411382,1.12493599061288,0.590273106793655,0.534662883819229,0.996504935201502,0.461842051382273
"12322",7.47507575105764,2.1163506583094,3.65750514900075,-1.54115449069134,-5.35872509274823,-3.81757060205689
"154034",7.25727850762826,2.23315320758762,3.68772713871179,-1.45457393112417,-5.02412530004065,-3.56955136891647
"173110",10,5.81990532880588,7.88544386451982,-2.06553853571394,-4.18009467119412,-2.11455613548018
"18027",2.80249307151703,1.07818220318138,1.70588974557876,-0.627707542397383,-1.72431086833565,-1.09660332593827
"22698",3.94334079205206,1.81230571932378,2.534859637516,-0.722553918192216,-2.13103507272828,-1.40848115453606
"287615",3.91885291172037,2.21228884210204,2.82753934146162,-0.615250499359577,-1.70656406961832,-1.09131357025875
"287927",3.63317284242665,2.26913809494816,2.75847676975515,-0.489338674806987,-1.36403474747849,-0.874696072671503
"29046",1.99783788902649,2.00058082275018,1.99945284034194,0.00112798240824019,0.00274293372369017,0.00161495131544998
"330106",9.25548082186441,5.09093802238165,6.09872096966757,-1.00778294728592,-4.16454279948276,-3.15675985219685
"405562",10,4.37654188539539,5.82278207734539,-1.44624019195,-5.62345811460461,-4.17721792265461
"450248",9.82238430039907,4.68636798645821,5.89897475001075,-1.21260676355254,-5.13601631394085,-3.92340955038831
"509308",5.84064069352073,3.32200724908839,4.11012702984345,-0.788119780755067,-2.51863344443235,-1.73051366367728
"576203",3.38281464175988,2.6647480090117,2.92904158125707,-0.264293572245364,-0.71806663274818,-0.453773060502816
"154281",2.32567461716071,1.04738042695038,1.47907636283569,-0.431695935885314,-1.27829419021034,-0.846598254325022
"106178",0.131208817750295,0.306963608237109,0.221723502059986,0.0852401061771239,0.175754790486814,0.0905146843096902
"463208",2.81991338649773,2.65417449646864,2.71356099274117,-0.0593864962725306,-0.165738890029097,-0.106352393756567
"488376",3.21903262824383,2.29665504026443,2.62203441789067,-0.325379377626243,-0.922377587979401,-0.596998210353158
"412888",0.158178561018244,0.720222928019004,0.456838205579774,0.26338472243923,0.56204436700076,0.29865964456153
"514040",1e-08,0.202902614181266,0.117235908074437,0.0856667061068288,0.202902604181266,0.117235898074437
"534452",2.30451652573381,1.55208119108281,1.84272349504465,-0.290642303961849,-0.752435334651002,-0.461793030689153
"502199",0.121367431041417,0.221693743317399,0.171204098031668,0.0504896452857309,0.100326312275982,0.0498366669902511
"356499",2.50964661782337,1.08494905437932,1.58966021456239,-0.504711160183072,-1.42469756344406,-0.919986403260983
"366290",0.0734235801437784,0.701855050150741,0.440636770992722,0.26121827915802,0.628431470006963,0.367213190848943
"200799",0.0190049748125652,0.27743898363921,0.152162329875722,0.125276653763488,0.258434008826645,0.133157355063157
"470482",0.640902563659882,0.370035789424791,0.484458813244962,-0.114423023820171,-0.270866774235092,-0.156443750414921
"117986",2.94842992688071,0.717951441068497,1.45952337037979,-0.741571929311296,-2.23047848581221,-1.48890655650092
"245006",0.16673790565136,0.6072896119334,0.37499784404708,0.23229176788632,0.440551706282041,0.208259938395721
"129980",1.11747471144674,1.12045654249018,1.11927757934076,0.00117896314942412,0.00298183104344574,0.00180286789402162
"441298",1.25169748324677,1.33725395046754,1.30059500125952,0.0366589492080236,0.085556467220768,0.0488975180127444
"317790",0.821263613499424,1.28226231192873,1.1065520306833,0.175710281245429,0.460998698429309,0.28528841718388
"548706",0.16246941101943,0.284252261578031,0.227009446098154,0.0572428154798775,0.121782850558601,0.0645400350787236
"537066",0.559201950848987,0.669218346851421,0.626319066309773,0.0428992805416473,0.110016396002433,0.0671171154607861
"21087",0.390841675959565,2.02140139881657,1.32166991317756,0.699731485639005,1.630559722857,0.930828237217995
"235962",0.168201993206047,0.567753350274424,0.388376969631624,0.1793763806428,0.399551357068377,0.220174976425577
"364473",0.6721601497134,0.837541700744563,0.769419576832345,0.0681221239122177,0.165381551031163,0.0972594271189452
"125303",1e-08,0.596819808199752,0.305585136584821,0.291234671614931,0.596819798199752,0.305585126584821
"22164",0.0214985897502931,1.1874972553145,0.586141322215667,0.60135593309883,1.1659986655642,0.564642732465373
"189766",1.05719176485739,1.43659011310343,1.27721761130159,0.159372501801842,0.37939834824604,0.220025846444198
"33075",1.55169720194671,1.7386882397255,1.66960342638472,0.069084813340784,0.186991037778787,0.117906224438003
"135879",0.883084371684027,1.49713999941166,1.24723992918806,0.249900070223593,0.61405562772763,0.364155557504037
"176892",1.50368790932484,1.00097090353127,1.20302420503204,-0.202053301500769,-0.502717005793561,-0.300663704292792
"219661",6.18306043831727,2.72541574068095,3.74144480706124,-1.01602906638029,-3.45764469763633,-2.44161563125603
"300821",1.80115346943349,1.58272752801844,1.66324424767868,-0.080516719660237,-0.218425941415046,-0.137909221754809
"489027",1.49215389508307,1.41140621948026,1.44611188920828,-0.0347056697280175,-0.0807476756028045,-0.046042005874787
"552787",0.367178176332922,2.00602280017103,1.32131811353092,0.684704686640115,1.63884462383811,0.954139937197997
"425782",3.13226986186035,2.99443418635506,3.04615243862109,-0.0517182522660335,-0.137835675505294,-0.0861174232392607
"542841",0.454535046699472,1.11854754894503,0.829104139043298,0.28944340990173,0.664012502245556,0.374569092343826
"384191",0.0842156486462962,0.0448611773622728,0.0629668115728571,-0.0181056342105844,-0.0393544712840234,-0.0212488370734391
"229604",0.341813340676701,1.90205945295226,1.24733247988517,0.654726973067087,1.56024611227555,0.905519139208468
"398219",0.839102516533199,1.48530582904454,1.21811193510504,0.267193893939498,0.64620331251134,0.379009418571842
"146468",0.160309877344574,0.270366394097657,0.21784240520051,0.0525239888971469,0.110056516753083,0.0575325278559359
"568070",0.299208873235282,0.997202140960248,0.647058817069628,0.35014332389062,0.697993267724966,0.347849943834346
"390751",1.7989361637037,1.01194848743029,1.26583978558616,-0.253891298155865,-0.786987676273405,-0.53309637811754
"502206",0.738023282339953,1.29660377825367,1.07787788965869,0.218725888594977,0.558580495913719,0.339854607318741
"180291",1.11398108233905,1.20464214611899,1.16692218409524,0.0377199620237514,0.0906610637799494,0.052941101756198
"274159",2.47138447664515,2.86961596638721,2.72474407705021,0.144871889336997,0.398231489742065,0.253359600405068
"195277",1.12505196619386,2.75807424913274,2.048972195478,0.709102053654739,1.63302228293888,0.923920229284138
"496405",1.23923450572358,2.87277550010379,2.17440335256523,0.698372147538558,1.63354099438021,0.935168846841653
"304787",1.44025194374591,2.35004101940357,1.9758301518896,0.374210867513969,0.909789075657653,0.535578208143684
"353934",1.89113188435652,1.35256957049672,1.54613021880143,-0.193560648304715,-0.538562313859804,-0.345001665555089
"412998",0.278064422684015,0.597338606793043,0.4589397442514,0.138398862541643,0.319274184109027,0.180875321567385
"290985",2.25970786755911,1.25657835084857,1.62571664099911,-0.369138290150539,-1.00312951671054,-0.633991226560003
"131918",4.42754498812382,1.51596543292838,2.48552772298365,-0.969562290055267,-2.91157955519544,-1.94201726514018
"56848",2.20068176813803,1.44046800170089,1.7270052133588,-0.286537211657912,-0.760213766437145,-0.473676554779233
"409051",0.13442929177497,0.444611534925429,0.32305581450768,0.12155572041775,0.31018224315046,0.18862652273271
"302973",0.76186586290568,0.990517631748966,0.888591864252984,0.101925767495982,0.228651768843286,0.126726001347304
"530975",0.535290193625375,0.878083166380109,0.731501332483138,0.146581833896971,0.342792972754734,0.196211138857763
"166628",1.42537783356736,1.49483028660217,1.46304547572713,0.0317848108750338,0.0694524530348075,0.0376676421597737
"521721",1.36488212118229,2.39595126312931,1.9673406032092,0.428610659920107,1.03106914194701,0.602458482026907
"567169",0.617843385948029,1.00286992163778,0.836665211100448,0.166204710537328,0.385026535689747,0.218821825152419
"342122",1.94607525905493,1.45219890686506,1.63302516283108,-0.180826255966015,-0.493876352189861,-0.313050096223846
"132479",0.981624725780566,1.21836194047076,1.12054246919237,0.0978194712783877,0.236737214690193,0.138917743411805
"270766",0.117607744503659,0.336666047228361,0.228252217705924,0.108413829522437,0.219058302724702,0.110644473202265
"442213",0.374136890799654,1.05963950795468,0.778227323515503,0.281412184439177,0.685502617155026,0.404090432715849
"530762",0.0641667577847818,0.301830509980421,0.180844466170929,0.120986043809492,0.237663752195639,0.116677708386147
"320728",1.23607842723786,1.31880803919015,1.28356114783896,0.0352468913511883,0.0827296119522867,0.0474827206010984
"37180",0.207531837607224,0.239913315951218,0.224373541591741,0.0155397743594765,0.0323814783439942,0.0168417039845177
"45919",0.119779725109972,0.335087791325827,0.229145037395133,0.105942753930694,0.215308066215855,0.109365312285161
"424313",4.06518349887513,1.96578591467574,2.70279951143805,-0.737013596762306,-2.09939758419939,-1.36238398743708
"7606",1.88708152690952,0.892162322469068,1.29501292348468,-0.402850601015616,-0.994919204440452,-0.592068603424836
"372942",2.47419105146123,1.50760369888621,1.88264993196726,-0.375046233081049,-0.966587352575021,-0.591541119493971
"97261",0.387185600669239,0.499791725850927,0.45110603742468,0.0486856884262476,0.112606125181688,0.0639204367554408
"153377",0.56048495729364,1.35497264155352,0.972126861268745,0.382845780284775,0.794487684259881,0.411641903975105
"327201",0.781833160248059,0.994413778186441,0.898872396717944,0.0955413814684967,0.212580617938382,0.117039236469886
"154171",2.77837591784686,1.98637104321554,2.24843013030719,-0.262059087091653,-0.792004874631321,-0.529945787539667
"482284",0.715619220208455,1.97031421799765,1.40526689606404,0.565047321933614,1.2546949977892,0.689647675855581
"175028",1.67473049953442,0.930695966128191,1.22777164650289,-0.297075680374698,-0.744034533406232,-0.446958853031534
"451738",1.41098142470219,2.03739500906515,1.78620094872005,0.251194060345109,0.626413584362964,0.375219524017855
"312622",0.148330019379273,0.627148278936451,0.3986811405369,0.228467138399551,0.478818259557178,0.250351121157627
"443110",1.22405049970004,1.06559191603206,1.12681406367748,-0.0612221476454193,-0.158458583667989,-0.0972364360225693
"207000",0.130433017171765,0.387167399192109,0.259199527994076,0.127967871198033,0.256734382020344,0.128766510822311
"66285",0.0486209638470316,0.089495062604306,0.069657686589578,0.0198373760147281,0.0408740987572744,0.0210367227425463
"465850",0.427104454452927,0.761856562758124,0.639264064196904,0.12259249856122,0.334752108305196,0.212159609743977
"94346",0.524919915619312,0.235132730819149,0.355876896273893,-0.120744165454744,-0.289787184800164,-0.169043019345419
"288742",3.04926957448443,0.900636629303038,1.65671672442982,-0.75608009512678,-2.14863294518139,-1.39255285005462
"499566",0.347180105473516,0.586446229294237,0.480119713823909,0.106326515470328,0.239266123820722,0.132939608350393
"376531",1.18793381198399e-08,0.673665862993369,0.389722344570739,0.28394351842263,0.673665851114031,0.389722332691401
"107265",10,6.62985080307262,8.44878091010631,-1.81893010703369,-3.37014919692738,-1.55121908989369
"132136",3.22714738452144,1.85902051441128,2.31640565567173,-0.457385141260446,-1.36812687011015,-0.910741728849709
"420286",3.00997772088953,2.68406869147331,2.80631168330414,-0.122242991830823,-0.325909029416216,-0.203666037585393
"315324",2.13243065209403,1.25184630625027,1.56405209608948,-0.312205789839212,-0.880584345843757,-0.568378556004545
"303522",0.092438863963133,0.511283465013984,0.346875052092234,0.16440841292175,0.418844601050851,0.254436188129101
"441268",0.798116484272597,0.940834795441256,0.878516716716677,0.0623180787245796,0.142718311168659,0.0804002324440792
"164738",0.293806647481688,0.490190695349214,0.385601869036749,0.104588826312466,0.196384047867527,0.0917952215550609
"170402",1.74240290145631,0.706538706656066,1.09868754072731,-0.392148834071247,-1.03586419480025,-0.643715360729
"83146",0.259230385643878,0.303329804207777,0.287867829757287,0.0154619744504894,0.0440994185638989,0.0286374441134095
"340748",10,2.85573208849618,5.13754494831343,-2.28181285981725,-7.14426791150382,-4.86245505168657
"441828",3.65367531046956,3.97969358652292,3.87568902857213,0.104004557950794,0.32601827605336,0.222013718102566
"492629",0.153389508000206,0.70052741772243,0.441986775651472,0.258540642070958,0.547137909722225,0.288597267651267
"226743",7.11764408310881,2.10006371004574,3.52728323024145,-1.42721952019571,-5.01758037306307,-3.59036085286735
"549077",3.73898536991904,2.04780356036001,2.63937816402025,-0.591574603660231,-1.69118180955902,-1.09960720589879
"327750",0.918562535677756,0.816647105498314,0.860934476536027,-0.0442873710377129,-0.101915430179441,-0.0576280591417286
"342616",0.287696040458403,1.83558154804561,1.21804682437941,0.617534723666199,1.54788550758721,0.930350783921008
"471978",0.47424286162706,0.973504026685459,0.764534287178972,0.208969739506487,0.499261165058398,0.290291425551912
"380219",0.842414049178682,1.20586568777685,1.0340477494254,0.171817938351448,0.363451638598168,0.19163370024672
"145087",0.81196172993084,1.62017997463135,1.27386675118003,0.346313223451319,0.808218244700508,0.461905021249189
"245325",1.18793381198399e-08,1.1852845908578,0.651012110886413,0.534272479971387,1.18528457897846,0.651012099007074
"253660",2.86970211127554,2.47624671068542,2.61433821755332,-0.138091506867903,-0.393455400590122,-0.25536389372222
"312895",0.396191280621212,2.05974457278207,1.33425197663664,0.72549259614543,1.66355329216086,0.938060696015429
"277270",0.0182522981982286,0.0945135311421475,0.0598453062384591,0.0346682249036883,0.0762612329439189,0.0415930080402306
"466769",1.08055649164306,1.25621852170472,1.18398881793529,0.0722297037694313,0.175662030061659,0.103432326292228
"199527",1.03138503668028,1.18292201939106,1.12411879833873,0.058803221052333,0.151536982710781,0.0927337616584483
"414096",0.235651085727686,0.669486758408063,0.476790491231074,0.192696267176989,0.433835672680377,0.241139405503388
"158333",7.47357979593968,1.81187516867579,3.36925721253488,-1.55738204385908,-5.66170462726389,-4.10432258340481
"274370",0.101100641383089,0.254610021180664,0.182731444799486,0.0718785763811774,0.153509379797575,0.0816308034163975
"499446",1.73780406462879,1.57773727375638,1.6358080751918,-0.0580708014354183,-0.160066790872406,-0.101995989436988
"50560",7.96019832524463,1.11439109687906,7.96019832524463,-6.84580722836557,-6.84580722836557,0
"293519",7.22857683341493,1.88502139345053,3.36325424757075,-1.47823285412021,-5.3435554399644,-3.86532258584419
"403154",1.77620256050023,1.77499044083916,1.77540109855366,-0.000410657714507323,-0.00121211966107859,-0.000801461946571269
"225426",1.06388522624173,1.35914984524028,1.23775229532692,0.121397549913357,0.295264618998551,0.173867069085194
"400259",0.0296086286364585,0.0272518178027198,0.0284053819786495,-0.00115356417592968,-0.00235681083373866,-0.00120324665780897
"55230",0.264811495672813,0.623831219634181,0.424913141247629,0.198918078386553,0.359019723961369,0.160101645574816
"338041",6.52882879023443,2.42090604503099,3.60712159860092,-1.18621555356993,-4.10792274520344,-2.92170719163351
"436340",3.36004913290367,2.3092771008419,2.68753316837588,-0.37825606753399,-1.05077203206177,-0.67251596452778
"342770",0.2711786245378,0.59399093662306,0.419192642761794,0.174798293861265,0.32281231208526,0.148014018223994
"317611",1e-08,0.851646150300289,0.440254421628122,0.411391728672167,0.851646140300289,0.440254411628122
"121721",2.59687331106288,1.21875428353104,1.7270223028714,-0.50826801934036,-1.37811902753184,-0.869851008191478
"452860",1.23601186681813,1.09171840573682,1.14880849991666,-0.0570900941798398,-0.144293461081309,-0.0872033669014696
"229375",3.15145105626822,2.73976877038136,2.89518420756042,-0.155415437179061,-0.411682285886859,-0.256266848707797
"200667",2.7445814088731,2.49808355295918,2.58502488266893,-0.0869413297097559,-0.246497855913921,-0.159556526204165
"233516",1.63152268897031,1.57661463313458,1.59710404974389,-0.0204894166093128,-0.054908055835734,-0.0344186392264212
"263317",2.47729229014958,3.13145201259622,2.88686719699504,0.244584815601187,0.654159722446643,0.409574906845456
"295203",2.709227204304,2.59831206069474,2.63781502759815,-0.0395029669034064,-0.110915143609262,-0.0714121767058558
"352730",1.68439081685575,1.22322803257374,1.38297075368882,-0.159742721115083,-0.461162784282008,-0.301420063166925
"444420",6.17023111312437,2.61439565237911,3.66387280745964,-1.04947715508053,-3.55583546074525,-2.50635830566473
"476319",5.67877783020803,2.93805088769529,3.76099616681852,-0.822945279123223,-2.74072694251274,-1.91778166338951
"482327",1.51421410188356,1.4682971906192,1.48470211611459,-0.0164049254953906,-0.0459169112643654,-0.0295119857689747
"540088",1.29149122433431,2.38721312019446,1.93642607175932,0.450787048435145,1.09572189586016,0.644934847425014
"575740",10,4.19435501314603,5.56219261184017,-1.36783759869414,-5.80564498685397,-4.43780738815983
"233653",1.94731631156728,1.2322935919192,1.48057207853721,-0.248278486618006,-0.715022719648079,-0.466744233030073
"41554",6.09621267240964,2.66392408181857,3.67990477004384,-1.01598068822527,-3.43228859059107,-2.41630790236579
"535211",6.45666777396204,2.41893959399036,3.59167788992598,-1.17273829593562,-4.03772817997168,-2.86498988403606
"53320",0.0429036342003142,0.107993494385212,0.0757384991967044,0.0322549951885077,0.0650898601848979,0.0328348649963903
"288400",1.74370328992404,1.18506536335793,1.42660853421901,-0.241543170861074,-0.558637926566112,-0.317094755705038
"358720",6.2222288139835,2.71661600639843,3.77722151252508,-1.06060550612664,-3.50561280758507,-2.44500730145842
"380541",2.11679900629888,1.48670533876731,1.73481664140936,-0.248111302642047,-0.630093667531569,-0.381982364889523
"397816",10,2.4448932984295,4.7303414712271,-2.2854481727976,-7.5551067015705,-5.2696585287729
"450941",10,6.94585916357759,10,-3.05414083642241,-3.05414083642241,0
"169216",3.89737688396821,1.70097429779609,2.43945681338801,-0.738482515591924,-2.19640258617213,-1.4579200705802
"286162",2.35412983055716,0.736450097892661,1.06886510002755,-0.332415002134885,-1.6176797326645,-1.28526473052962
"39400",3.40324737128261,2.3401416181996,2.72017035277762,-0.380028734578018,-1.06310575308301,-0.683077018504996
"401134",1.98315608728518,1.8210226477288,1.8850425394849,-0.0640198917560957,-0.162133439556381,-0.098113547800285
"402926",3.75254706285549,1.67743260184024,2.36069392989686,-0.683261328056625,-2.07511446101525,-1.39185313295863
"355771",0.927579551171594,1.07248056348001,1.01892525954078,0.0535553039392245,0.144901012308414,0.0913457083691894
"22965",0.448337713061534,0.958161016899716,0.74871500111231,0.209446015787406,0.509823303838182,0.300377288050776
"385511",1.36169795912148,1.11132045351515,1.21133448761646,-0.10001403410131,-0.250377505606326,-0.150363471505016
"216726",0.157156880528085,0.218238212172052,0.188820289087405,0.0294179230846466,0.0610813316439671,0.0316634085593205
"54647",0.128564328218369,0.483089695866931,0.332811686859207,0.150278009007725,0.354525367648562,0.204247358640837
"411575",0.0214985897502931,0.614899666971084,0.344232793734372,0.270666873236712,0.593401077220791,0.322734203984079
"411341",0.849456194501495,1.55925006327138,1.26824106596941,0.291008997301973,0.709793868769889,0.418784871467916
"560588",2.40370338922011,1.25619517989506,1.67377958177876,-0.4175844018837,-1.14750820932505,-0.729923807441348
"175851",5.91219208498367,3.3008271254495,3.8021277107798,-0.501300585330296,-2.61136495953416,-2.11006437420387
"474567",1.19879377081428,2.04946918684509,1.72132581437055,0.328143372474536,0.850675416030807,0.522532043556272
"249383",2.5090414840147,1.29863772856965,1.75880911589752,-0.460171387327874,-1.21040375544505,-0.750232368117179
"510261",2.21286453790123,1.09183355290892,1.39571899539242,-0.303885442483504,-1.12103098499231,-0.817145542508808
"435505",0.130321478370536,0.197317499115083,0.165887654880528,0.031429844234555,0.0669960207445472,0.0355661765099922
"205896",1.94083896307133,1.53239508899887,1.68450567300738,-0.152110584008513,-0.408443874072461,-0.256333290063948
"191050",0.889394725383685,0.70957965114836,0.785087208969783,-0.0755075578214233,-0.179815074235325,-0.104307516413901
"368844",0.809760847582854,0.737298756462906,0.767189192035696,-0.0298904355727896,-0.0724620911199478,-0.0425716555471582
"310098",0.394992932697116,0.156409202333762,0.263762501006812,-0.10735329867305,-0.238583730363354,-0.131230431690305
"253822",0.162540280586535,0.226102543803725,0.198082500229964,0.0280200435737613,0.0635622632171901,0.0355422196434288
"269573",0.977194182146844,1.55027239252721,1.30557228574188,0.244700106785331,0.573078210380366,0.328378103595034
"434928",0.621775886839936,1.63033511743197,1.21478380756569,0.415551309866278,1.00855923059204,0.593007920725758
"53246",0.0248214552244087,0.211253373283139,0.120819399730096,0.0904339735530436,0.186431918058731,0.095997944505687
"424362",0.22686768921224,0.833795761269961,0.620792255870113,0.213003505399848,0.606928072057721,0.393924566657873
"453398",0.676216902547791,0.701047262528253,0.691388642688777,0.00965861983947613,0.0248303599804618,0.0151717401409857
"38821",1.33550513135368,1.0237718060637,1.1440711485545,-0.120299342490799,-0.311733325289986,-0.191433982799187
"373468",0.60097513611968,0.930298853810059,0.792486934404678,0.137811919405381,0.329323717690379,0.191511798284998
"398601",0.120551522210763,0.144056004325623,0.133519053817245,0.0105369505083778,0.0235044821148603,0.0129675316064825
"245072",1.38119308624307,1.00947788910107,1.16020369875642,-0.150725809655359,-0.371715197142002,-0.220989387486643
"207090",4.00662497656382,3.24009519253513,3.47078218321899,-0.230686990683859,-0.766529784028684,-0.535842793344825
"532446",3.17699497897517,2.29693321493606,2.60843782789273,-0.311504612956675,-0.880061764039111,-0.568557151082436
"180137",2.77214390635538,2.89474910921907,2.84922394274499,0.0455251664740879,0.122605202863697,0.0770800363896096
"389837",1.77218560581434,0.3397668166173,1.77218560581434,-1.43241878919704,-1.43241878919704,0
"398155",2.95901004034331,2.7847733566848,2.84875923980282,-0.0639858831180149,-0.174236683658514,-0.110250800540499
"532992",1.14894015330008,2.42789318324265,1.92443992262251,0.503453260620147,1.27895302994258,0.775499769322432
"253550",4.33846701101772,1.50717665932366,2.44458576618306,-0.937409106859394,-2.83129035169406,-1.89388124483466
"399176",3.42637808620148,3.23041527601214,3.28725554796995,-0.0568402719578023,-0.195962810189337,-0.139122538231534
"17576",3.30804025914374,4.51045657123331,4.12119128467299,0.38926528656032,1.20241631208956,0.813151025529242
"256689",0.427592163340702,1.90929837517132,1.3019198887813,0.60737848639002,1.48170621183062,0.8743277254406
"573402",2.99861681316924,4.74544860279923,4.18248159554956,0.56296700724967,1.74683178962999,1.18386478238032
"480772",0.481357054065118,0.667015843789664,0.60001416558402,0.0670016782056441,0.185658789724546,0.118657111518902
"269016",0.134237860773807,1.14972652090349,0.633842553409994,0.515883967493492,1.01548866012968,0.499604692636187
"325795",2.23366560260861,1.82818459491312,1.93332543905472,-0.105140844141601,-0.405481007695486,-0.300340163553884
"53487",0.460939411032726,0.526924389257496,0.496843723190341,0.0300806660671551,0.0659849782247695,0.0359043121576144
"321677",0.97760441832528,1.22930316555046,1.13077118483539,0.0985319807150686,0.251698747225183,0.153166766510114
"478721",0.708864621037353,0.853241783869054,0.790092886327144,0.0631488975419097,0.144377162831701,0.0812282652897913
"454312",1e-08,0.136999439091524,0.0737326561093608,0.063266782982163,0.136999429091524,0.0737326461093608
"327623",1e-08,0.48121608312966,0.224855328351933,0.256360754777728,0.48121607312966,0.224855318351933
"189889",0.823312179359705,1.04186265147176,0.942296414638094,0.0995662368336677,0.218550472112057,0.118984235278389
"408602",1.22502211379651,1.34021395342143,1.29189365564702,0.0483202977744093,0.115191839624919,0.0668715418505095
"304188",2.68039525389499,3.16521141499689,2.98301879755541,0.18219261744148,0.484816161101902,0.302623543660422
"314475",3.33679739962189,2.53125987802042,2.82487069301392,-0.293610814993502,-0.805537521601474,-0.511926706607972
"403856",5.76790454815897,2.89328754915011,3.75553868464934,-0.86225113549923,-2.87461699900886,-2.01236586350963
"85815",4.84690670709553,3.81661754727072,4.14225597748614,-0.325638430215424,-1.03028915982482,-0.704650729609392
"77363",2.6239668569752,2.90179864585433,2.79945513168489,0.102343514169438,0.27783178887913,0.175488274709692
"226950",3.22927010630889,2.46414499531305,2.73820090849033,-0.274055913177279,-0.765125110995835,-0.491069197818556
"94096",2.513427986911,2.71048527875932,2.64059026456227,0.0698950141970482,0.197057291848319,0.127162277651271
"329263",0.254380870335662,0.468556445643783,0.382447046803062,0.0861093988407208,0.214175575308121,0.1280661764674
"93579",0.509034461332606,1.08788566002065,0.828594597035045,0.259291062985603,0.578851198688042,0.319560135702439
"347437",0.172069460369713,0.637364922113976,0.434533163591232,0.202831758522745,0.465295461744263,0.262463703221519
"545236",0.0602562179740557,0.323033668759498,0.194057133178573,0.128976535580925,0.262777450785442,0.133800915204518
"147319",1e-08,0.321814103715973,0.166396722556228,0.155417381159746,0.321814093715973,0.166396712556228
"412003",0.916145433867807,1.4914720967061,1.25018404210247,0.241288054603631,0.575326662838297,0.334038608234666
"486304",0.763369167721678,1.39899615660664,1.14558873312098,0.253407423485661,0.635626988884963,0.382219565399302
"112101",0.0855075557133134,0.298919256920153,0.197761331837828,0.101157925082325,0.21341170120684,0.112253776124515
"170075",0.0686916720593476,0.0823936472495037,0.0761938092699538,0.0061998379795499,0.013701975190156,0.00750213721060615
"472287",1.229493018237,2.1068207929221,1.76662929808943,0.340191494832674,0.877327774685107,0.537136279852433
"376408",1.42293957551545,0.884661943989733,1.10193169633567,-0.217269752345935,-0.538277631525717,-0.321007879179781
"262211",0.0975436243795577,0.782300435125325,0.461101092943459,0.321199342181867,0.684756810745768,0.363557468563901
"219763",2.14494218967936,1.37770884692263,1.65943323333735,-0.281724386414719,-0.767233342756728,-0.485508956342009
"296546",0.972215178872118,1.46579363577087,1.2629743328252,0.202819302945669,0.493578456898747,0.290759153953078
"169953",0.105269324943505,0.282700093245338,0.197909118138812,0.084790975106526,0.177430768301833,0.0926397931953071
"463500",2.26039905329958,3.56830323722994,3.06596721961297,0.502336017616967,1.30790418393035,0.805568166313386
"168849",5.81074858932207,2.7419064817919,3.64650101265751,-0.904594530865618,-3.06884210753018,-2.16424757666456
"524812",4.03435993836197,4.05037800761207,4.04558259465493,0.00479541295713304,0.0160180692500917,0.0112226562929587
"124769",0.109234571409912,0.390737321371681,0.281447844287281,0.1092894770844,0.28150274996177,0.17221327287737
"336220",1e-08,0.104764895909978,0.0537245171588549,0.0510403787511229,0.104764885909978,0.0537245071588549
"265350",0.11675787391454,0.406695831666409,0.294995307311707,0.111700524354702,0.289937957751869,0.178237433397168
"239333",2.3871343737902,0.942827844854122,1.42699832843598,-0.484170483581858,-1.44430652893608,-0.960136045354224
"403160",0.21643628201275,1.5474994601614,0.936904703023162,0.61059475713824,1.33106317814865,0.720468421010412
"264673",0.888968369916608,1.27241285775358,1.10927397241053,0.163138885343053,0.383444487836975,0.220305602493923
"98420",0.609245072641647,0.682364020191269,0.647171001477815,0.0351930187134538,0.0731189475496214,0.0379259288361676
"375013",0.470344198786948,0.781746793763786,0.628744574149748,0.153002219614038,0.311402594976838,0.1584003753628
"557157",1.31196258293289,1.27623271102062,1.2909314865051,-0.0146987754844783,-0.0357298719122681,-0.0210310964277898
"478741",0.278448740774692,0.308537283549331,0.298252391542147,0.0102848920071837,0.0300885427746386,0.0198036507674549
"472357",3.55156354024642,1.70604745623016,2.31757982722043,-0.611532370990266,-1.84551608401626,-1.23398371302599
"53311",2.92744258476306,2.5597534641929,2.69379319259949,-0.13403972840659,-0.367689120570164,-0.233649392163573
"535979",0.644896111499038,0.793522097294362,0.744809545210565,0.0487125520837971,0.148625985795324,0.0999134337115266
"380909",0.0822699873777557,0.387298954748866,0.238713174844387,0.148585779904479,0.30502896737111,0.156443187466631
"276719",0.191695307345369,0.843646180082883,0.516408996195243,0.32723718388764,0.651950872737514,0.324713688849874
"186696",0.078029576515255,0.315746309161684,0.194334646112236,0.121411663049448,0.237716732646429,0.116305069596981
"382664",1.03638744812143,1.58760405026289,1.34951909120811,0.238084959054784,0.551216602141464,0.31313164308668
"262944",0.111887408300306,1.17334324225082,0.715532514967718,0.457810727283098,1.06145583395051,0.603645106667412
"269494",3.38384200589616,3.43378994973473,3.41975386258305,0.0140360871516743,0.0499479438385624,0.0359118566868881
"209837",1.04200507631139,1.57015358242563,1.34467693727753,0.225476645148096,0.528148506114237,0.302671860966141
"494622",4.73034235304214,3.52304916695533,3.90488224932578,-0.381833082370443,-1.20729318608681,-0.825460103716365
"315818",3.21867067634759,0.912164933021397,1.73945106526349,-0.827286132242097,-2.3065057433262,-1.4792196110841
"430182",0.256657167721029,0.259507644952196,0.258489371751037,0.00101827320115894,0.00285047723116655,0.00183220403000761
"480427",7.1282552124349,2.13226815744355,3.56715867350628,-1.43489051606274,-4.99598705499135,-3.56109653892861
"352536",0.0413932032847473,0.22395363765568,0.139124750515506,0.0848288871401748,0.182560434370933,0.0977315472307585
"312725",0.36853607942165,0.227253853911711,0.294508373014188,-0.0672545191024771,-0.141282225509939,-0.0740277064074615
"534859",3.6844538061873,2.45280978070509,2.90587511684031,-0.453065336135222,-1.23164402548221,-0.778578689346992
"128779",6.20941862347493,2.08691273821875,3.20798458760347,-1.12107184938472,-4.12250588525618,-3.00143403587145
"196205",4.86420400400266,3.8331576667093,4.15472987695777,-0.32157221024847,-1.03104633729336,-0.709474127044889
"272030",10,5.25393205679489,6.54630853473113,-1.29237647793625,-4.74606794320511,-3.45369146526887
"286402",2.45641010827771,3.44201585158952,3.07171013296322,0.3703057186263,0.98560574331181,0.61530002468551
"298868",10,10.8395216072748,10,0.839521607274783,0.839521607274783,0
"303011",6.10494715215533,2.40586123767449,3.4512297237844,-1.04536848610991,-3.69908591448084,-2.65371742837093
"314470",10,8.47908656046952,10,-1.52091343953048,-1.52091343953048,0
"323597",2.65787322844454,2.86479302429332,2.79067668630669,0.0741163379866321,0.206919795848776,0.132803457862144
"408912",10,10.8395216072748,10,0.839521607274783,0.839521607274783,0
"420117",10,7.36706436028208,10,-2.63293563971792,-2.63293563971792,0
"476190",10,10.8395216072748,10,0.839521607274783,0.839521607274783,0
"485174",10,5.60639713320953,9.0423723492894,-3.43597521607988,-4.39360286679047,-0.957627650710599
"500471",10,3.85659344093433,5.63807664860501,-1.78148320767068,-6.14340655906567,-4.36192335139499
"511576",10,4.78201304793242,6.3461188510759,-1.56410580314348,-5.21798695206758,-3.6538811489241
"519231",10,3.14724067346735,5.11545057860401,-1.96820990513666,-6.85275932653265,-4.88454942139599
"542173",10,10.8395216072748,10,0.839521607274783,0.839521607274783,0
"78544",10,10.8395216072748,10,0.839521607274783,0.839521607274783,0
"8094",10,7.05962281478079,9.9155388334868,-2.85591601870601,-2.94037718521921,-0.0844611665132042
"504477",0.0743317560510316,0.165245363151633,0.120491224438396,0.0447541387132372,0.0909136071006016,0.0461594683873643
"454201",1e-08,1.13045032399055,0.628926325013484,0.501523998977064,1.13045031399055,0.628926315013484
"144911",0.262087904311767,0.477077104208436,0.385908484868998,0.0911686193394376,0.214989199896668,0.123820580557231
"315178",0.494955790791243,1.16491427950205,0.865131682283638,0.299782597218412,0.669958488710807,0.370175891492395
"191287",2.2599305934693,1.63831998534154,1.88188368030658,-0.24356369496504,-0.621610608127761,-0.378046913162721
"157264",2.32349488520483,1.49314731280072,1.80999630864733,-0.31684899584661,-0.83034757240411,-0.5134985765575
"247494",0.386943643038265,1.13137091478875,0.813688727347311,0.317682187441438,0.744427271750484,0.426745084309045
"81824",5.6536486083881,2.97010607237348,3.77650205389538,-0.806395981521891,-2.68354253601462,-1.87714655449273
"282874",1e-08,0.062191972315034,0.030738180295183,0.031453792019851,0.062191962315034,0.030738170295183
"154125",1e-08,0.0835860232035728,0.0434371182862943,0.0401489049172785,0.0835860132035728,0.0434371082862943
"347645",4.04745381616432,1.68946164006551,2.4940766165695,-0.804614976503994,-2.35799217609881,-1.55337719959481
"256368",0.922912906573956,1.7186438303661,1.36140252031273,0.357241310053374,0.795730923792144,0.43848961373877
"75548",0.626556190239267,1.35809193087889,1.01224615719777,0.345845773681115,0.731535740639621,0.385689966958506
"127417",5.19038868631977,4.24757048566246,4.55796267953557,-0.310392193873116,-0.942818200657317,-0.632426006784201
"182676",10,5.29326410664164,6.62679678943926,-1.33353268279762,-4.70673589335836,-3.37320321056074
"191138",10,8.71494791254025,10,-1.28505208745975,-1.28505208745975,0
"199919",2.81879143497651,2.55677133059738,2.64819022167429,-0.0914188910769038,-0.262020104379125,-0.170601213302222
"251769",8.2943750523535,7.1478193121129,7.44966393547021,-0.30184462335731,-1.14655574024059,-0.844711116883285
"299386",3.64525175533091,2.08954881265349,2.63297613088604,-0.543427318232549,-1.55570294267741,-1.01227562444486
"316425",8.2943750523535,7.1478193121129,7.44966393547021,-0.30184462335731,-1.14655574024059,-0.844711116883285
"352630",5.08759893869208,4.66289774647242,4.80550966570163,-0.142611919229202,-0.424701192219653,-0.282089272990452
"357612",9.72879066974928,5.92600870403879,6.87912936725508,-0.953120663216289,-3.80278196571048,-2.84966130249419
"370661",8.2943750523535,7.1478193121129,7.44966393547021,-0.30184462335731,-1.14655574024059,-0.844711116883285
"471585",9.46362767444172,5.86152386162918,6.77564148600195,-0.914117624372769,-3.60210381281254,-2.68798618843978
"565919",10,5.29326410664164,6.62679678943926,-1.33353268279762,-4.70673589335836,-3.37320321056074
"71789",4.97648252888719,4.63531491741749,4.74985392045556,-0.114539003038068,-0.341167611469702,-0.226628608431634
"8595",3.90601214025863,5.58513674201638,4.9955561348696,0.589580607146776,1.67912460175775,1.08954399461098
"321362",0.683536881282323,1.86497265400975,1.36640622463397,0.498566429375779,1.18143577272743,0.68286934335165
"549584",1.77686429985278,1.60447666882239,1.66938666307501,-0.0649099942526208,-0.172387631030398,-0.107477636777777
"131827",2.2956127944005,1.57252291028822,1.85058984316839,-0.278066932880165,-0.723089884112277,-0.445022951232112
"426079",0.050859395167813,0.311720692877507,0.177234785904586,0.134485906972921,0.260861297709694,0.126375390736773
"376567",4.08568122692474,1.56750504283505,2.40141307127423,-0.833908028439183,-2.51817618408969,-1.68426815565051
"111675",0.877307044621554,1.11135568950692,1.02498448017918,0.0863712093277373,0.234048644885365,0.147677435557627
"504403",0.111852565781648,0.235079497549654,0.174314022378392,0.0607654751712618,0.123226931768006,0.0624614565967446
"433754",0.214449701023822,0.648232947127301,0.406875410139583,0.241357536987718,0.433783246103479,0.192425709115761
"308367",3.0175130445775,1.00892774062062,1.73798314325716,-0.729055402636541,-2.00858530395688,-1.27952990132034
"197969",0.327346379116942,0.326875918090226,0.327148566409696,-0.000272648319469937,-0.000470461026715885,-0.000197812707245948
"98459",1.00022119918826,1.41008511419122,1.23871295295164,0.171372161239582,0.409863915002966,0.238491753763384
"160010",0.0485938432058269,0.115176120321123,0.0818671165540141,0.0333090037671087,0.0665822771152959,0.0332732733481872
"167508",0.738001661284971,0.664478249762139,0.693905428925773,-0.0294271791636336,-0.0735234115228324,-0.0440962323591988
"118146",4.33030565994869,4.83023279761486,4.65881656905632,0.171416228558539,0.49992713766617,0.328510909107631
"161850",3.50744518575053,2.52005025844321,2.88457515116848,-0.36452489272527,-0.987394927307319,-0.622870034582049
"377595",5.15435202861406,4.32517575819466,4.60095725545472,-0.275781497260065,-0.829176270419405,-0.55339477315934
"478683",5.41421071221959,3.42329509736596,4.04884485688644,-0.625549759520483,-1.99091561485362,-1.36536585533314
"562206",10,4.19785168025812,6.01155092386523,-1.81369924360711,-5.80214831974188,-3.98844907613477
"570338",5.15830840713826,3.96238084787557,4.35536485336111,-0.392984005485542,-1.19592755926269,-0.802943553777149
"63767",0.455130040999584,0.887591076362239,0.668356437125793,0.219234639236446,0.432461035362655,0.213226396126209
"287334",3.99249951912147,3.4736396736972,3.63022813450059,-0.156588460803396,-0.518859845424273,-0.362271384620877
"251356",1.82308143695771,1.47680141259282,1.60140122243455,-0.124599809841722,-0.346280024364886,-0.221680214523165
"173816",1.51286160619984,0.859805166013057,1.10983323181233,-0.250028065799274,-0.653056440186781,-0.403028374387507
"463188",1.81376777276434,1.58440901982825,1.67097138318476,-0.0865623633565114,-0.229358752936084,-0.142796389579572
"165447",1.5460411564176,1.80868614697947,1.70975412069513,0.0989320262843403,0.262644990561865,0.163712964277524
"553132",0.228618259271771,0.837459911227148,0.549911240991559,0.287548670235589,0.608841651955377,0.321292981719788
"148816",1e-08,0.13224831060576,0.0734359331632563,0.0588123774425039,0.13224830060576,0.0734359231632564
"494987",0.341867235393084,0.642936625759069,0.503534208383517,0.139402417375552,0.301069390365985,0.161666972990433
"26309",0.20914084338412,0.716948572358094,0.481637878978077,0.235310693380018,0.507807728973974,0.272497035593956
"123506",1.72173337662634,1.43515142858523,1.54056354497321,-0.105412116387981,-0.286581948041109,-0.181169831653128
"267521",1.06653804561351,2.61103706025754,1.99895955526697,0.612077504990572,1.54449901464403,0.932421509653455
"382693",0.737232595687244,0.533967849127894,0.629312157399673,-0.0953443082717791,-0.20326474655935,-0.107920438287571
"267647",2.34425832265251,1.24201026411676,1.64312606533227,-0.401115801215509,-1.10224805853575,-0.701132257320244
"467205",0.10688964559585,0.307710275407658,0.211982894842783,0.0957273805648748,0.200820629811808,0.105093249246934
"483971",0.400850225432464,0.396927407461165,0.39853452244815,-0.00160711498698513,-0.00392281797129962,-0.00231570298431449
"347812",3.99712827022283,3.02969364926658,3.29321314308442,-0.263519493817831,-0.967434620956246,-0.703915127138415
"453770",2.97119565340707,2.26123224260252,2.50305137740959,-0.241819134807074,-0.709963410804551,-0.468144275997477
"507977",0.426942643478349,0.435931798209387,0.432211124500546,0.0037206737088411,0.00898915473103845,0.00526848102219735
"340050",0.181686604996806,0.623367985904667,0.468619027199725,0.154748958704942,0.441681380907861,0.28693242220292
"387506",4.10015380669619,1.35838264073529,2.21562860309437,-0.857245962359079,-2.7417711659609,-1.88452520360182
"478672",1.08995130066846,0.624353145378183,0.820711490729699,-0.196358345351515,-0.465598155290272,-0.269239809938757
"568292",0.814175743514613,0.752718640101946,0.7782336346864,-0.0255149945844535,-0.0614571034126666,-0.0359421088282131
"157130",0.0468132928048887,0.187512937506748,0.117292070554091,0.0702208669526576,0.14069964470186,0.0704787777492021
"301148",1.74994540829499,0.510354448526015,0.940161847284891,-0.429807398758876,-1.23959095976898,-0.809783561010102
"283479",1e-08,0.247785311370038,0.132232081019011,0.115553230351027,0.247785301370038,0.132232071019011
"65149",3.58334066289632,1.4266106067398,2.10542860598217,-0.678817999242364,-2.15673005615652,-1.47791205691415
"76175",0.00992157358539562,0.176235618647318,0.0996424668228469,0.0765931518244715,0.166314045061923,0.0897208932374512
"45789",0.140830443475604,0.448000317166884,0.291664705586183,0.1563356115807,0.30716987369128,0.150834262110579
"433899",1.14910768822675,1.11352731408685,1.12772698129565,-0.0141996672087963,-0.0355803741398968,-0.0213807069311005
"94580",0.591045257904414,0.6685874967936,0.640084283023869,0.028503213769731,0.0775422388891863,0.0490390251194553
"489390",0.801750221861386,0.575396987637698,0.66155920260612,-0.0861622149684221,-0.226353234223688,-0.140191019255266
"114956",5.09704630108171,5.48822488362822,5.40100392929228,0.087220954335943,0.391178582546508,0.303957628210565
"404700",0.0533208457811562,0.0641327217754509,0.0588677209570533,0.00526500081839756,0.0108118759942947,0.00554687517589715
"426830",0.762458054990358,1.25241686361238,1.01659040606216,0.235826457550211,0.489958808622018,0.254132351071807
"428007",6.60375978307093,2.5022250346414,3.71877146629137,-1.21654643164997,-4.10153474842952,-2.88498831677955
"365545",0.0514462704728595,0.391316437320666,0.225410117883338,0.165906319437328,0.339870166847806,0.173963847410478
"466303",1e-08,0.228824511749429,0.130748884299014,0.0980756274504154,0.228824501749429,0.130748874299014
"416803",0.103045301781751,0.538418961485248,0.340927993664159,0.197490967821089,0.435373659703497,0.237882691882408
"221596",1e-08,0.17543192842802,0.101781380094171,0.0736505483338481,0.17543191842802,0.101781370094171
"212325",1.1849935913435,2.00355964898889,1.68281089518337,0.320748753805522,0.818566057645396,0.497817303839875
"312346",0.508941660052673,0.47137011271921,0.484133041593542,-0.0127629288743323,-0.0375715473334633,-0.024808618459131
"46858",0.016996036070008,0.13786079710081,0.0821542176599112,0.0557065794408985,0.120864761030802,0.0651581815899032
"266406",1.54106563027466,1.27509927134256,1.39022704317245,-0.115127771829892,-0.265966358932098,-0.150838587102206
"115373",10,3.40465533002242,5.23800965779539,-1.83335432777296,-6.59534466997758,-4.76199034220461
"263937",2.28183611365595,1.95725161085352,2.09203571052812,-0.1347840996746,-0.324584502802425,-0.189800403127825
"308099",3.47418409568602,2.39162923241896,2.78799711785582,-0.396367885436869,-1.08255486326707,-0.686186977830198
"356407",3.01884136227744,0.967051944364317,1.70608586579678,-0.739033921432468,-2.05178941791312,-1.31275549648066
"154805",0.191615376045715,0.309921760934042,0.255925303255267,0.0539964576787747,0.118306384888327,0.0643099272095524
"253064",4.96745762360013,3.83690490196846,4.19836299049623,-0.361458088527772,-1.13055272163167,-0.769094633103897
"544719",5.0649518361913,3.77470722866854,4.18524215893542,-0.410534930266875,-1.29024460752276,-0.87970967725588
"412360",0.810332050718712,1.6703679448043,1.30662628284275,0.363741661961552,0.860035894085591,0.496294232124039
"56183",0.0147599750036923,0.347959076642839,0.190634303173169,0.157324773469671,0.333199101639147,0.175874328169476
"571650",3.0555671258664,2.59545638305968,2.76253979157848,-0.1670834085188,-0.460110742806715,-0.293027334287915
"399803",0.0588341588549901,0.183552290647655,0.124457378300846,0.0590949123468088,0.124718131792664,0.0656232194458557
"439339",2.53432648805004,2.57118819357214,2.55773044276261,0.0134577508095286,0.0368617055220972,0.0234039547125686
"242111",1.41930624741261,1.95906699836157,1.75821299800884,0.200854000352728,0.539760750948959,0.338906750596231
"179129",3.62627024749119,1.95545521254507,2.52899567677651,-0.573540464231448,-1.67081503494613,-1.09727457071468
"181496",3.8876033108657,3.92432945479068,3.91257966401848,0.0117497907722037,0.0367261439249811,0.0249763531527774
"491224",0.249851276203926,0.906867938597935,0.65463437677851,0.252233561819425,0.657016662394008,0.404783100574583
"532707",3.74404512444363,2.00349882805935,2.61705901376005,-0.613560185700698,-1.74054629638428,-1.12698611068358
"532489",1.2555189248392,1.08383730797368,1.15162450934868,-0.0677872013750036,-0.171681616865517,-0.103894415490513
"54850",2.72216114530527,2.24027045524387,2.41038553348545,-0.170115078241571,-0.481890690061392,-0.31177561181982
"17639",0.258713181405002,0.307058864236044,0.283234391301655,0.0238244729343884,0.0483456828310415,0.0245212098966531
"371145",0.206567730615377,0.672629702800861,0.464540463959171,0.20808923884169,0.466061972185484,0.257972733343794
"434302",0.0997335430269799,0.377444791291485,0.225403451036554,0.15204134025493,0.277711248264505,0.125669908009574
"181191",1.01029758147925,1.14411732307519,1.09438421913702,0.0497331039381652,0.133819741595941,0.0840866376577758
"390275",0.571616593426213,0.752046265464786,0.678340632762266,0.0737056327025207,0.180429672038573,0.106724039336052
"46392",0.0139733719834493,0.131416904145834,0.0808227957953337,0.0505941083505001,0.117443532162384,0.0668494238118843
"112507",0.361771535340244,0.922700061273083,0.706785847041624,0.215914214231459,0.560928525932839,0.34501431170138
"38352",1.17965462822281,1.33324174984696,1.26930666840007,0.0639350814468922,0.153587121624152,0.0896520401772596
"495029",1.53830592337817,1.14433915565811,1.31124956005283,-0.166910404394721,-0.393966767720061,-0.22705636332534
"545369",1.36307894554993,1.3075208949828,1.33140937163999,-0.0238884766571836,-0.0555580505671267,-0.0316695739099431
"40314",0.573587078587231,0.595068857731333,0.587172143249041,0.0078967144822919,0.0214817791441018,0.0135850646618099
"149657",0.166708141749803,0.404096067499084,0.314641151363579,0.0894549161355042,0.23738792574928,0.147933009613776
"217936",0.689998836999504,0.540106058487727,0.596555998625737,-0.0564499401380101,-0.149892778511777,-0.0934428383737671
"494568",0.539285476920784,2.69825035446099,1.79899664329026,0.899253711170731,2.15896487754021,1.25971116636948
"143090",0.929803019619006,1.32790463282898,1.16819812503707,0.159706507791909,0.398101613209972,0.238395105418063
"136544",0.303130674408268,0.548221377344326,0.441416401623974,0.106804975720353,0.245090702936058,0.138285727215705
"378244",3.46108661473911,2.7527443953635,3.01889741050554,-0.26615301514204,-0.708342219375605,-0.442189204233565
"33774",0.624081346411932,1.13865274070423,0.9053356265883,0.233317114115934,0.514571394292302,0.281254280176368
"141212",0.0429367315803959,0.38900165620492,0.22361982999842,0.1653818262065,0.346064924624524,0.180683098418025
"551901",1.67842897914719,0.946733733247533,1.24005836768027,-0.293324634432736,-0.731695245899655,-0.438370611466919
"86302",0.626800435238612,1.00894062924201,0.833837654864169,0.17510297437784,0.382140194003398,0.207037219625557
"377999",0.185716430864361,0.301603059213425,0.243205250034761,0.0583978091786635,0.115886628349063,0.0574888191704
"295615",0.969541795619148,0.942907798916032,0.95264342464073,-0.00973562572469833,-0.0266339967031158,-0.0168983709784175
"125192",1.16815369538646,1.27238722886983,1.23030410269588,0.0420831261739423,0.104233533483362,0.0621504073094201
"144207",2.68229887408583,2.97483145778617,2.86612723608551,0.108704221700664,0.292532583700339,0.183828361999675
"182128",0.732274648431551,1.87686323413543,1.38308247335813,0.493780760777301,1.14458858570387,0.650807824926574
"358109",2.08814070081942,1.99288460819183,2.03220967423969,-0.0393250660478506,-0.0952560926275865,-0.0559310265797359
"472475",3.75064872779151,2.07776581300696,2.66871458031619,-0.590948767309227,-1.67288291478455,-1.08193414747532
"122466",1.44880051985997,0.90363959697217,1.11483985464587,-0.211200257673699,-0.545160922887804,-0.333960665214105
"107036",9.88720784530073,4.52653160032402,5.75655580882625,-1.23002420850222,-5.3606762449767,-4.13065203647448
"217531",8.33730069889617,5.38890008401188,6.09532036627622,-0.70642028226434,-2.94840061488429,-2.24198033261995
"343562",10,6.44400508869434,8.18187296566386,-1.73786787696952,-3.55599491130566,-1.81812703433614
"414987",1.40147436317896,2.22027426558351,1.8930423967365,0.327231868847012,0.81879990240455,0.491568033557538
"61796",5.19399508135381,3.54429438006803,4.05934298734382,-0.515048607275795,-1.64970070128578,-1.13465209400999
"26618",10,7.43237175619294,9.21612053759915,-1.78374878140621,-2.56762824380706,-0.783879462400849
"367027",5.13114103836312,4.1809456740362,4.48990593677239,-0.308960262736187,-0.950195364326919,-0.641235101590731
"370455",10,7.43237175619294,9.21612053759915,-1.78374878140621,-2.56762824380706,-0.783879462400849
"548701",4.94409223300645,4.33915729977935,4.53808521420041,-0.198927914421057,-0.6049349332271,-0.406007018806043
"324966",0.302555466721753,0.370447604882503,0.336036606538213,0.0344109983442901,0.0678921381607498,0.0334811398164597
"303989",0.967072695597772,1.18224058278789,1.09854158346678,0.0836989993211119,0.215167887190115,0.131468887869003
"22016",0.0524377948439514,0.201435223045903,0.123655598389749,0.0777796246561541,0.148997428201951,0.0712178035457971
"91393",1.88607007878965,0.464334856695653,0.941118136789178,-0.476783280093525,-1.42173522209399,-0.944951942000468
"187768",2.80808738757944,2.18222638702474,2.39358151360087,-0.211355126576127,-0.6258610005547,-0.414505873978573
"338601",0.0619368143953754,0.0230142761008347,0.0419747433467671,-0.0189604672459324,-0.0389225382945407,-0.0199620710486083
"553662",0.420885911990478,0.52337933067047,0.477617550755907,0.0457617799145634,0.102493418679992,0.056731638765429
"416767",0.613975333129909,0.713193596904598,0.674227738027067,0.0389658588775311,0.0992182637746883,0.0602524048971572
"127454",0.744886016623502,0.717288081178466,0.728083903861117,-0.0107958226826517,-0.0275979354450362,-0.0168021127623845
"113080",1.26473901931935,0.92336769627124,1.05406197727881,-0.13069428100757,-0.341371323048112,-0.210677042040542
"539247",0.18178108367079,0.767163944355549,0.490424797381141,0.276739146974408,0.585382860684759,0.308643713710351
"522635",8.25252675523411,1.46518046696209,8.25252675523411,-6.78734628827203,-6.78734628827203,0
"186244",0.207782759218082,0.581373783002614,0.405244746083569,0.176129036919045,0.373591023784532,0.197461986865487
"55738",1.97131086323929,3.22261281082837,2.73346573242528,0.48914707840309,1.25130194758908,0.762154869185995
"528362",1.72963192400768,1.93926051334786,1.85723422572372,0.0820262876241467,0.209628589340185,0.127602301716039
"556459",4.11592674253,4.504183675142,4.37794594146773,0.126237733674267,0.388256932611998,0.262019198937732
"405581",0.0428046821156668,0.294788341231376,0.219966629212542,0.0748217120188339,0.251983659115709,0.177161947096875
"377594",1.38647967915706,1.89602287320575,1.7082020299249,0.187820843280853,0.509543194048698,0.321722350767845
"230173",2.63391474159794,2.70346481276722,2.67808866004978,0.0253761527174419,0.0695500711692758,0.0441739184518339
"369540",1.55193310704341,1.55119726341466,1.55140834838927,-0.000211084974613751,-0.000735843628751232,-0.00052475865413748
"108964",1.37340748931487,1.01337877587291,1.15472586517826,-0.141347089305345,-0.360028713441958,-0.218681624136613
"278319",0.132177080433157,0.161259051024917,0.148166160629003,0.0130928903959143,0.02908197059176,0.0159890801958457
"301317",0.45094242727079,1.12779310718115,0.830789036858111,0.297004070323036,0.676850679910358,0.379846609587322
"122090",2.04601016401227,3.42520894853512,2.89426097804027,0.530947970494857,1.37919878452286,0.848250814027999
"398101",0.611934113559885,0.794541136855653,0.718387105126662,0.0761540317289913,0.182607023295768,0.106452991566777
"313986",1e-08,0.538222011037366,0.235872047949774,0.302349963087592,0.538222001037366,0.235872037949774
"567125",0.061791402047799,0.103515942994262,0.0827594763243462,0.0207564666699155,0.0417245409464627,0.0209680742765472
"237626",1.90038828530555,1.73268093101747,1.79642861193794,-0.0637476809204782,-0.167707354288081,-0.103959673367603
"293142",0.624564330739988,0.598576868212176,0.608013452828119,-0.00943658461594321,-0.0259874625278119,-0.0165508779118687
"463921",1.07212531908651,0.308306880697848,0.569515866939428,-0.26120898624158,-0.763818438388662,-0.502609452147082
"123182",0.130272591185883,0.430730735805523,0.285219181352429,0.145511554453094,0.30045814461964,0.154946590166546
"322288",0.141076734299591,0.105334914016395,0.12333009610719,-0.017995182090795,-0.0357418202831962,-0.0177466381924012
"223314",0.0965126024466849,0.817992352507227,0.495980206725066,0.32201214578216,0.721479750060542,0.399467604278381
"123218",0.0403742859062683,0.198380289574239,0.121163936731106,0.0772163528431327,0.15800600366797,0.0807896508248377
"201483",1.82205861955665,1.80756873899736,1.81333225777398,-0.00576351877661985,-0.0144898805592923,-0.0087263617826725
"213800",2.36532854520013,2.53833630761149,2.47950041602661,0.0588358915848795,0.173007762411363,0.114171870826484
"395522",3.25877327418911,1.91982023905584,2.36188249408857,-0.442062255032732,-1.33895303513327,-0.896890780100541
"240818",9.2873330104228,5.61625319548556,6.53624133009685,-0.919988134611295,-3.67107981493724,-2.75109168032595
"85258",9.07019649365508,5.87407040235821,6.67668988305567,-0.802619480697463,-3.19612609129688,-2.39350661059941
"91818",10,7.08123510201888,9.03635911415449,-1.9551240121356,-2.91876489798112,-0.963640885845512
"84621",0.0624842850513792,0.257558024094643,0.168936184117618,0.0886218399770244,0.195073739043263,0.106451899066239
"171220",2.62969553526481,1.26687364399725,1.77648419154413,-0.509610547546881,-1.36282189126756,-0.85321134372068
"342791",8.04338810872676,1.44877694173829,8.04338810872676,-6.59461116698848,-6.59461116698848,0
"497729",10,2.90543128732806,5.05106463170463,-2.14563334437656,-7.09456871267194,-4.94893536829537
"409923",0.102403742157594,0.75284078845479,0.445511191566015,0.307329596888774,0.650437046297196,0.343107449408421
"557507",0.0174899616721547,0.22538438598005,0.127706163005882,0.0976782229741679,0.207894424307895,0.110216201333727
"477328",6.09243278106958,4.11083367043537,4.5307323527686,-0.41989868233323,-1.98159911063421,-1.56170042830098
"87267",0.0256269617122858,0.11728114727041,0.073438256186433,0.0438428910839766,0.0916541855581238,0.0478112944741472
"203772",0.32761086944258,0.269659518675471,0.288996091846204,-0.0193365731707337,-0.0579513507671096,-0.0386147775963758
"54295",2.4535608245942,1.91418370889464,2.09457086990457,-0.18038716100993,-0.539377115699558,-0.358989954689628
"231108",3.28792037853255,2.40060255509377,2.72065171682527,-0.320049161731498,-0.887317823438774,-0.567268661707276
"572064",10,3.81930556992081,5.50425399328347,-1.68494842336266,-6.18069443007919,-4.49574600671653
"138430",2.86904185360029,2.02274667227458,2.2987474132026,-0.276000740928021,-0.846295181325703,-0.570294440397682
"294819",2.75724864205638,2.22707620474652,2.40305776591991,-0.175981561173393,-0.530172437309864,-0.354190876136471
"223839",1.76975455434108,4.06549574785422,3.32893735360927,0.736558394244955,2.29574119351314,1.55918279926819
"192691",0.762096414341237,2.0559029073087,1.48014882331429,0.5757540839944,1.29380649296746,0.718052408973058
"322952",5.52963103816696,6.00454299927046,5.89306591067947,0.111477088590983,0.474911961103494,0.363434872512511
"454098",2.07271558752323,2.34444146974153,2.22927975807971,0.115161711661816,0.271725882218298,0.156564170556482
"498592",3.88700370074632,2.24930948796279,2.84238648695145,-0.59307699898866,-1.63769421278354,-1.04461721379488
"530502",5.52963103816696,6.00454299927046,5.89306591067947,0.111477088590983,0.474911961103494,0.363434872512511
"59457",5.35601874733255,3.83852779166273,4.32558373597386,-0.487055944311136,-1.51749095566982,-1.03043501135869
"178373",1.04831065459217,0.672289942705106,0.829538907563402,-0.157248964858296,-0.376020711887069,-0.218771747028773
"570598",1.34910462976657,2.39981394569452,1.98302238551564,0.416791560178876,1.05070931592795,0.633917755749076
"178156",1.48906810476672,0.926718431706922,1.14935921830316,-0.222640786596238,-0.5623496730598,-0.339708886463562
"68830",0.435849750804628,0.189953858136849,0.277440502362061,-0.0874866442252128,-0.245895892667779,-0.158409248442566
"547886",0.241282469411478,0.20699458524778,0.223977039885485,-0.0169824546377051,-0.0342878841636978,-0.0173054295259927
"437813",0.0454060940921911,0.233282477991982,0.145345501978728,0.0879369760132544,0.187876383899791,0.0999394078865367
"347656",9.97489491579615,3.98020385198104,5.35089577481561,-1.37069192283457,-5.99469106381511,-4.62399914098054
"395230",10,2.98979331314199,5.00734041187159,-2.0175470987296,-7.01020668685801,-4.99265958812841
"264527",1.6396010215007,0.354751387780734,0.86481257228766,-0.510061184506926,-1.28484963371997,-0.77478844921304
"113598",2.90348562259377,1.94804054853188,2.27529966259614,-0.327259114064253,-0.955445074061891,-0.628185959997638
"383533",0.0687037622286613,0.595897696957329,0.321023700842851,0.274873996114479,0.527193934728668,0.252319938614189
"203774",0.150114559939788,0.141642891743631,0.145387735111767,-0.00374484336813596,-0.00847166819615655,-0.00472682482802059
"210552",0.0949814426595844,0.212646914437237,0.160034679999505,0.052612234437732,0.117665471777653,0.0650532373399205
"560289",1e-08,0.283539556638441,0.130569437114206,0.152970119524235,0.283539546638441,0.130569427114206
"130839",3.21964387133235,2.19595894015335,2.55214203536105,-0.356183095207697,-1.023684931179,-0.667501835971304
"97554",3.22336534888183,2.08081695615835,2.46742656497473,-0.386609608816382,-1.14254839272347,-0.755938783907092
"364264",0.0556047098754029,0.223280033286147,0.141814537161491,0.0814654961246563,0.167675323410744,0.0862098272860879
"440670",0.146452141700863,0.320004049219487,0.252058913782989,0.0679451354364978,0.173551907518624,0.105606772082126
"350965",0.729030956120745,0.275301114432645,0.466668136096879,-0.191367021664235,-0.4537298416881,-0.262362820023866
"96858",0.207452336100489,0.369894345176139,0.287766661362261,0.0821276838138779,0.162442009075651,0.0803143252617728
"123977",0.0679475650233813,0.232218813293202,0.151948432936203,0.0802703803569986,0.164271248269821,0.0840008679128221
"321535",0.0590089934716122,0.0535333187944329,0.0560009661141649,-0.002467647319732,-0.00547567467717929,-0.00300802735744729
"110908",0.487100867845851,1.87035927582348,1.27939808483026,0.590961190993216,1.38325840797763,0.792297216984414
"355841",0.320697446211095,0.996443701089987,0.72071992454142,0.275723776548567,0.675746254878892,0.400022478330325
"433493",0.719326445386758,1.07582487459522,0.91272592825324,0.163098946341984,0.356498429208466,0.193399482866482
"235553",1.70589491040234,0.897658235971282,1.22298864489189,-0.325330408920605,-0.808236674431059,-0.482906265510453
"506028",3.17132071943135,2.04103102939754,2.41775573336617,-0.376724703968632,-1.1302896900338,-0.753564986065172
"154602",0.833750398782473,1.41977524995019,1.18534644745213,0.234428802498055,0.586024851167714,0.351596048669659
"386526",2.48054697794283,0.172773765253966,2.48054697794283,-2.30777321268887,-2.30777321268887,0
"234481",0.0858837656341074,0.27212382622181,0.180129687118562,0.0919941391032483,0.186240060587703,0.0942459214844548
"418881",1.43134812052253,0.707551053220423,0.957232392587056,-0.249681339366634,-0.723797067302106,-0.474115727935472
"314982",0.190495595086459,0.450380195011758,0.342823603222141,0.107556591789618,0.259884599925299,0.152328008135681
"305882",0.802881603689299,1.57686447101738,1.25753649860409,0.319327972413293,0.773982867328081,0.454654894914788
"490827",0.457368021170817,1.83408711802899,1.27828262222091,0.555804495808083,1.37671909685818,0.820914601050093
"518567",5.92931162498297,3.0155882415705,3.88948565232224,-0.873897410751735,-2.91372338341246,-2.03982597266073
"249986",1e-08,0.744580490510803,0.389935753196658,0.354644737314144,0.744580480510803,0.389935743196658
"542631",1e-08,0.285877330486877,0.137855709653024,0.148021620833853,0.285877320486877,0.137855699653024
"556257",0.501759733298614,0.387646911136426,0.437898521219053,-0.0502516100826266,-0.114112822162187,-0.0638612120795607
"325238",1.43902247900213,3.82212031721719,3.09730839658976,0.724811920627436,2.38309783821506,1.65828591758763
"366698",1.44495222851456,2.47971336530249,2.05118836475071,0.428525000551783,1.03476113678793,0.606236136236149
"375029",0.520556852949788,1.61717577068925,1.08362383156952,0.533551939119723,1.09661891773946,0.563066978619735
"446259",0.690261418881781,0.702259406768031,0.697511403127656,0.00474800364037509,0.01199798788625,0.00724998424587486
"14858",0.540506195602798,1.64254222487531,1.20872906540782,0.43381315946749,1.10203602927251,0.668222869805024
"72015",1.94369028047239,1.40122572481751,1.60232382616554,-0.201098101348036,-0.542464555654879,-0.341366454306843
"120274",0.3119753606945,1.42094101525715,0.888045930243793,0.532895085013359,1.10896565456265,0.576070569549293
"227617",10,3.57668793516483,5.37877110347934,-1.80208316831451,-6.42331206483517,-4.62122889652066
"337911",2.09943339110789,1.85520174324194,1.95166900512798,-0.0964672618860325,-0.244231647865946,-0.147764385979913
"470596",1.96133507193397,1.48774172932419,1.65833289953543,-0.170591170211231,-0.473593342609773,-0.303002172398543
"567270",9.60203138421942,4.32682826424101,5.53126077259218,-1.20443250835118,-5.27520311997842,-4.07077061162724
"286173",0.13583117707407,0.62228795972885,0.409651019543642,0.212636940185208,0.48645678265478,0.273819842469572
"453912",1.90773396825791,1.21800440881503,1.45427040722483,-0.236265998409797,-0.689729559442879,-0.453463561033081
"178858",0.0088755607913746,1.42835744552209,0.809631894282715,0.61872555123937,1.41948188473071,0.80075633349134
"84956",0.524324276968475,1.0571500605134,0.819379128498054,0.237770932015343,0.532825783544923,0.29505485152958
"327960",4.91663446587314,3.36753824753196,3.85151749274823,-0.483979245216276,-1.54909621834118,-1.06511697312491
"549399",1.47704759330878,2.14586539626682,1.88076850667346,0.265096889593358,0.668817802958039,0.403720913364681
"16984",2.42567422569729,0.584014881446177,1.10888487693718,-0.524869995491007,-1.84165934425111,-1.3167893487601
"157074",0.0962896968591313,0.630970928040919,0.399466210564777,0.231504717476142,0.534681231181788,0.303176513705646
"438693",2.23440233536629,1.25337873010576,1.60273994930347,-0.349361219197706,-0.981023605260527,-0.631662386062821
"517862",2.61508454335638,1.42783327466959,1.89031379499016,-0.462480520320566,-1.18725126868679,-0.724770748366226
"480502",0.820141461190179,0.932819588896056,0.896241336621791,0.0365782522742644,0.112678127705877,0.0760998754316123
"84145",0.159720799865323,0.31714854521791,0.240748062745534,0.0764004824723757,0.157427745352587,0.081027262880211
"265389",0.288742359546399,0.234402602206156,0.25996152418778,-0.0255589219816245,-0.0543397573402438,-0.0287808353586193
"251458",1.35237295996576,0.463309554702654,0.824949319275538,-0.361639764572885,-0.889063405263106,-0.527423640690221
"120566",0.304772899596101,1.40533216141049,0.899189053495555,0.506143107914934,1.10055926181439,0.594416153899454
"233781",0.344885814566221,1.12087254614727,0.779828654179729,0.341043891967543,0.775986731581051,0.434942839613508
"93475",3.46052144868761,2.29378626933636,2.71314973116037,-0.419363461824017,-1.16673517935125,-0.747371717527234
"90924",0.0540179093741009,0.143351030728112,0.100663656964756,0.0426873737633553,0.0893331213540107,0.0466457475906554
"213224",0.078560573187692,0.207981397362115,0.154003000049416,0.0539783973126995,0.129420824174423,0.075442426861724
"56299",2.42622838441432,3.21955327781266,2.91197794393935,0.307575333873301,0.793324893398333,0.485749559525032
"14269",0.0593939256354854,0.255906053015389,0.164934969814027,0.0909710832013626,0.196512127379904,0.105541044178541
"97897",0.171044009025221,0.319381652856164,0.252578826173402,0.0668028266827622,0.148337643830943,0.0815348171481809
"432124",0.808313577418866,1.5578185139554,1.18263181088125,0.375186703074149,0.74950493653653,0.374318233462381
"68685",0.0486557048641978,0.0883454150021943,0.0687578052040502,0.0195876097981441,0.0396897101379965,0.0201021003398524
"166852",6.26915726668772,2.91511331670231,3.93526251776114,-1.02014920105883,-3.3540439499854,-2.33389474892658
"579164",10,4.26641605441865,5.71093065211414,-1.44451459769549,-5.73358394558135,-4.28906934788586
"361619",5.77028606671284,2.24000402435543,3.23551569088435,-0.995511666528911,-3.53028204235741,-2.5347703758285
"324028",1.73884306452336,2.27831195886948,2.05455498183932,0.223756977030162,0.539468894346118,0.315711917315957
"335027",2.76557418338683,2.88584136021199,2.84124207754094,0.044599282671046,0.120267176825156,0.07566789415411
"135457",2.04128380078432,1.98235909557239,2.00569677144414,-0.0233376758717512,-0.0589247052119335,-0.0355870293401823
"139647",3.64011499268086,2.39882912110686,2.84994015558797,-0.451111034481111,-1.241285871574,-0.790174837092886
"158827",6.09268890352076,3.53747634212178,4.35383668573018,-0.816360343608399,-2.55521256139898,-1.73885221779058
"164479",2.40297890046192,1.08179233211135,1.53929561793691,-0.457503285825564,-1.32118656835057,-0.86368328252501
"456477",4.10444214724421,1.88453995793976,2.65604619236729,-0.771506234427532,-2.21990218930445,-1.44839595487692
"531366",3.26797069842912,2.89158442166825,3.03421902157638,-0.142634599908134,-0.376386276760877,-0.233751676852744
"578823",2.13750530265803,1.1403706465296,1.47393084979231,-0.333560203262718,-0.997134656128432,-0.663574452865713
"163063",0.152704440519039,1.6453814924264,1.07782810791423,0.567553384512169,1.49267705190736,0.925123667395189
"351802",0.314861531522188,0.451595090013733,0.393764241843232,0.0578308481705006,0.136733558491545,0.0789027103210443
"129500",0.174301464182386,0.342374831874788,0.263308135885416,0.0790666959893726,0.168073367692402,0.0890066717030295
"226633",0.148349407246432,0.474515641337786,0.315048589449893,0.159467051887893,0.326166234091354,0.166699182203461
"264827",0.959993674104197,0.514239782719558,0.685228598510188,-0.17098881579063,-0.445753891384639,-0.274765075594009
"432623",0.0457706791157203,0.545961887583506,0.284527283245059,0.261434604338447,0.500191208467786,0.238756604129339
"564797",0.115742759624376,0.28793216435689,0.208917783080924,0.0790143812759655,0.172189404732514,0.0931750234565486
"547081",2.69578899660859,0.974545802385303,1.57469399277715,-0.600148190391844,-1.72124319422328,-1.12109500383144
"188936",1.11711786527517,1.61033017350955,1.39512539000384,0.215204783505706,0.493212308234377,0.278007524728671
"559669",1.79501914775066,0.502166589453705,0.939875452563773,-0.437708863110069,-1.29285255829696,-0.855143695186891
"289895",2.57926627257043,3.44739812118852,3.11549696192037,0.33190115926815,0.868131848618096,0.536230689349946
"201164",1.04603411961688,0.32388578034861,0.569352680225149,-0.245466899876539,-0.722148339268271,-0.476681439391732
"476227",0.913023959338652,0.771424655750752,0.832853759832984,-0.0614291040822323,-0.1415993035879,-0.0801701995056676
"30487",1.19875657698182,0.349911278767491,0.658731291763291,-0.3088200129958,-0.84884529821433,-0.54002528521853
"310296",0.493287221725561,1.21323999948399,0.892916885180874,0.320323114303113,0.719952777758426,0.399629663455313
"521077",0.454224643789041,1.83058944155103,1.2390038938021,0.591585547748933,1.37636479776199,0.784779250013055
"235588",3.33776091469497,2.59496770639892,2.79103979311183,-0.196072086712914,-0.742793208296056,-0.546721121583142
"413039",1.09761916776836,1.34003089134743,1.23971219416725,0.100318697180182,0.242411723579067,0.142093026398885
"87594",0.364690127188637,0.803308168532051,0.630959125213088,0.172349043318962,0.438618041343414,0.266268998024451
"345013",0.585484222233963,0.962389626603041,0.801195898246362,0.16119372835668,0.376905404369078,0.215711676012398
"156553",1e-08,0.249736262963982,0.133668909706624,0.116067353257358,0.249736252963982,0.133668899706624
"410470",0.496522621596597,0.796962587881661,0.681599202185809,0.115363385695853,0.300439966285064,0.185076580589212
"239099",0.198487205081542,0.425482525921629,0.306953093396427,0.118529432525202,0.226995320840087,0.108465888314885
"321915",0.514588948143434,1.36256994090839,0.958095439736583,0.404474501171804,0.847980992764952,0.443506491593148
"264610",0.837629980496467,2.07334560179022,1.52126269712823,0.552082904661994,1.23571562129375,0.68363271663176
"500160",3.22401017923075,2.78370031039302,2.94857718304651,-0.164876872653486,-0.44030986883773,-0.275432996184244
"578767",1.43774983850626,2.02409888121724,1.79778852475093,0.226310356466308,0.586349042710979,0.360038686244671
"532169",0.272572156969971,1.08986914773535,0.742256829573125,0.347612318162227,0.817296990765381,0.469684672603154
"369675",0.731455597795033,0.81308112105218,0.779281286144291,0.033799834907889,0.0816255232571464,0.0478256883492575
"162467",0.725546381872051,1.30710456913435,1.08586695115975,0.221237617974599,0.581558187262297,0.360320569287698
"277017",1.35941249792587,1.38855643496334,1.37615113510731,0.0124052998560251,0.0291439370374604,0.0167386371814353
"420705",0.337765817022672,0.556698031003091,0.459685115331242,0.0970129156718487,0.218932213980419,0.121919298308571
"180113",2.54546980330352,1.60571966731038,1.98138252508202,-0.375662857771641,-0.939750135993143,-0.564087278221502
"432288",1.69421188453863,1.97055202583974,1.86168262255074,0.108869403289005,0.276340141301111,0.167470738012106
"214210",0.103196823335704,0.50678813517052,0.309778670131902,0.197009465038618,0.403591311834816,0.206581846796198
"52058",1.04042406534313,1.72165077868679,1.40968361366575,0.311967165021041,0.681226713343663,0.369259548322623
"195649",2.8671336095306,1.70562260368749,2.06359476003712,-0.357972156349627,-1.16151100584311,-0.803538849493487
"422773",3.13939113966279,2.56592606501561,2.77522631737353,-0.209300252357911,-0.573465074647178,-0.364164822289267
"484821",1.91456818429505,0.698126854897638,1.16713051192551,-0.469003657027871,-1.21644132939741,-0.747437672369538
"537041",0.218872770318994,0.836286418617081,0.539853356080005,0.296433062537076,0.617413648298087,0.32098058576101
"412727",7.66720041920938,1.95762201149555,3.57094437461482,-1.61332236311927,-5.70957840771382,-4.09625604459456
"97218",2.42572988976821,1.17736930077375,1.62413311331225,-0.446763812538501,-1.24836058899446,-0.801596776455961
"143057",1.42954341220811,2.32910596561412,1.96180317213891,0.367302793475206,0.899562553406006,0.532259759930799
"537187",2.79686834789615,2.96592949391916,2.90395137870388,0.0619781152152767,0.169061146023004,0.107083030807727
"82418",0.809153346742092,1.84099520415651,1.38178412605197,0.459211078104548,1.03184185741442,0.572630779309873
"339758",0.330574766038369,0.642289634228455,0.497084054888029,0.145205579340427,0.311714868190086,0.16650928884966
"112606",1.62624261979595,1.80604777118789,1.7375698975144,0.0684778736734866,0.179805151391932,0.111327277718445
"208784",6.40327351522743,2.15997387990426,3.34792969283285,-1.18795581292859,-4.24329963532317,-3.05534382239458
"237911",3.86967895647538,2.56255851642455,2.92212352512553,-0.359565008700978,-1.30712044005083,-0.947555431349849
"62409",0.566836729259484,0.612603915111474,0.59085473389552,0.0217491812159539,0.0457671858519897,0.0240180046360358
"49767",0.356728442141977,1.0834297425238,0.761996898694335,0.321432843829464,0.726701300381822,0.405268456552358
"309343",5.83126900449895,3.08082263629559,3.9179487226853,-0.837126086389711,-2.75044636820336,-1.91332028181365
"418685",1e-08,0.146508814081032,0.0857461676675125,0.0607626464135193,0.146508804081032,0.0857461576675125
"152919",0.0352729583527316,0.254182261430511,0.156459613519142,0.0977226479113689,0.218909303077779,0.12118665516641
"400035",0.271563157606654,0.48648278003655,0.393469880897204,0.0930128991393457,0.214919622429896,0.12190672329055
"24406",0.179322687171265,0.155022807156454,0.16599470437579,-0.0109718972193369,-0.0242998800148115,-0.0133279827954746
"568638",0.736793532334719,0.569676359431303,0.631498881993164,-0.061822522561861,-0.167117172903416,-0.105294650341555
"403574",2.11211668784789,1.3144189815394,1.60281199985682,-0.288393018317419,-0.797697706308488,-0.50930468799107
"541928",1.17516328318479,1.1407858039982,1.15425132284469,-0.0134655188464841,-0.034377479186585,-0.0209119603401009
"432614",0.380063404621918,0.555310324573337,0.479178829643032,0.0761314949303047,0.175246919951418,0.0991154250211135
"475520",3.46135764231065,1.46464764541513,2.13208506844474,-0.667437423029613,-1.99670999689552,-1.32927257386591
"375350",0.139231671834838,0.573189924874179,0.346423312767757,0.226766612106423,0.433958253039341,0.207191640932918
"94939",1.10020096151104,0.918179213052828,0.983702691622628,-0.0655234785698001,-0.182021748458207,-0.116498269888407
"68896",0.460688344307064,1.12452545991362,0.892831616979731,0.231693842933888,0.663837115606555,0.432143272672667
"179544",0.630571642209068,1.41639369341276,1.10979603321169,0.306597660201075,0.785822051203694,0.479224391002619
"19797",3.95062974298195,1.89766250502849,2.61055594595821,-0.712893440929719,-2.05296723795346,-1.34007379702374
"339230",6.16433152350255,2.46922310800618,3.54436765274988,-1.0751445447437,-3.69510841549637,-2.61996387075268
"404476",6.77907915706432,2.54915006586001,3.80354514202633,-1.25439507616632,-4.22992909120431,-2.97553401503799
"456155",9.72707343519918,4.29985638526003,5.55624659800028,-1.25639021274024,-5.42721704993914,-4.1708268371989
"495883",3.95045832569203,1.98922725970026,2.67738884569837,-0.688161585998109,-1.96123106599177,-1.27306947999366
"349724",1.12881856674489,2.53729336700761,1.92766102815994,0.609632338847669,1.40847480026272,0.798842461415052
"435543",0.430205398109214,0.887237045528679,0.652569509752006,0.234667535776672,0.457031647419465,0.222364111642793
"227815",1e-08,0.115330231705917,0.0542803631175277,0.0610498685883894,0.115330221705917,0.0542803531175277
"217008",0.138848295409713,0.19998507086773,0.171717397189444,0.0282676736782854,0.0611367754580165,0.0328691017797311
"360358",1e-08,0.184666007884364,0.11070038079862,0.0739656270857441,0.184665997884364,0.11070037079862
"193462",5.45346349877663,2.32219077214899,3.19757481309692,-0.87538404094793,-3.13127272662765,-2.25588868567972
"566845",2.02071531649057,1.40675922992487,1.63015164815326,-0.22339241822839,-0.613956086565703,-0.390563668337313
"117173",10,9.91497204213407,10,-0.0850279578659325,-0.0850279578659325,0
"126386",9.83513116615341,5.46920858070514,6.55567594227345,-1.0864673615683,-4.36592258544827,-3.27945522387997
"152359",10,9.91497204213407,10,-0.0850279578659325,-0.0850279578659325,0
"164271",2.40259837901219,2.84303339081262,2.67573789052024,0.167295500292386,0.440435011800434,0.273139511508048
"164611",9.36185361643333,5.41789612837787,6.38926372513052,-0.971367596752659,-3.94395748805547,-2.97258989130281
"165571",10,4.0856005834911,5.66550122972542,-1.57990064623432,-5.9143994165089,-4.33449877027458
"167248",2.47648588678031,2.18963923283067,2.29048000942501,-0.100840776594339,-0.286846653949638,-0.186005877355298
"231124",2.63920751609402,1.12334261794005,1.55395598530636,-0.430613367366316,-1.51586489815397,-1.08525153078765
"235250",2.27701887370316,2.28811537022828,2.28414324233351,0.00397212789476864,0.0110964965251226,0.00712436863035393
"24391",9.19744251994369,5.49982863137465,6.41202446998477,-0.91219583861012,-3.69761388856904,-2.78541804995892
"281022",10,7.89625727272252,10,-2.10374272727748,-2.10374272727748,0
"31868",10,9.91497204213407,10,-0.0850279578659325,-0.0850279578659325,0
"346223",10,4.11676089438731,5.58552130141708,-1.46876040702977,-5.88323910561269,-4.41447869858292
"360831",4.31137092358346,4.39088734025113,4.36370680818467,0.0271805320664571,0.079516416667671,0.0523358846012139
"377097",4.9809393828233,2.98313722174207,3.59267722101774,-0.609539999275664,-1.99780216108123,-1.38826216180557
"424087",10,3.88570449047855,5.41314992997085,-1.52744543949229,-6.11429550952145,-4.58685007002915
"437786",2.23546440454774,3.08936546639777,2.76070241462915,0.328663051768628,0.853901061850032,0.525238010081404
"465270",10,9.91497204213407,10,-0.0850279578659325,-0.0850279578659325,0
"472206",3.73828721286288,5.65489698056416,4.97855937729613,0.67633760326803,1.91660976770128,1.24027216443325
"481004",9.02060445363096,6.50805538570938,7.15896417364856,-0.650908787939176,-2.51254906792158,-1.8616402799824
"484851",5.11877320094333,3.54631164727222,4.05481382267897,-0.508502175406743,-1.57246155367111,-1.06395937826436
"513180",10,9.304808855204,10,-0.695191144795999,-0.695191144795999,0
"529562",2.3101156209757,2.39793898720858,2.36651371894536,0.0314252682632206,0.0878233662328736,0.056398097969653
"550947",4.46179859608184,4.00339266914141,4.15252220458839,-0.14912953544698,-0.45840592694043,-0.30927639149345
"575879",2.19695897665311,3.03174441168363,2.71326987636077,0.318474535322868,0.834785435030521,0.516310899707654
"579137",9.62906993727449,4.96050017045187,6.08702947225885,-1.12652930180698,-4.66856976682262,-3.54204046501564
"75897",4.36593072541573,4.94596332673019,4.7463634942787,0.199599832451482,0.580032601314455,0.380432768862973
"82624",10,3.47542278215902,5.25216691790524,-1.77674413574621,-6.52457721784098,-4.74783308209476
"83596",4.59118263908872,3.88920344910402,4.11634711810324,-0.227143668999224,-0.701979189984699,-0.474835520985475
"97064",10,8.76107119419552,10,-1.23892880580448,-1.23892880580448,0
"308391",0.29281374071884,0.916329214620842,0.611335522208552,0.30499369241229,0.623515473902002,0.318521781489712
"275049",1.18793381198399e-08,0.611530409145945,0.345452932592249,0.266077476553696,0.611530397266607,0.345452920712911
"576829",0.924685823406834,0.723179599699433,0.808485180399905,-0.0853055807004727,-0.201506223707402,-0.116200643006929
"351848",2.23203152448904,1.76847463256846,1.95636451409096,-0.187889881522504,-0.463556891920583,-0.275667010398079
"70428",3.93358152436008,1.99085357591044,2.68207640287982,-0.691222826969384,-1.94272794844964,-1.25150512148026
"149235",1.73818573725551,3.76392422832558,2.97138759046152,0.792536637864057,2.02573849107007,1.23320185320601
"194699",1.15066764688655,2.54951255550287,1.9828936763684,0.566618879134464,1.39884490861632,0.832226029481856
"360301",1.95846307691396,3.45382357805564,2.88338299309012,0.570440584965518,1.49536050114167,0.924919916176155
"403423",2.319230273379,3.37462842123177,2.97723661368176,0.397391807550006,1.05539814785277,0.658006340302765
"426789",2.12300837053203,1.61733817568073,1.81294312067875,-0.195604944998022,-0.505670194851301,-0.310065249853279
"488870",0.805406709225413,1.11712194524393,1.00414626120218,0.112975684041751,0.311715236018518,0.198739551976768
"399534",4.38712564119028,3.47405810186994,3.76381752606062,-0.289759424190677,-0.913067539320342,-0.623308115129665
"261725",1.01188694334888,1.36067226746065,1.21916696481432,0.141505302646327,0.348785324111775,0.207280021465448
"17426",8.76392236265269,5.46017796592934,6.27228585739035,-0.812107891461014,-3.30374439672336,-2.49163650526234
"385543",3.39401708797516,1.82671549294226,2.35228320006417,-0.525567707121909,-1.5673015950329,-1.04173388791099
"452277",0.189564011697719,1.15447361843523,0.758499256484564,0.395974361950668,0.964909606737513,0.568935244786845
"42555",2.63873479255395,2.17068247541326,2.32293881581629,-0.152256340403031,-0.468052317140694,-0.315795976737663
"544607",0.043197730451786,0.14629371633006,0.100517876269225,0.045775840060835,0.103095985878274,0.0573201458174388
"530357",0.0903757113393854,0.416160300108638,0.255878025163155,0.160282274945484,0.325784588769253,0.165502313823769
"17840",1e-08,0.40118787153984,0.194180504483878,0.207007367055962,0.40118786153984,0.194180494483878
"138870",0.312083496449165,1.02345319178808,0.723823084163135,0.299630107624941,0.711369695338912,0.411739587713971
"287635",0.178815502546796,0.130561460974127,0.154277968456585,-0.0237165074824583,-0.0482540415726687,-0.0245375340902104
"37433",1.12070051268722,0.707114168316706,0.885632477358096,-0.178518309041391,-0.413586344370513,-0.235068035329123
"388221",0.503695004858393,0.606558941743503,0.571350525412384,0.0352084163311194,0.10286393688511,0.0676555205539907
"221270",5.96103221471594,2.63825364569129,3.62781921140611,-0.989565565714824,-3.32277856902466,-2.33321300330983
"180178",0.712095988410211,0.622533502332913,0.65681231511387,-0.034278812780957,-0.0895624860772982,-0.0552836732963412
"245745",1e-08,0.314114209306385,0.158261639440094,0.155852569866291,0.314114199306385,0.158261629440094
"97059",0.242973831360761,0.751388943981784,0.512109135922302,0.239279808059482,0.508415112621023,0.269135304561541
"571460",0.163864081293154,1.55153133367625,0.875002707787028,0.676528625889222,1.3876672523831,0.711138626493874
"238780",1.63265400704744,1.60172273105679,1.61293685285912,-0.0112141218023301,-0.0309312759906493,-0.0197171541883192
"37369",1.13349397647185,2.93842853854787,2.29121078570061,0.64721775284726,1.80493456207601,1.15771680922875
"375876",0.323031432160359,0.341167126152018,0.334095157407814,0.00707196874420402,0.0181356939916583,0.0110637252474542
"113317",2.84683249613667,2.9525896784643,2.91312853064468,0.0394611478196221,0.105757182327631,0.0662960345080092
"172833",3.18647726690054,2.66356329651774,2.85738383394398,-0.193820537426241,-0.522913970382798,-0.329093432956557
"229419",2.00546678975619,3.75966363461023,3.07067801054271,0.688985624067517,1.75419684485404,1.06521122078652
"253489",4.072018640253,4.05014446413351,4.04169401855129,0.00845044558221808,-0.0218741761194883,-0.0303246217017064
"49842",0.959958988621772,1.45994233271985,1.25540772946392,0.204534603255929,0.499983344098074,0.295448740842146
"275201",2.16435842222985,1.84601488953501,1.97466418814256,-0.128649298607546,-0.318343532694843,-0.189694234087297
"478412",1.54629140305069,1.23783604536016,1.36879938305069,-0.130963337690527,-0.30845535769053,-0.177492020000002
"410129",0.56540800798594,0.69298823493157,0.644650324974944,0.0483379099566265,0.12758022694563,0.0792423169890033
"15997",5.81934950996019,3.69004995344232,4.11703792957654,-0.426987976134219,-2.12929955651787,-1.70231158038365
"146698",2.95221547265634,2.35853456269013,2.56346635646944,-0.20493179377931,-0.593680909966213,-0.388749116186903
"131594",1.93826176835601,0.72640658175724,1.19524723816396,-0.46884065640672,-1.21185518659877,-0.743014530192054
"147868",0.0925818322329063,0.259455279570814,0.185286406321449,0.0741688732493648,0.166873447337908,0.0927045740885428
"174753",1.88844302339366,0.596302154336567,1.06479699387385,-0.468494839537283,-1.29214086905709,-0.823646029519811
"529653",4.76257006857282,1.13183878861141,2.26328449813601,-1.1314457095246,-3.63073127996141,-2.49928557043681
"356514",0.159490625872666,0.147085173009809,0.15262960105603,-0.00554442804622088,-0.0124054528628567,-0.00686102481663586
"553887",0.330400668202126,0.350123536047753,0.340829903621009,0.00929363242674425,0.0197228678456269,0.0104292354188826
"537517",4.93912557868387,2.41625545966851,3.08240951657136,-0.666154056902848,-2.52287011901536,-1.85671606211251
"536628",1.47427012951409,0.471074375962658,0.883741658240549,-0.412667282277891,-1.00319575355144,-0.590528471273544
"112641",2.63025878272051,3.26169818521491,3.01798334552598,0.243714839688931,0.631439402494405,0.387724562805475
"165044",2.74099116870995,2.8770974221347,2.8266736569563,0.0504237651784019,0.136106253424759,0.0856824882463574
"227083",5.61834750771698,3.18872433948178,3.93688103186525,-0.74815669238347,-2.42962316823519,-1.68146647585172
"253285",10,3.20996824334513,5.15960046703607,-1.94963222369094,-6.79003175665487,-4.84039953296393
"294809",0.387946537270601,1.59160466830207,1.1047893980992,0.486815270202878,1.20365813103147,0.716842860828595
"213833",6.62417059342906,2.17092154644282,3.44645046448819,-1.27552891804536,-4.45324904698623,-3.17772012894087
"3136",10,3.98133159423952,5.76929302935001,-1.78796143511049,-6.01866840576048,-4.23070697064999
"60461",5.58810916951488,3.40419183599903,4.09847845349292,-0.694286617493883,-2.18391733351584,-1.48963071602196
"70034",6.24633093629687,3.10494582395403,3.70609790743411,-0.601152083480089,-3.14138511234284,-2.54023302886275
"399026",0.344313403838379,0.650974600171149,0.505007363517491,0.145967236653658,0.30666119633277,0.160693959679112
"20688",4.22409397460917,1.26571821154347,2.18874631787554,-0.923028106332068,-2.95837576306571,-2.03534765673364
"117287",1.52678434357635,2.04306160881425,1.84498228590422,0.198079322910029,0.516277265237903,0.318197942327874
"233165",1.06715185962242,0.578356867657167,0.779017992725994,-0.200661125068827,-0.488794991965253,-0.288133866896427
"487948",1.24995191348467,1.19136058327657,1.21518248118702,-0.0238218979104488,-0.0585913302081056,-0.0347694322976568
"22812",1.6834082414997,1.07078672491012,1.32584734217449,-0.255060617264362,-0.612621516589578,-0.357560899325216
"526656",9.33859612749298,5.03130191282393,6.08010309265584,-1.04880117983191,-4.30729421466906,-3.25849303483715
"95085",3.29248182104979,2.18918657243319,2.57730032667491,-0.388113754241719,-1.1032952486166,-0.715181494374885
"205689",6.00366873359398,3.17617400172489,4.05274027652067,-0.876566274795786,-2.82749473186909,-1.9509284570733
"206292",10,3.93996792572379,5.71529034558563,-1.77532241986183,-6.06003207427621,-4.28470965441437
"373456",0.728982326560893,1.13511055660742,0.998572726295928,0.136537830311487,0.406128230046522,0.269590399735035
"61963",9.92392688577778,4.67017867690221,5.90346909710157,-1.23329042019936,-5.25374820887557,-4.02045778867621
"420232",0.0101010975857283,0.0348737079085657,0.0233615523518794,0.0115121555566862,0.0247726103228373,0.0132604547661511
"495755",1e-08,0.383337460546525,0.1858818565674,0.197455603979126,0.383337450546525,0.1858818465674
"551781",0.120682352232805,0.345067596904301,0.244367058029904,0.100700538874397,0.224385244671496,0.123684705797099
"59975",1.83375953763891,0.829605444657026,1.23152657962261,-0.401921134965581,-1.00415409298188,-0.602232958016303
"175710",0.0196867588731305,0.210705405269306,0.139479354638757,0.0712260506305483,0.191018646396175,0.119792595765627
"205040",2.87484876051494,2.10706600480838,2.32861546650547,-0.221549461697082,-0.767782755706561,-0.546233294009479
"256296",1.2607354879643,1.05982593152062,1.13850890098542,-0.0786829694648055,-0.200909556443681,-0.122226586978875
"521326",3.62284344520313,1.95606905680583,2.53369456958055,-0.577625512774717,-1.6667743883973,-1.08914887562258
"93355",3.06755542349386,0.684131823707396,1.46932057308847,-0.785188749381074,-2.38342359978646,-1.59823485040539
"247112",0.287478766476427,1.31724230244132,0.802229975363256,0.515012327078059,1.02976353596489,0.514751208886829
"492869",0.505082903869989,0.6082916693042,0.56989592021521,0.0383957490889897,0.10320876543421,0.0648130163452206
"321451",1e-08,0.0907673097403275,0.0499086823183608,0.0408586274219667,0.0907672997403275,0.0499086723183608
"7681",0.211248440174126,0.297756170079558,0.255472654605512,0.0422835154740464,0.0865077299054314,0.0442242144313851
"233482",10,3.06898092375098,4.97661308828852,-1.90763216453754,-6.93101907624902,-5.02338691171148
"357695",3.54792738099906,2.37638571689175,2.80422434610715,-0.427838629215401,-1.1715416641073,-0.7437030348919
"406089",0.438649829205303,0.889099388252765,0.709327441587054,0.179771946665711,0.450449559047462,0.270677612381751
"241862",3.26752474099004,4.4533204002959,4.07380492435112,0.379515475944778,1.18579565930585,0.806280183361076
"416626",0.437905337534218,1.18838344294749,0.858125982262592,0.3302574606849,0.750478105413274,0.420220644728374
"78121",1e-08,0.316766455111589,0.182396203838454,0.134370251273135,0.316766445111589,0.182396193838454
"54959",1e-08,1.61039940859624,0.880988924648548,0.729410483947687,1.61039939859624,0.880988914648548
"325586",0.244417924174185,0.461275013338602,0.367198579801291,0.0940764335373108,0.216857089164417,0.122780655627106
"271232",4.01443448537119,1.63016544342186,2.42193422898604,-0.791768785564182,-2.38426904194933,-1.59250025638515
"67690",0.463443615308547,0.494490618710944,0.48081909919608,0.0136715195148644,0.0310470034023978,0.0173754838875333
"191239",0.383896447543635,0.532540726880478,0.465701826901421,0.0668388999790567,0.148644279336843,0.0818053793577865
"133321",0.227952548320259,0.820319811447828,0.544076678066533,0.276243133381295,0.592367263127568,0.316124129746274
"378538",0.388504534683133,0.45794932253414,0.426953456499545,0.0309958660345946,0.0694447878510062,0.0384489218164116
"283451",0.365150188636183,0.22382499489443,0.272374754640463,-0.0485497597460326,-0.141325193741752,-0.0927754339957199
"537285",1.3883634674567,1.38113132535407,1.38433380467232,-0.00320247931825768,-0.00723214210263623,-0.00402966278437855
"80042",1.92018409833364,1.66948622355865,1.76633145309289,-0.0968452295342415,-0.250697874774988,-0.153852645240746
"169855",0.14834396889069,0.727477469668564,0.456706570850035,0.270770898818529,0.579133500777875,0.308362601959345
"80167",1.0778663921962,1.59809983991596,1.3715782087044,0.226521631211562,0.520233447719767,0.293711816508205
"89261",0.215876982649123,0.291568728758364,0.254602046095107,0.0369666826632568,0.0756917461092404,0.0387250634459837
"20318",1e-08,0.194939934342081,0.124042155713891,0.0708977786281904,0.194939924342081,0.124042145713891
"251546",3.22176696560379,4.16291930528504,3.86483542285651,0.298083882428533,0.94115233968125,0.643068457252717
"552782",1e-08,0.141646602311787,0.069208215283982,0.0724383870278045,0.141646592311787,0.069208205283982
"529090",1e-08,0.95069291162038,0.407058561951306,0.543634349669073,0.95069290162038,0.407058551951306
"472358",0.534502038954118,2.26801674073725,1.46823452493993,0.799782215797324,1.73351470178314,0.933732485985812
"19575",0.111549885148331,0.280720564059369,0.200471583511093,0.0802489805482759,0.169170678911038,0.088921698362762
"194487",0.100498451315334,0.171772741169678,0.137220210914226,0.0345525302554521,0.0712742898543438,0.0367217595988918
"323900",0.135664566500067,1.12345862627344,0.706517343608444,0.416941282664994,0.987794059773372,0.570852777108377
"166442",6.15530712375817,2.97657222728337,3.94551632524991,-0.968944097966538,-3.1787348964748,-2.20979079850826
"267191",5.68250212131511,2.91732674078786,3.74371161536165,-0.826384874573791,-2.76517538052725,-1.93879050595346
"335218",3.25263924049346,2.47588146779587,2.75583422720319,-0.279952759407313,-0.776757772697588,-0.496805013290274
"352639",1.72499000269872,1.93010217518447,1.84891660525902,0.08118556992545,0.205112172485748,0.123926602560298
"494708",3.02608163922127,2.11350909020959,2.42028601169613,-0.30677692148654,-0.912572549011681,-0.605795627525141
"57379",1.96773961642928,1.33832188741294,1.56545582256378,-0.22713393515084,-0.629417729016337,-0.402283793865498
"365595",0.340417431798988,0.881522571062282,0.64391327452025,0.237609296542033,0.541105139263294,0.303495842721261
"326283",2.01844539605551,1.84827247854768,1.91646447322021,-0.0681919946725249,-0.170172917507825,-0.1019809228353
"466760",0.49799114023162,0.176067192200707,0.327907902596809,-0.151840710396102,-0.321923948030914,-0.170083237634811
"500794",4.85993220692509,3.03170886141803,3.5889290151315,-0.557220153713462,-1.82822334550706,-1.27100319179359
"323098",0.429058158340951,0.787896856960061,0.612838658810727,0.175058198149334,0.35883869861911,0.183780500469776
"320173",0.415754184234217,0.428252095475439,0.422511786705866,0.00574030876957282,0.012497911241222,0.00675760247164919
"113803",0.190927359528327,0.485211970891939,0.366689832006,0.11852213888594,0.294284611363612,0.175762472477673
"477131",0.0808314397678638,0.326290042032698,0.208647668299972,0.117642373732726,0.245458602264835,0.127816228532108
"229173",1.14335291365704,1.15586208306986,1.15085308555405,0.00500899751580408,0.0125091694128134,0.00750017189700936
"321326",2.62628969495022,3.42136303774952,3.11471859352632,0.306644444223196,0.795073342799297,0.488428898576101
"446231",0.566273231462204,0.383362152339473,0.459061197788698,-0.0756990454492243,-0.182911079122731,-0.107212033673506
"558315",3.72167346539824,1.85896296801913,2.49139988515302,-0.632436917133891,-1.86271049737911,-1.23027358024522
"575442",2.20592098204871,2.53541617528795,2.42424459114469,0.11117158414326,0.329495193239234,0.218323609095974
"285610",0.284845979554789,1.36636040455094,0.885557942464961,0.480802462085983,1.08151442499616,0.600711962910172
"405548",0.234265238821854,0.853498968967909,0.554404009924349,0.29909495904356,0.619233730146055,0.320138771102495
"201480",10,3.51047592727963,5.2400599408584,-1.72958401357877,-6.48952407272037,-4.7599400591416
"430113",3.34308929621637,2.79719433961544,3.00376041932511,-0.206566079709664,-0.545894956600928,-0.339328876891264
"149103",0.0412916005794794,0.0997713952353572,0.0716357141355772,0.02813568109978,0.0584797946558778,0.0303441135560978
"440088",0.0370356912328496,0.131103644431947,0.0821278951606707,0.048975749271276,0.094067953199097,0.0450922039278211
"374617",0.235043625512563,1.28212178630342,0.833678238588315,0.448443547715108,1.04707816079086,0.598634613075752
"411279",2.8724071822446,0.778197780950783,1.46665251361368,-0.688454732662901,-2.09420940129381,-1.40575466863091
"360549",3.67944337548784,2.00488920960921,2.57753949615193,-0.572650286542727,-1.67455416587863,-1.1019038793359
"266220",0.303828313940263,0.657286330716666,0.54190984107695,0.115376489639716,0.353458016776403,0.238081527136687
"500291",0.711400054678744,2.06925398568784,1.47079171982432,0.598462265863517,1.35785393100909,0.759391665145578
"489023",4.98393911356151,3.06900172859177,3.39736187089708,-0.328360142305306,-1.91493738496974,-1.58657724266443
"171958",5.28508951379009,3.60761320269832,4.1343963553076,-0.526783152609275,-1.67747631109177,-1.15069315848249
"190438",0.89525435368824,1.68886622211689,1.34029293210924,0.348573290007651,0.793611868428652,0.445038578421001
"385576",1.35472259839077,2.04006032041056,1.77833220885875,0.26172811155181,0.685337722019791,0.423609610467981
"483115",1.93760269970761,1.32654715558536,1.54060091277019,-0.214053757184834,-0.611055544122253,-0.397001786937419
"81536",0.0741336481260596,0.345166850510776,0.213276786516384,0.131890063994393,0.271033202384717,0.139143138390324
"503150",0.175888262405526,0.232854835927163,0.216361442976152,0.0164933929510112,0.0569665735216376,0.0404731805706265
"482998",0.0363545502372685,0.192373376200365,0.124683801839092,0.067689574361273,0.156018825963096,0.0883292516018232
"543842",0.298306267434748,0.400684517739185,0.356208019321996,0.0444764984171888,0.102378250304437,0.0579017518872482
"243514",0.0353837460423048,0.571244093104705,0.362521260389174,0.20872283271553,0.5358603470624,0.327137514346869
"25674",2.35608823314138,1.31299545716886,1.70502900527725,-0.392033548108387,-1.04309277597252,-0.651059227864134
"211153",0.0679195802934903,0.684763634910903,0.417977564384799,0.266786070526104,0.616844054617413,0.350057984091309
"206300",0.260378213339618,0.86719439031153,0.626865264844028,0.240329125467503,0.606816176971912,0.36648705150441
"400216",1.01025307408991,0.616361813768764,0.778678521150847,-0.162316707382084,-0.39389126032115,-0.231574552939066
"23212",0.529807903876646,0.594327340910263,0.564596826463201,0.0297305144470618,0.0645194370336167,0.034788922586555
"549122",1.95080521601644,1.38829268929311,1.59140038594372,-0.203107696650606,-0.562512526723324,-0.359404830072719
"39338",1e-08,0.181009531232938,0.0833639536957738,0.0976455775371643,0.181009521232938,0.0833639436957739
"151773",2.0607928898375,0.571348929454937,1.12859356963658,-0.557244640181643,-1.48944396038256,-0.932199320200917
"163094",4.31177762735106,4.80810905005103,4.64286699014577,0.165242059905261,0.496331422699976,0.331089362794715
"20089",9.83257057432529,5.14674656804088,6.28069732932524,-1.13395076128437,-4.68582400628442,-3.55187324500005
"217259",3.25699387308718,2.66824665452042,2.88790117220206,-0.219654517681639,-0.588747218566758,-0.369092700885119
"327542",2.24856916310867,3.85685674583861,3.2209419469619,0.635914798876717,1.60828758272994,0.972372783853224
"413861",5.57976771911312,3.66060952553803,4.27680132259487,-0.616191797056845,-1.91915819357509,-1.30296639651824
"551407",7.6616893613846,6.54359108930006,6.82623499725109,-0.282643907951037,-1.11809827208455,-0.835454364133509
"95605",5.71955658630266,3.16048835204281,3.95266277035073,-0.792174418307922,-2.55906823425985,-1.76689381595193
"237035",0.144602367450502,0.896286248759082,0.632621393379602,0.26366485537948,0.75168388130858,0.488019025929101
"115301",2.48327270472503,3.1055112122313,2.87270682661787,0.232804385613433,0.622238507506271,0.389434121892839
"396406",3.42516957403835,1.92233681612768,2.43390585903618,-0.511569042908504,-1.50283275791068,-0.991263715002171
"420710",5.39686498649224,3.29451725560798,3.94314683574114,-0.648629580133154,-2.10234773088425,-1.4537181507511
"48057",0.633323558662956,1.49361049167693,1.13449726575361,0.35911322592332,0.860286933013975,0.501173707090656
"60806",4.17832969147804,4.15906036279469,4.16451621694488,-0.00545585415019278,-0.0192693286833485,-0.0138134745331557
"325068",0.290818448644621,1.95429001637924,1.2768711423226,0.677418874056638,1.66347156773462,0.986052693677979
"78513",0.280027682665367,1.3506040162575,0.883889365066194,0.46671465119131,1.07057633359214,0.603861682400827
"500066",0.318035712053064,0.569764392329132,0.451818926494976,0.117945465834155,0.251728680276068,0.133783214441913
"533219",1e-08,0.240580834141078,0.127955738156017,0.112625095985061,0.240580824141078,0.127955728156017
"397641",2.12163106905999,1.09472209431228,1.43719856736632,-0.342476473054041,-1.02690897474771,-0.684432501693669
"97846",0.103022039782284,0.351171884300228,0.231690053934814,0.119481830365414,0.248149844517944,0.12866801415253
"411453",1e-08,0.304591206922174,0.157082076603052,0.147509130319122,0.304591196922174,0.157082066603052
"110422",7.14820152516824,2.20134082563797,3.62292248108112,-1.42158165544315,-4.94686069953027,-3.52527904408712
"192718",10,2.77098517027094,4.65673404876794,-1.885748878497,-7.22901482972906,-5.34326595123206
"561798",1.22419250396612,0.900954313993621,1.01905067545613,-0.118096361462511,-0.323238189972503,-0.205141828509992
"287258",2.10838227104157,0.299884952167238,2.10838227104157,-1.80849731887434,-1.80849731887434,0
"246782",0.0956215801710637,0.800501391848751,0.478645805352585,0.321855586496165,0.704879811677687,0.383024225181521
"367522",0.934805280131518,0.545922498780558,0.6967730807624,-0.150850581981842,-0.388882781350961,-0.238032199369119
"511414",1.14113594659942,0.66927655263779,0.824994271562919,-0.155717718925129,-0.471859393961625,-0.316141675036496
"542004",0.628596819404686,0.800560072288646,0.729676678710524,0.0708833935781213,0.171963252883959,0.101079859305838
"367122",0.80750316203375,0.728124043412284,0.760725361599387,-0.0326013181871033,-0.0793791186214666,-0.0467778004343633
"448197",1e-08,0.107092572258824,0.0527337331949345,0.0543588390638892,0.107092562258824,0.0527337231949345
"543224",6.00649198887725,2.42719663233834,3.03394537713753,-0.606748744799188,-3.57929535653891,-2.97254661173972
"300595",0.444442163684032,1.13034804397859,0.837573712202554,0.292774331776031,0.685905880294553,0.393131548518522
"30795",4.98337367447971,0.96040189247054,4.98337367447971,-4.02297178200917,-4.02297178200917,0
"137762",0.0819930814057583,0.432954464135021,0.259414714336301,0.17353974979872,0.350961382729262,0.177421632930542
"315073",4.1984736397603,1.86120021880159,2.6714546270018,-0.810254408200208,-2.3372734209587,-1.52701901275849
"354119",6.60989763205298,2.6884875591215,3.86399658049671,-1.17550902137521,-3.92141007293148,-2.74590105155627
"560047",9.70800930966459,4.48742155407848,5.71672000812067,-1.2292984540422,-5.22058775558611,-3.99128930154392
"235056",0.602526176254503,1.23068514254792,0.994165247723125,0.236519894824796,0.628158966293418,0.391639071468622
"156554",2.07243956493551,1.44642992242985,1.67665417291378,-0.230224250483933,-0.626009642505665,-0.395785392021732
"34901",2.72318271127372,3.21173149608362,3.02278881147422,0.188942684609398,0.488548784809901,0.299606100200503
"388307",0.0060620170185609,0.0452759759732485,0.025700942437504,0.0195750335357445,0.0392139589546876,0.0196389254189431
"491033",0.0543594826595589,0.218328915461777,0.142885467322535,0.075443448139242,0.163969432802218,0.0885259846629757
"297252",0.382500241414759,1.07204908198725,0.783328984176227,0.288720097811025,0.689548840572493,0.400828742761468
"63577",0.174778729689682,1.16039605511401,0.645274570315034,0.515121484798971,0.985617325424324,0.470495840625353
"41299",0.31389489609277,0.542037366110695,0.440620266294788,0.101417099815907,0.228142470017925,0.126725370202018
"409082",0.19060914106261,0.0755184206077642,0.128222191005821,-0.0527037703980573,-0.115090720454846,-0.0623869500567889
"467554",2.40347069056524,3.06641162449079,2.81712013227186,0.249291492218936,0.662940933925556,0.413649441706621
"140336",4.40936089532504,1.62187704353155,2.56806909234451,-0.946192048812958,-2.78748385179349,-1.84129180298053
"113306",0.112836912814762,0.207011782073715,0.158953338147436,0.048058443926279,0.0941748692589524,0.0461164253326733
"529163",0.479646878046782,0.481416225350992,0.480546866314524,0.000869359036467954,0.00176934730421013,0.00089998826774218
"314286",1.53923178977925,2.23839702178022,1.95601349750569,0.282383524274532,0.699165232000969,0.416781707726437
"383653",1.93944934351572,1.28818540124502,1.51305185769616,-0.224866456451141,-0.651263942270704,-0.426397485819563
"503173",0.697334228628846,2.39910325320334,1.69105957097235,0.708043682230982,1.70176902457449,0.993725342343509
"169401",2.21632347225574,0.466153029338165,1.08076857301955,-0.614615543681382,-1.75017044291758,-1.1355548992362
"480338",1.23738795950332,1.89509377484989,1.63443126628014,0.260662508569757,0.657705815346573,0.397043306776816
"160310",1.18793381198399e-08,0.919058810641865,0.511380509635078,0.407678301006787,0.919058798762526,0.51138049775574
"553737",0.727573764878905,0.829869965901843,0.786849146982413,0.04302081891943,0.102296201022938,0.0592753821035079
"115086",0.245445507872856,0.861186767887754,0.556750688160214,0.30443607972754,0.615741260014898,0.311305180287358
"506435",0.0547808703503273,0.201290398974657,0.128278582679612,0.0730118162950442,0.146509528624329,0.073497712329285
"512517",0.10872357988506,0.127027697458383,0.119783777680727,0.00724391977765645,0.0183041175733227,0.0110601977956663
"306401",0.0924987446239252,0.443027186915468,0.251581429968432,0.191445756947036,0.350528442291542,0.159082685344507
"211247",0.789926124421758,1.1686858382506,1.03198140002354,0.136704438227062,0.378759713828839,0.242055275601778
"513280",0.142428498513482,0.0728695177423277,0.104714589734545,-0.0318450719922177,-0.069558980771154,-0.0377139087789363
"10758",0.369899440119268,0.790466955432763,0.635209449114692,0.155257506318071,0.420567515313495,0.265310008995424
"134528",4.94299223683746,3.84511326353544,4.19367064294359,-0.348557379408155,-1.09787897330202,-0.749321593893869
"242090",5.28058382101424,3.36870911275891,3.95984307122794,-0.591133958469026,-1.91187470825533,-1.3207407497863
"403916",2.57865176120722,3.21833852717149,2.97679099644032,0.241547530731164,0.639686765964268,0.398139235233105
"523866",4.70271035295107,4.03878583096405,4.25202541349687,-0.21323958253282,-0.663924521987026,-0.450684939454206
"575878",2.85375179614234,2.82322694294351,2.83471837662327,-0.0114914336797569,-0.0305248531988291,-0.0190334195190722
"57679",0.455306397260514,1.24141343044437,0.884948668558739,0.356464761885628,0.786107033183853,0.429642271298225
"9570",0.13303670026209,0.322014181831024,0.229614539298271,0.0923996425327529,0.188977481568934,0.096577839036181
"155774",6.13685427435078,3.29015146897855,4.19845968351734,-0.908308214538792,-2.84670280537223,-1.93839459083344
"292307",10,6.17967614756794,10,-3.82032385243206,-3.82032385243206,0
"486229",2.26903516366893,1.20612289567909,1.59156569795244,-0.385442802273352,-1.06291226798984,-0.677469465716489
"9751",1.62975511167937,1.76816705386155,1.71594540755076,0.0522216463107898,0.138411942182176,0.0861902958713865
"348328",0.403900529975738,1.15845024760735,0.834561536114612,0.323888711492735,0.754549717631609,0.430661006138874
"281739",0.398769071250431,1.03771147065362,0.773217179536365,0.264494291117258,0.638942399403193,0.374448108285934
"222000",1.72360544792116,1.5629854069026,1.62107764924562,-0.0580922423430215,-0.160620041018561,-0.10252779867554
"341485",0.919163833516865,1.24414080368774,1.11593685349852,0.128203950189228,0.324976970170878,0.19677301998165
"7265",0.0262565576402105,0.302249455055449,0.182843077592924,0.119406377462525,0.275992897415239,0.156586519952714
"290577",0.112769534385866,1.04057828665878,0.590788924316485,0.449789362342297,0.927808752272916,0.478019389930619
"340978",0.253076663955535,0.398583623218392,0.340848890671128,0.0577347325472642,0.145506959262857,0.0877722267155931
"123659",3.62675608099697,1.54651741789085,2.2096686055102,-0.663151187619347,-2.08023866310611,-1.41708747548677
"247796",0.204216380324989,0.64267481717028,0.446572531040423,0.196102286129857,0.438458436845291,0.242356150715434
"324890",0.34730361131979,0.597918077295054,0.482504037143729,0.115414040151325,0.250614465975264,0.135200425823939
"248091",0.0599544350387307,0.368367550240789,0.230299531345006,0.138068018895783,0.308413115202058,0.170345096306275
"246316",0.0545289680969587,0.295150859825216,0.175475881111779,0.119674978713437,0.240621891728257,0.12094691301482
"420345",0.374471879239728,0.631412064312535,0.512288930060456,0.119123134252079,0.256940185072807,0.137817050820728
"497893",0.241675080236474,0.442049982980347,0.379537710427022,0.062512272553325,0.200374902743874,0.137862630190549
"532243",0.30966254589357,0.929055291290664,0.674746239221124,0.25430905206954,0.619392745397093,0.365083693327553
"315208",0.7384720071267,1.28324343672549,1.06494179327288,0.218301643452612,0.544771429598794,0.326469786146182
"263170",1.78054881980518,1.65764824209119,1.70534330899391,-0.0476950669027207,-0.122900577713985,-0.0752055108112639
"94590",1.47565876262755,1.14553675687554,1.28292631490832,-0.137389558032779,-0.330122005752006,-0.192732447719227
"39178",2.55115989061263,1.04660837008771,1.57446325051958,-0.527854880431871,-1.50455152052491,-0.976696640093043
"316479",2.08837370201164,1.32134542784533,1.60579405639738,-0.284448628552056,-0.767028274166309,-0.482579645614254
"125667",0.482518385072986,0.608128421951116,0.548981942197421,0.059146479753695,0.125610036878131,0.0664635571244358
"569696",1.35858270370704,1.04500934049319,1.17328925819621,-0.128279917703018,-0.313573363213848,-0.185293445510829
"380368",0.0211384481644716,0.059097900503894,0.0419666923501614,0.0171312081537326,0.0379594523394224,0.0208282441856898
"189647",2.8385496705415,3.11160974263973,3.00638885400685,0.105220888632881,0.273060072098229,0.167839183465348
"542041",6.2897737006685,4.70244859949109,5.0591332400142,-0.356684640523107,-1.58732510117741,-1.23064046065431
"204133",1.34333442379985,1.0775327083382,1.18581417675802,-0.108281468419817,-0.265801715461648,-0.157520247041831
"483786",5.04636756944831,3.78178961876508,4.18156938927627,-0.399779770511183,-1.26457795068322,-0.864798180172041
"267740",1.38177701637482,1.05870466373279,1.19379928707438,-0.135094623341591,-0.323072352642028,-0.187977729300437
"138803",1.11236176849786,0.489801453118057,0.740552653677762,-0.250751200559705,-0.622560315379806,-0.371809114820102
"31931",0.0356591655345107,0.278070409487192,0.15625598239689,0.121814427090302,0.242411243952681,0.120596816862379
"112638",0.0794276543053284,0.194216576226238,0.141967496100043,0.0522490801261952,0.114788921920909,0.0625398417947142
"470463",0.0961049925145791,0.579197106375145,0.36691691609109,0.212280190284055,0.483092113860566,0.270811923576511
"392243",2.44410751336663,1.26257907805722,1.69550152997098,-0.432922451913752,-1.1815284353094,-0.748605983395653
"536207",1.38434356961421,2.06824487130792,1.79668413714562,0.2715607341623,0.683901301693706,0.412340567531406
"161753",5.86420294361768,2.28587996171197,3.28710508584735,-1.00122512413538,-3.57832298190571,-2.57709785777032
"558466",0.917280663150949,0.852268729508994,0.880696608979596,-0.0284278794706018,-0.0650119336419545,-0.0365840541713527
"20801",5.66663631939242,3.35693239397546,4.07540661706305,-0.718474223087592,-2.30970392541696,-1.59122970232937
"413596",4.43392439670474,4.18161596672578,4.26493757741237,-0.0833216106865891,-0.252308429978959,-0.16898681929237
"452201",5.07823733709506,3.44214533128623,3.95468238388196,-0.51253705259573,-1.63609200580883,-1.1235549532131
"503184",0.892120269498359,1.49779072078569,1.24059012341777,0.257200597367923,0.605670451287334,0.348469853919412
"196818",0.624127141973084,1.39516098805807,1.09170689296888,0.303454095089186,0.771033846084986,0.467579750995801
"171824",1.47458403108804,0.903317767018508,1.12102595346661,-0.2177081864481,-0.571266264069529,-0.353558077621429
"430996",0.0722753977645044,0.136734814596278,0.106702252855415,0.0300325617408628,0.0644594168317738,0.034426855090911
"377772",0.715255971941036,1.29538521913257,1.07516820263568,0.220217016496888,0.580129247191535,0.359912230694647
"547686",1.43860280401465,1.89485762340975,1.72699774790889,0.167859875500863,0.456254819395098,0.288394943894235
"106729",2.30367540490506,3.23117911880736,2.87663743350251,0.354541685304847,0.927503713902291,0.572962028597444
"136391",6.55726703874549,7.88350172765142,7.53596997141213,0.347531756239295,1.32623468890593,0.978702932666638
"270267",5.07879391958491,3.96379972317569,4.32991085701312,-0.366111133837431,-1.11499419640921,-0.748883062571783
"441900",7.41899024454229,6.74977645720287,6.92217386977569,-0.172397412572816,-0.669213787339416,-0.4968163747666
"442567",1.67593181794379,1.15743154447782,1.34448443602415,-0.18705289154633,-0.518500273465976,-0.331447381919646
"44395",1.23861239272498,2.01094437081107,1.69971864063495,0.311225730176122,0.772331978086088,0.461106247909967
"547292",5.14109494395287,3.17067076018247,3.77669508312243,-0.606024322939968,-1.97042418377041,-1.36439986083044
"567510",1.2342121872512,2.39972351048201,1.90266633261602,0.497057177865992,1.16551132323081,0.668454145364817
"124287",1e-08,0.619448335252232,0.297021438201976,0.322426897050256,0.619448325252232,0.297021428201976
"420541",0.356373312034121,0.574667709011767,0.454957468292212,0.119710240719555,0.218294396977646,0.0985841562580907
"136470",1.18979721930003,1.09760321005599,1.13373985611536,-0.0361366460593717,-0.0921940092440408,-0.056057363184669
"523116",0.857525937773803,0.767439741632255,0.805112506641346,-0.0376727650090907,-0.0900861961415477,-0.052413431132457
"452356",0.574141241901634,0.307946901100588,0.414925267805248,-0.106978366704659,-0.266194340801046,-0.159215974096386
"187105",5.06163519719495,2.96353329632286,3.58154472101252,-0.618011424689664,-2.09810190087209,-1.48009047618242
"529718",2.16667045097518,1.66547115163251,1.86264094661514,-0.19716979498263,-0.501199299342673,-0.304029504360043
"6360",0.0635618413959913,0.194623638869003,0.13324851366777,0.0613751252012334,0.131061797473012,0.0696866722717783
"187548",1.6831312236554,1.85455020503989,1.78688853387481,0.0676616711650797,0.171418981384498,0.103757310219418
"130155",2.33431576619362,3.33806067081729,2.96166065945602,0.376400011361262,1.00374490462367,0.627344893262406
"174748",1.15064145363635,2.36624784948303,1.89446965601644,0.471778193466598,1.21560639584668,0.743828202380087
"294597",2.38651631795526,2.88014431411027,2.7008368456608,0.17930746844947,0.493627996155001,0.314320527705531
"449809",1.97768282805658,3.42515818063602,2.87735224110355,0.547805939532475,1.44747535257944,0.899669413046962
"507975",2.83135121126548,1.03120946723577,1.690399728147,-0.659190260911229,-1.80014174402971,-1.14095148311848
"228046",0.0620971701184988,0.167587195507531,0.117082532806005,0.0505046627015258,0.105490025389032,0.0549853626875062
"485849",0.233891128269394,0.710648114140611,0.517703496887819,0.192944617252792,0.476756985871217,0.283812368618425
"237431",1e-08,0.430673344982961,0.215242536704229,0.215430808278732,0.430673334982961,0.215242526704229
"255459",3.22939867042378,2.37688576871385,2.68295209425629,-0.306066325542435,-0.852512901709929,-0.546446576167494
"408930",0.0712570674702577,0.178482379115572,0.129173188623904,0.0493091904916674,0.107225311645314,0.0579161211536468
"440963",1e-08,1.09817999036557,0.560257084123138,0.537922906242434,1.09817998036557,0.560257074123138
"10974",1.15194416083941,2.93513788142642,2.17279328265649,0.762344598769927,1.78319372058701,1.02084912181708
"231419",0.764639726814609,1.62020943363255,1.26780094361474,0.352408490017812,0.855569706817944,0.503161216800132
"386609",2.94314962934748,2.91958177458985,2.92855112093388,-0.00896934634403435,-0.0235678547576383,-0.014598508413604
"463131",0.959040050477206,1.40351210397849,1.21975939997994,0.183752703998544,0.444472053501282,0.260719349502738
"95357",1e-08,0.110782169171489,0.0569345594309101,0.0538476097405789,0.110782159171489,0.0569345494309101
"416769",0.350094154937786,0.698774980301413,0.535206967832609,0.163568012468804,0.348680825363627,0.185112812894823
"11216",0.310157457654161,0.365650027559938,0.343251109689172,0.0223989178707659,0.0554925699057764,0.0330936520350106
"121426",10,6.76679929890751,8.46593954919259,-1.69914025028508,-3.23320070109249,-1.53406045080741
"244883",1.78404278005183,1.90059780511592,1.85478180679425,0.0458159983216697,0.116555025064089,0.0707390267424188
"555083",3.15568090812669,2.4159747638976,2.68008530419037,-0.264110540292776,-0.739706144229094,-0.475595603936318
"568702",1.88683328774143,1.78496423578211,1.82537728929542,-0.0404130535133118,-0.101869051959317,-0.0614559984460048
"569450",10,6.76679929890751,8.46593954919259,-1.69914025028508,-3.23320070109249,-1.53406045080741
"73165",1.27442141881223,2.00021211986821,1.72656393269789,0.273648187170323,0.72579070105598,0.452142513885657
"476858",1e-08,0.225797302534285,0.133915478550462,0.091881823983823,0.225797292534285,0.133915468550462
"374695",0.695112852673674,1.1460943529674,0.985775276308551,0.160319076658853,0.450981500293729,0.290662423634877
"466096",1e-08,0.148752807341085,0.077750342075233,0.0710024652658523,0.148752797341085,0.077750332075233
"86785",0.519412277317592,0.564658714825433,0.544575715304442,0.0200829995209908,0.0452464375078412,0.0251634379868504
"45109",0.50791624260046,0.910723451902508,0.737683092744203,0.173040359158305,0.402807209302048,0.229766850143743
"573836",3.53263671238873,2.17966463271899,2.65700477169264,-0.477340138973649,-1.35297207966974,-0.875631940696093
"29094",0.895084127608626,1.48560419349771,1.2389341061867,0.24667008731101,0.590520065889085,0.343849978578075
"167874",2.11077861458443,1.74281751207693,1.8856533135491,-0.142835801472175,-0.367961102507501,-0.225125301035326
"4654",2.18360743493261,1.85091721153919,1.98340119457463,-0.132483983035435,-0.332690223393416,-0.200206240357981
"381618",1.0412939771602,0.602429395327932,0.785298374483722,-0.182868979155789,-0.438864581832271,-0.255995602676482
"535844",0.720863742620315,0.677521513912954,0.694561041414015,-0.0170395275010619,-0.0433422287073616,-0.0263027012062997
"358900",0.794858192642484,1.79654023808136,1.36124501136646,0.435295226714908,1.00168204543888,0.566386818723973
"75508",1.8158389066486,1.92202935941827,1.88064787815805,0.0413814812602209,0.106190452769666,0.0648089715094449
"170294",1.70417907382827,1.5724938975703,1.61942798095443,-0.0469340833841319,-0.131685176257967,-0.0847510928738355
"78518",0.938140081865699,3.21484368286488,2.24477999198155,0.970063690883327,2.27670360099918,1.30663991011585
"278524",0.46790701874318,0.892446696883319,0.718644050089374,0.173802646793945,0.424539678140138,0.250737031346194
"287045",2.58239164239324,2.68981486185454,2.65151029314269,0.0383045687118502,0.107423219461297,0.0691186507494463
"68733",0.956909344351429,0.747392670307998,0.838201753249876,-0.0908090829418775,-0.209516674043431,-0.118707591101553
"523889",0.564112273497524,0.48103430452722,0.519082780983967,-0.0380484764567464,-0.0830779689703037,-0.0450294925135573
"19574",2.17105244762838,1.04740391429213,1.4230027128829,-0.375598798590773,-1.12364853333625,-0.748049734745481
"77457",1e-08,0.60990711288665,0.310059186004182,0.299847926882467,0.60990710288665,0.310059176004182
"108387",0.22545051941679,0.60453037609503,0.428690062130646,0.175840313964384,0.37907985667824,0.203239542713856
"140445",8.63593127934497,6.55596448059408,7.09155888760404,-0.535594407009958,-2.07996679875089,-1.54437239174093
"37172",8.63593127934497,6.55596448059408,7.09155888760404,-0.535594407009958,-2.07996679875089,-1.54437239174093
"394295",8.96302158513059,6.16303062244997,6.87759316188161,-0.714562539431643,-2.79999096268062,-2.08542842324898
"76580",10,8.00319924443306,9.79757626470152,-1.79437702026846,-1.99680075556694,-0.202423735298479
"56809",5.12514038497406,2.52435120191116,3.265177806878,-0.740826604966836,-2.6007891830629,-1.85996257809606
"214590",1.0857753617488,2.69523624330729,2.03528165574502,0.659954587562263,1.60946088155849,0.949506293996224
"214901",0.110966187298059,0.491991215046031,0.335700775750776,0.156290439295255,0.381025027747972,0.224734588452716
"402280",1.06624078506329,2.36469287846382,1.83237850494727,0.532314373516553,1.29845209340053,0.766137719883975
"515054",1.15584102757082,3.39732694903666,2.56942729009693,0.827899658939731,2.24148592146584,1.41358626252611
"36502",1.59788384674156,1.70137996010019,1.66276887038481,0.0386110897153744,0.103496113358628,0.0648850236432539
"128246",10,7.24735386476701,10,-2.75264613523299,-2.75264613523299,0
"132927",10,7.24735386476701,10,-2.75264613523299,-2.75264613523299,0
"140798",10,3.65919520500996,5.73174982935794,-2.07255462434798,-6.34080479499004,-4.26825017064206
"142226",10,7.24735386476701,10,-2.75264613523299,-2.75264613523299,0
"174560",10,2.41857232477858,4.80578141968584,-2.38720909490726,-7.58142767522142,-5.19421858031416
"182118",10,6.24914000802842,9.17299124540285,-2.92385123737442,-3.75085999197158,-0.827008754597154
"192087",10,4.60557018334995,8.13386707349306,-3.52829689014311,-5.39442981665005,-1.86613292650694
"198753",10,3.98947301979507,5.94308410619005,-1.95361108639498,-6.01052698020493,-4.05691589380995
"228835",10,4.93795994431041,8.342478498811,-3.4045185545006,-5.06204005568959,-1.657521501189
"231712",10,3.34176514572257,5.34710584659428,-2.00534070087171,-6.65823485427743,-4.65289415340572
"239668",10,7.24735386476701,10,-2.75264613523299,-2.75264613523299,0
"258556",10,3.57514771971884,5.70822762379773,-2.13307990407889,-6.42485228028116,-4.29177237620227
"260319",10,4.02934143093807,7.71931095943516,-3.68996952849709,-5.97065856906193,-2.28068904056484
"272897",10,4.98723489250406,8.28880089706444,-3.30156600456038,-5.01276510749594,-1.71119910293556
"30561",10,5.96242327305136,8.90014292972325,-2.93771965667189,-4.03757672694864,-1.09985707027675
"313612",6.97842041128688,2.51947377696274,3.84115917778305,-1.32168540082032,-4.45894663432414,-3.13726123350382
"314048",10,4.60557018334995,8.13386707349306,-3.52829689014311,-5.39442981665005,-1.86613292650694
"325322",5.78702994514059,3.72001933411457,4.38439790298335,-0.664378568868779,-2.06701061102602,-1.40263204215724
"365286",10,3.82455667230355,5.76384204009935,-1.9392853677958,-6.17544332769645,-4.23615795990065
"422752",10,7.24735386476701,10,-2.75264613523299,-2.75264613523299,0
"427899",10,6.24914000802842,9.17299124540285,-2.92385123737442,-3.75085999197158,-0.827008754597154
"433104",10,7.24735386476701,10,-2.75264613523299,-2.75264613523299,0
"435603",10,7.24735386476701,10,-2.75264613523299,-2.75264613523299,0
"503027",3.67609570463321,1.33102339274051,2.02426237138194,-0.693238978641426,-2.3450723118927,-1.65183333325127
"508364",10,3.3879640806817,5.46382682033624,-2.07586273965455,-6.6120359193183,-4.53617317966376
"538500",10,7.24735386476701,10,-2.75264613523299,-2.75264613523299,0
"54698",6.99658856780576,2.22534837516417,3.58869188286589,-1.36334350770172,-4.77124019264159,-3.40789668493987
"558040",6.15291661913709,3.00008830437258,3.95753040906805,-0.957442104695473,-3.15282831476451,-2.19538621006904
"85394",5.99567263335875,3.31930213427773,4.15202765198022,-0.832725517702494,-2.67637049908102,-1.84364498137853
"181049",0.185190060199161,0.294367317885602,0.242395800946795,0.0519715169388065,0.109177257686441,0.0572057407476343
"84020",0.264326669586591,0.469831346414689,0.386196635624238,0.0836347107904503,0.205504676828098,0.121869966037647
"425210",0.159994107627822,0.321137952960541,0.267935131651421,0.0532028213091205,0.161143845332719,0.107941024023598
"571689",4.4651343006893,5.82503330421148,5.52675352004478,0.298279784166701,1.35989900352218,1.06161921935548
"451056",2.74299426571074,1.39635594637513,1.75529751704937,-0.358941570674237,-1.34663831933561,-0.987696748661375
"323046",0.100931205985381,0.189165376837273,0.148585956252696,0.0405794205845771,0.0882341708518929,0.0476547502673157
"539468",0.411561532076249,1.00789943608449,0.759252111120104,0.248647324964385,0.59633790400824,0.347690579043856
"439443",0.0958700339609467,0.955804330252639,0.646150165181938,0.309654165070701,0.859934296291692,0.550280131220991
"436755",1.52734684224229,1.64279467713779,1.60004992299876,0.0427447541390225,0.115447834895497,0.0727030807564748
"187685",1.83655972516697,2.73262638522309,2.39421369571272,0.338412689510366,0.896066660056116,0.557653970545751
"303020",0.602260020702436,1.41829451216432,1.08735118080088,0.330943331363433,0.816034491461879,0.485091160098446
"572953",0.307109359175265,0.792923842838522,0.563948530010906,0.228975312827616,0.485814483663257,0.256839170835641
"459048",1.07309708749009,1.24799291465981,1.17733046521628,0.0706624494435277,0.174895827169717,0.104233377726189
"94716",0.00790820483741801,0.12166916509998,0.0707564471781935,0.0509127179217869,0.113760960262562,0.0628482423407755
"558798",1.21550849852331,1.50697726244133,1.41005728881551,0.0969199736258213,0.291468763918022,0.194548790292201
"563813",1e-08,0.31564649289303,0.176150352826206,0.139496140066824,0.31564648289303,0.176150342826206
"234280",5.23519396472625,2.93480180661541,3.33240861314497,-0.397606806529566,-2.30039215811084,-1.90278535158128
"498417",1.14168566900481,1.05498863780582,1.08898576019361,-0.0339971223877955,-0.0866970311989956,-0.0526999088112001
"438427",0.306688441251707,1.19587482937812,0.810741333552104,0.385133495826016,0.889186388126413,0.504052892300397
"355343",10,3.1404263938083,4.95507756327876,-1.81465116947046,-6.8595736061917,-5.04492243672124
"114292",2.61524608270277,2.6007821530452,2.60600759612646,-0.00522544308126704,-0.0144639296575773,-0.00923848657631021
"233139",3.11422449140521,2.12450016258361,2.47433443646071,-0.349834273877105,-0.989724328821605,-0.6398900549445
"234727",5.32004863695374,3.76880862657359,4.27055584429138,-0.501747217717797,-1.55124001038015,-1.04949279266235
"249235",7.09151164808063,6.65409057056977,6.76408586263747,-0.109995292067699,-0.437421077510859,-0.32742578544316
"312138",2.45706123395762,2.42587805509285,2.43682004551026,-0.0109419904174133,-0.0311831788647701,-0.0202411884473568
"33076",6.67328469427448,7.36104762488952,7.18610675193822,0.174940872951301,0.68776293061504,0.512822057663739
"333717",2.02916636106557,3.726389200218,3.06565526980896,0.660733930409032,1.69722283915243,1.0364889087434
"344163",1.0338773422694,2.2776917998731,1.77327529485744,0.504416505015665,1.2438144576037,0.739397952588032
"37050",9.48896609118293,5.49667055145008,6.46772816215497,-0.971057610704889,-3.99229553973285,-3.02123792902796
"454880",10,8.67978617433202,9.90407871389123,-1.22429253955921,-1.32021382566798,-0.0959212861087675
"541531",3.00943810821989,1.89869916252733,2.27391231624066,-0.375213153713332,-1.11073894569256,-0.735525791979224
"84810",1.95067600382893,0.291061445517119,1.95067600382893,-1.65961455831181,-1.65961455831181,0
"523732",0.307578590416829,0.577587914737133,0.45776051644796,0.119827398289173,0.270009324320304,0.150181926031132
"441932",0.151133444885135,1.00119077587477,0.587814761131927,0.413376014742845,0.850057330989637,0.436681316246792
"24659",0.2808287667648,1.06250571705275,0.749756797713526,0.312748919339222,0.781676950287949,0.468928030948726
"97143",0.0214985897502931,0.431552467589759,0.295841880086613,0.135710587503146,0.410053877839466,0.27434329033632
"122664",0.698112227654394,1.45165260708344,1.15014575514292,0.301506851940521,0.753540379429048,0.452033527488527
"21116",0.565492033453239,0.971550379580228,0.798071054942684,0.173479324637544,0.406058346126989,0.232579021489445
"534176",0.439030682490888,0.510678875369404,0.479533397842584,0.0311454775268197,0.0716481928785158,0.0405027153516961
"322450",0.124717189412491,0.394974085184717,0.264421934777033,0.130552150407684,0.270256895772226,0.139704745364542
"352326",0.526735713164642,1.50079578382363,1.11711937994354,0.383676403880094,0.974060070658988,0.590383666778894
"529489",1.31448047962921,1.73942989486349,1.58629834382305,0.153131551040445,0.424949415234286,0.271817864193841
"424319",1.01372874327953,1.16378161112344,1.10544453817312,0.0583370729503148,0.150052867843906,0.0917157948935912
"196340",0.791538625605823,0.997182708742312,0.92913807417737,0.0680446345649417,0.205644083136489,0.137599448571547
"370494",0.461652262940465,0.261977496137291,0.33804616583127,-0.0760686696939791,-0.199674766803174,-0.123606097109195
"57009",0.665818317221252,0.771290032422669,0.72777671382981,0.043513318592859,0.105471715201417,0.0619583966085578
"150407",9.6258573443686,4.78276134903704,5.94367750783726,-1.16091615880022,-4.84309599533156,-3.68217983653134
"190737",1.20586824744921,1.12669759804313,1.15846117763172,-0.0317635795885838,-0.0791706494060802,-0.0474070698174964
"496168",0.0524757622986744,0.135904020199444,0.0951763535665627,0.0407276666328811,0.0834282579007694,0.0427005912678883
"506910",0.0826922148677425,0.770545215689157,0.468934987659442,0.301610228029716,0.687853000821415,0.386242772791699
"381651",0.573701777717441,0.801241053566894,0.711032851839571,0.0902082017273232,0.227539275849453,0.13733107412213
"25675",0.179957842984557,0.521688672970183,0.374342203286091,0.147346469684091,0.341730829985626,0.194384360301535
"431719",2.59621824491326,1.18624911236137,1.70001080092847,-0.513761688567106,-1.40996913255189,-0.896207443984782
"406904",0.575310183334496,0.88758496863425,0.75499276565252,0.13259220298173,0.312274785299754,0.179682582318025
"189257",10,4.56102640854797,6.10081860273972,-1.53979219419176,-5.43897359145203,-3.89918139726028
"200346",4.54851923036611,1.47740406113355,2.50060002402194,-1.02319596288838,-3.07111516923256,-2.04791920634417
"227428",8.97321627223902,5.72605243454372,6.53458622516142,-0.808533790617698,-3.2471638376953,-2.43863004707761
"307873",3.59338449212274,2.2846665044754,2.75097150218213,-0.466304997706728,-1.30871798764734,-0.842412989940613
"33283",1.81140056779932,2.14311818966812,2.01001101973029,0.133107169937829,0.331717621868801,0.198610451930971
"365563",3.21692684598003,2.85647717847056,2.99148586285299,-0.135008684382431,-0.360449667509472,-0.225440983127041
"430534",6.31508309081094,3.17768031499036,4.16125622731696,-0.983575912326601,-3.13740277582058,-2.15382686349398
"508640",3.07911542041679,3.22024669685527,3.16629841878343,0.053948278071835,0.14113127643848,0.0871829983666452
"526867",9.54627275979939,5.25033114865486,6.29426091149987,-1.04392976284501,-4.29594161114452,-3.25201184829952
"576306",9.54627275979939,5.25033114865486,6.29426091149987,-1.04392976284501,-4.29594161114452,-3.25201184829952
"60467",9.54627275979939,5.25033114865486,6.29426091149987,-1.04392976284501,-4.29594161114452,-3.25201184829952
"244538",0.737186979488813,0.924510964477512,0.843110883277025,0.0814000812004879,0.187323984988699,0.105923903788211
"211254",1e-08,0.871522629235707,0.435811981078712,0.435710648156994,0.871522619235707,0.435811971078712
"531249",2.84735698404196,2.02925788559403,2.3067709738922,-0.277513088298169,-0.818099098447929,-0.54058601014976
"562163",0.362407791302979,0.757909247514229,0.561038878534595,0.196870368979634,0.395501456211251,0.198631087231617
"39353",0.821509037030098,1.03186700352862,0.936806504444794,0.0950604990838219,0.210357966498518,0.115297467414696
"416478",1.76476991495355,3.72589117792945,2.96232660491998,0.76356457300947,1.9611212629759,1.19755668996643
"226940",1.70624276064293,1.51293015879192,1.57066917971913,-0.0577390209272135,-0.193312601851009,-0.135573580923795
"447324",0.278612612401732,0.392503892403221,0.336525607584735,0.0559782848184854,0.113891280001488,0.0579129951830029
"420330",2.17606258641288,1.37791535340246,1.68302389466502,-0.305108541262565,-0.798147233010424,-0.493038691747859
"579104",0.802600211574734,0.409456785320982,0.546942347616064,-0.137485562295081,-0.393143426253751,-0.25565786395867
"7081",0.676821419179061,0.546241888268935,0.598590656708252,-0.0523487684393165,-0.130579530910126,-0.0782307624708093
"351014",0.0379785579654471,0.145828129994175,0.0952000468315017,0.0506280831626736,0.107849572028728,0.0572214888660546
"509413",1e-08,0.696638892036515,0.321971047350395,0.374667844686121,0.696638882036515,0.321971037350395
"446896",0.206418979346585,0.379121921978388,0.290948745987314,0.0881731759910742,0.172702942631803,0.084529766640729
"563227",0.467268280503376,0.754928217723479,0.613373208808372,0.141555008915106,0.287659937220102,0.146104928304996
"292490",1.64922470581033,2.52655492804318,2.15674003206322,0.369814895979963,0.877330222232853,0.50751532625289
"449505",1e-08,0.303355253839339,0.153907461464286,0.149447792375053,0.303355243839339,0.153907451464286
"96070",0.328888966522894,0.611668374843004,0.488219712087399,0.123448662755605,0.28277940832011,0.159330745564505
"335723",0.0980783990870629,0.891929723367416,0.537068884151642,0.354860839215774,0.793851324280353,0.438990485064579
"62465",4.22784825561288,1.7072884097634,2.58522987122763,-0.877941461464223,-2.52055984584947,-1.64261838438525
"71223",2.78006905862982,3.12125125120936,2.99242318282897,0.128828068380396,0.341182192579546,0.21235412419915
"176297",1.56096868996626,0.117031082746118,1.56096868996626,-1.44393760722014,-1.44393760722014,0
"11682",1.07386062319435,1.52303664990237,1.32942829646782,0.193608353434547,0.449176026708024,0.255567673273477
"176611",2.55563925424677,1.33625197079505,1.80683028202499,-0.470578311229935,-1.21938728345172,-0.748808972221782
"80190",1.05581431118917,2.9282440050841,2.2849106668976,0.643333338186496,1.87242969389493,1.22909635570843
"56131",10,5.25573089056972,7.23002112763905,-1.97429023706932,-4.74426910943028,-2.76997887236095
"5675",5.65894222094407,2.72435587476555,3.58708818995391,-0.862732315188367,-2.93458634617853,-2.07185403099016
"119788",1.7814417569013,3.88572731475797,3.0485422523051,0.837185062452868,2.10428555785666,1.2671004954038
"331089",1.74154431346478,3.87434383452327,3.03075851599628,0.843585318526989,2.13279952105849,1.2892142025315
"390452",1.90082029349367,1.95113697901296,1.93127605439692,0.0198609246160413,0.0503166855192871,0.0304557609032459
"477825",4.81310667915364,5.91502898852236,5.66601846158479,0.249010526937572,1.10192230936872,0.852911782431145
"101178",0.0582682281287342,0.215090635925304,0.135375591011431,0.0797150449138734,0.15682240779657,0.0771073628826965
"249240",0.864574959672935,0.72416625982275,0.783962897749294,-0.0597966379265438,-0.140408699850185,-0.0806120619236415
"476763",3.58291653020802,2.00456647592737,2.55483085397458,-0.550264378047208,-1.57835005428065,-1.02808567623344
"253213",3.99991894080196,3.43527457708318,3.60899590735661,-0.173721330273431,-0.564644363718783,-0.390923033445351
"26763",0.56717192518399,0.27502384959792,0.391130727200421,-0.116106877602502,-0.292148075586071,-0.176041197983569
"289818",0.0137510662763415,0.0592019737657061,0.0373058460922375,0.0218961276734686,0.0454509074893646,0.023554779815896
"342624",0.211370636884898,0.355593127050838,0.281059345098469,0.0745337819523683,0.144222490165939,0.069688708213571
"544310",3.63783641633884,2.06722008986088,2.61723905778547,-0.550018967924594,-1.57061632647796,-1.02059735855337
"481590",0.755827101538366,1.35926850266599,1.11792989643765,0.24133860622834,0.603441401127621,0.36210279489928
"118991",0.627422727826169,0.416229823560273,0.487840052609569,-0.0716102290492964,-0.211192904265896,-0.1395826752166
"390170",1.69164179549561,1.71482599352886,1.70600700843543,0.00881898509342482,0.0231841980332514,0.0143652129398266
"158034",1.39050463315069,2.28461986841024,1.90890269597708,0.37571717243316,0.894115235259549,0.518398062826389
"173471",5.71463602132108,3.15181463700491,3.94693441648485,-0.795119779479942,-2.56282138431617,-1.76770160483623
"207041",1.87818168209923,3.68767633720762,2.99460527862237,0.693071058585246,1.80949465510839,1.11642359652314
"267882",1.51534705723066,0.937958792112764,1.12251257453967,-0.184553782426907,-0.577388265117891,-0.392834482690984
"279934",0.17680596687085,1.53447988466612,0.975438941679273,0.559040942986843,1.35767391779527,0.798632974808423
"420077",0.815429090884808,2.6841282386481,1.91457029952486,0.76955793912324,1.86869914776329,1.09914120864005
"445251",2.43146029445433,2.80786183323648,2.66977376482739,0.13808806840909,0.376401538782148,0.238313470373058
"475504",0.637311387864792,0.958402096268544,0.827923948227833,0.130478148040711,0.321090708403752,0.190612560363041
"503593",5.41161040572429,3.59292183577914,4.17289054160783,-0.579968705828689,-1.81868856994515,-1.23871986411646
"8588",1.37957212268202,1.69992234392466,1.57803439731154,0.121887946613125,0.32035022124264,0.198462274629515
"90469",4.5816810887228,4.16366590491003,4.29885163222989,-0.135185727319858,-0.418015183812765,-0.282829456492907
"385793",1.1445071972134,0.685950781858861,0.885738594495834,-0.199787812636972,-0.458556415354538,-0.258768602717566
"422461",2.07280727453381,0.63837687380769,1.18258807489136,-0.544211201083669,-1.43443040072612,-0.890219199642454
"127152",2.14638393602652,1.84348190818366,1.96387093965329,-0.120389031469624,-0.302902027842853,-0.182512996373229
"521316",1e-08,0.435547463832354,0.239357788826446,0.196189675005908,0.435547453832354,0.239357778826446
"83814",1e-08,0.632402250813866,0.320167738651556,0.31223451216231,0.632402240813866,0.320167728651556
"44742",0.303436890227006,0.583165371538651,0.462737776312128,0.120427595226523,0.279728481311646,0.159300886085123
"251259",1.39381384214672,2.20175361133244,1.87671510047861,0.325038510853825,0.807939769185715,0.482901258331891
"452250",0.462261703759844,1.01765667706731,0.785030583300998,0.23262609376631,0.555394973307463,0.322768879541153
"202161",0.802056663559063,0.762290968093592,0.77933273257456,-0.0170417644809673,-0.0397656954654708,-0.0227239309845035
"139531",0.778080142630222,1.37777869937217,1.14654632213973,0.231232377232439,0.599698556741948,0.368466179509509
"262451",0.358197907696298,1.19415095876783,0.828156792771154,0.365994165996678,0.835953051071534,0.469958885074856
"204893",0.0497427930496581,0.107949808434569,0.0786936125073101,0.0292561959272592,0.0582070153849111,0.0289508194576519
"124582",0.341772218756192,0.551283930583359,0.458938584069133,0.0923453465142263,0.209511711827167,0.11716636531294
"52074",2.79501020238521,2.38242376184157,2.52666436898128,-0.144240607139702,-0.412586440543635,-0.268345833403934
"524819",4.72780394927169,2.88712069478216,3.43259648375934,-0.545475788977185,-1.84068325448953,-1.29520746551235
"175455",0.456616277175158,1.88929637034215,1.29493901509944,0.594357355242714,1.43268009316699,0.83832273792428
"98180",0.497344395085253,1.34614989817209,0.947461194683976,0.398688703488116,0.848805503086839,0.450116799598723
"250426",1.29314206954742,3.01139509429947,2.39156015563216,0.619834938667302,1.71825302475204,1.09841808608474
"81210",2.46787251275487,1.31525133110953,1.74524710553546,-0.429995774425921,-1.15262118164534,-0.722625407219418
"129280",1.48968490675404,2.0303759397116,1.8231134796153,0.207262460096302,0.54069103295756,0.333428572861258
"496988",1.88465564580867,0.901575799396653,1.30298229699463,-0.401406497597976,-0.983079846412018,-0.581673348814041
"255723",0.802022851752274,0.348808569879286,0.543495418834859,-0.194686848955573,-0.453214281872988,-0.258527432917415
"338202",0.774192282917768,1.20166978735073,1.04131086135113,0.160358925999596,0.427477504432958,0.267118578433362
"457847",0.0821135226399753,0.311762409334104,0.195228209742738,0.116534199591366,0.229648886694129,0.113114687102763
"269611",0.504925626236049,0.972115713306693,0.730640921136974,0.241474792169719,0.467190087070643,0.225715294900924
"429459",1.09710182870248,1.35541177423549,1.24534639829574,0.110065375939757,0.258309945533019,0.148244569593261
"536113",0.816496081462719,1.43777334699774,1.18070914697554,0.2570642000222,0.621277265535024,0.364213065512824
"447195",1.1024760778577,0.357778532088569,0.622033088700881,-0.264254556612312,-0.744697545769128,-0.480442989156816
"195632",1.26860350784729,0.410864994391816,0.741917879924375,-0.331052885532559,-0.857738513455476,-0.526685627922916
"304971",1e-08,0.778254708472359,0.37047144173307,0.407783266739289,0.778254698472359,0.37047143173307
"366765",2.25247622462202,1.87714959906573,2.03010879206498,-0.152959192999253,-0.375326625556294,-0.222367432557042
"80584",0.844117012605285,1.94129176975493,1.45990814487811,0.481383624876829,1.09717475714965,0.615791132272821
"556595",1.42894660100028,2.51707022136299,2.06660049944829,0.450469721914705,1.08812362036271,0.637653898448005
"155171",0.96153201688802,1.15638571422832,1.08032413924692,0.0760615749813978,0.194853697340296,0.118792122358898
"458099",2.64409753554756,2.61365214775966,2.62455751969552,-0.0109053719358561,-0.030445387787899,-0.0195400158520429
"398355",0.332857882940239,0.382520903759392,0.363264417764695,0.0192564859946965,0.0496630208191527,0.0304065348244563
"158378",0.0338627373128162,0.282983569846482,0.170652013775106,0.112331556071376,0.249120832533665,0.136789276462289
"56104",2.17642314254484,1.12429048992888,1.48228067911014,-0.35799018918126,-1.05213265261596,-0.694142463434701
"376124",1.34534527471851,1.62925498235825,1.51830117916154,0.110953803196711,0.283909707639746,0.172955904443035
"239399",0.111866241798323,0.580921285695493,0.324419442472668,0.256501843222826,0.46905504389717,0.212553200674345
"267981",0.0409675321116492,0.231660159046059,0.140066027962293,0.0915941310837664,0.19069262693441,0.0990984958506435
"442629",2.49978765759426,1.53728393146063,1.91389177404841,-0.376607842587783,-0.962503726133637,-0.585895883545854
"55080",4.4890317045101,3.08997883435351,3.5030249467203,-0.413046112366795,-1.3990528701566,-0.986006757789801
"295175",0.166338743212867,0.128722630832866,0.145534851310753,-0.0168122204778865,-0.0376161123800003,-0.0208038919021138
"500966",6.01731455510945,2.12318169888655,3.21725969065371,-1.09407799176716,-3.8941328562229,-2.80005486445574
"423218",1e-08,0.436548554431079,0.232080276382693,0.204468278048386,0.436548544431079,0.232080266382693
"163852",1.45133215706203,2.02169269869427,1.80238546103907,0.219307237655199,0.570360541632237,0.351053303977038
"535812",0.166932300362612,0.356217714982514,0.261733101899851,0.0944846130826628,0.189285414619901,0.0948008015372385
"136397",5.75821198621358,3.27717545781073,4.04646099280202,-0.769285534991291,-2.48103652840285,-1.71175099341156
"225622",4.90794633455537,3.95254323930931,4.25671110533101,-0.304167866021705,-0.955403095246062,-0.651235229224358
"554099",0.300195661534705,1.38465582403497,0.903881926047839,0.48077389798713,1.08446016250026,0.603686264513134
"91907",0.114120789057196,0.252386921315506,0.188487497506928,0.0638994238085782,0.13826613225831,0.074366708449732
"9212",1e-08,0.25727602606868,0.123923821863049,0.133352204205631,0.25727601606868,0.123923811863049
"374979",5.92595077223102,2.35987130583125,3.38088752230144,-1.02101621647018,-3.56607946639976,-2.54506324992958
"334363",0.477946964985153,1.43973533871084,1.08605678561724,0.353678553093593,0.961788373725685,0.608109820632092
"69510",0.750594266525464,1.52544345541605,1.22002116814755,0.3054222872685,0.774849188890587,0.469426901622087
"465366",0.0254416195236247,0.270930633709909,0.156315160107317,0.114615473602592,0.245489014186284,0.130873540583692
"314916",4.04863325481669,2.54650844692064,2.96599094805247,-0.419482501131827,-1.50212480789605,-1.08264230676423
"201990",1e-08,0.216961191897243,0.113872494094318,0.103088697802925,0.216961181897243,0.113872484094318
"455732",1.34318554846515,2.67240139867285,2.09971041156992,0.572690987102924,1.3292158502077,0.756524863104777
"289501",0.448370624258317,0.965876831305432,0.751974095343806,0.213902735961626,0.517506207047115,0.303603471085489
"86229",2.14532186894347,3.71625586076327,3.08402817340786,0.632227687355416,1.5709339918198,0.938706304464382
"411440",1.16194166319129,0.764917094854408,0.940869999958138,-0.17595290510373,-0.397024568336883,-0.221071663233153
"299287",6.60618922707993,2.52141782569966,3.7299020815427,-1.20848425584304,-4.08477140138027,-2.87628714553723
"123271",1.02622152234554,1.74278502555961,1.41480897849102,0.327976047068593,0.71656350321407,0.388587456145477
"136891",10,1.57200863654129,10,-8.42799136345871,-8.42799136345871,0
"143532",4.55261914368694,0.481246443771849,4.55261914368694,-4.07137269991509,-4.07137269991509,0
"516267",10,4.1832910095622,7.51708408962354,-3.33379308006134,-5.8167089904378,-2.48291591037646
"201811",0.549200916153293,1.85468069465751,1.29059346295056,0.564087231706949,1.30547977850422,0.741392546797272
"223921",1.64616353593999,1.81243233165064,1.74874106017848,0.0636912714721642,0.166268795710651,0.102577524238487
"34964",1.70280172964887,2.21150651793701,2.0015448798246,0.209961638112404,0.508704788288141,0.298743150175737
"486917",2.97620611852851,2.58336773203161,2.72618950103554,-0.142821769003939,-0.392838386496901,-0.250016617492961
"347351",0.491233613952005,1.00430865173709,0.789613531527734,0.214695120209352,0.513075037785081,0.298379917575729
"56910",0.169818047902644,0.317698264477841,0.263610366342419,0.0540878981354215,0.147880216575197,0.0937923184397755
"91562",2.67440457752719,3.02362464070763,2.88821010946806,0.135414531239564,0.349220063180438,0.213805531940874
"226959",1e-08,0.0940057111549962,0.0499749206912909,0.0440307904637054,0.0940057011549962,0.0499749106912908
"564968",0.334465891828203,0.371752921938014,0.352687252224417,0.0190656697135966,0.0372870301098115,0.0182213603962149
"522950",1.22003850697277,2.12705515208156,1.78695988573407,0.340095266347492,0.907016645108786,0.566921378761294
"99049",0.736343641254188,0.660823545706988,0.691234656126719,-0.0304111104197308,-0.0755200955471996,-0.0451089851274689
"157167",1.13818855534883,1.22121919252695,1.18716593031237,0.0340532622145744,0.0830306371781142,0.0489773749635398
"507448",3.92802032153702,1.53846231611987,2.31696198752333,-0.77849967140346,-2.38955800541715,-1.61105833401369
"213246",1.41289072105482,1.04673283966655,1.11391617036269,-0.0671833306961445,-0.36615788138827,-0.298974550692126
"190699",2.85687542259665,4.41193857036694,3.9249175446076,0.487021025759342,1.55506314777029,1.06804212201095
"210819",1.50047407458594,2.52620067358017,2.09740711992737,0.428793553652802,1.02572659899423,0.596933045341427
"3299",3.25313209758247,4.07018856916856,3.81069809729115,0.259490471877403,0.817056471586085,0.557565999708682
"317628",0.618539284023417,0.482687828302151,0.528828917360957,-0.0461410890588054,-0.135851455721266,-0.0897103666624607
"256611",0.194267264701708,0.76960595852328,0.504414160319363,0.265191798203916,0.575338693821572,0.310146895617656
"464433",1e-08,0.748542613559831,0.408250500081927,0.340292113477904,0.748542603559831,0.408250490081927
"286602",1.20577957412477,1.99628829592105,1.75687274269774,0.239415553223307,0.790508721796275,0.551093168572968
"141101",2.05931734719438,1.43483745871188,1.60275660354674,-0.167919144834859,-0.624479888482492,-0.456560743647633
"397568",0.142678507893154,0.434292628452352,0.312382853285424,0.121909775166928,0.291614120559198,0.16970434539227
"188932",1.22379117392458,2.30278432995605,1.87844541036214,0.424338919593916,1.07899315603147,0.654654236437552
"82423",1.01486270330562,2.78158435342974,2.06007164251336,0.721512710916371,1.76672165012412,1.04520893920775
"138541",0.801175231671351,1.80665291911587,1.35772312107649,0.448929798039385,1.00547768744452,0.556547889405137
"491384",3.53183046937341,2.5125441605447,2.88770397062598,-0.375159810081287,-1.01928630882871,-0.644126498747423
"516064",0.632404683301223,1.23880813755344,0.961626687289691,0.27718145026375,0.606403454252218,0.329222003988468
"115496",1.99298545417098,1.27711859006532,1.54049138516319,-0.263372795097862,-0.715866864105655,-0.452494069007793
"284843",1.46145396725011,2.30478953174436,1.9522383351201,0.352551196624264,0.843335564494257,0.490784367869993
"336825",1.60226047752776,1.562942017341,1.57742298361227,-0.0144809662712684,-0.0393184601867522,-0.0248374939154838
"428503",3.02866467225457,2.43591026634875,2.65074196910186,-0.214831702753116,-0.592754405905827,-0.37792270315271
"95963",8.2511083502979,6.06245215962428,6.61128130878641,-0.548829149162121,-2.18865619067362,-1.6398270415115
"553522",10,6.52539200660593,8.51676273561341,-1.99137072900748,-3.47460799339407,-1.48323726438659
"522977",0.323303658455486,0.342353611085334,0.33356127846435,0.00879233262098439,0.019049952629848,0.0102576200088637
"141407",2.09510804384152,3.40743399466918,2.91359700168496,0.493836992984227,1.31232595082766,0.818488957843434
"19237",0.468051825498624,1.01757148497465,0.80124317452872,0.216328310445927,0.549519659476023,0.333191349030096
"289623",2.44299955977784,3.12375457814701,2.86921263435756,0.254541943789445,0.680755018369165,0.42621307457972
"301789",0.345577201574524,1.35274928648139,0.949324462902931,0.403424823578463,1.00717208490687,0.603747261328407
"420618",5.21474645296459,3.3205925397179,3.90626151132969,-0.585668971611791,-1.89415391324669,-1.30848494163489
"486366",0.563233694591074,1.37075811092434,1.02837359243884,0.342384518485499,0.807524416333264,0.465139897847764
"493446",0.50220454656429,1.54361917577077,1.09290028409166,0.450718891679113,1.04141462920648,0.590695737527371
"6467",4.71513347200961,4.02686580687674,4.24839166509314,-0.221525858216405,-0.688267665132867,-0.466741806916461
"78496",2.60767462928378,2.75911572800064,2.70341876721273,0.0556969607879108,0.151441098716856,0.0957441379289454
"93940",1.20304471532675,1.72365688902401,1.53004803630252,0.193608852721492,0.520612173697258,0.327003320975766
"222049",1.42226195346865,0.32204477253566,0.731453207756299,-0.409408435220639,-1.10021718093299,-0.690808745712349
"204029",0.271849114457409,0.667634099187654,0.485247303717466,0.182386795470188,0.395784984730245,0.213398189260057
"420624",0.711042710348248,2.02427690133069,1.43873577460756,0.585541126723132,1.31323419098244,0.727693064259308
"362030",1e-08,0.561584191006239,0.265947811373534,0.295636379632704,0.561584181006239,0.265947801373534
"195017",0.131655540200047,0.333124534911671,0.236114545754219,0.0970099891574521,0.201468994711624,0.104459005554172
"531211",1.07012258815506,1.38021751081655,1.2509661915665,0.129251319250051,0.310094922661484,0.180843603411433
"90119",1.67540738517692,1.98923047561846,1.86620295038745,0.123027525231017,0.313823090441545,0.190795565210528
"98062",2.29772844397865,2.55452654594626,2.46737847547606,0.0871480704702066,0.256798101967615,0.169650031497409
"277656",0.243241463688935,0.624609810725807,0.447517341662199,0.177092469063608,0.381368347036872,0.204275877973264
"261498",0.604160907157572,1.42928817398949,1.03215666560291,0.397131508386576,0.825127266831916,0.42799575844534
"412756",0.381561633451681,0.447402735287423,0.418890583499081,0.0285121517883419,0.0658411018357422,0.0373289500474003
"542779",0.790723409475187,1.61692258630633,1.28185761761933,0.335064968686999,0.826199176831138,0.491134208144139
"189899",0.908133320639529,0.851530981520392,0.875809608819569,-0.0242786272991774,-0.0566023391191369,-0.0323237118199595
"399885",1.3361617203579,1.06419455992163,1.17136395987758,-0.107169399955945,-0.271967160436272,-0.164797760480327
"431900",0.340508784086195,1.1046970180732,0.781405902535021,0.32329111553818,0.764188233987006,0.440897118448826
"470563",0.155431365219786,0.763968331842324,0.481183256442351,0.282785075399973,0.608536966622538,0.325751891222565
"774",0.890519154593646,0.495655642093906,0.64086886650809,-0.145213224414183,-0.39486351249974,-0.249650288085556
"71472",1e-08,0.644274887681137,0.302437031097034,0.341837856584103,0.644274877681137,0.302437021097034
"71832",0.00643967968793715,0.39625142790203,0.220737373027872,0.175514054874159,0.389811748214093,0.214297693339934
"234743",0.801578366209465,1.30394607638241,1.11240473656159,0.191541339820821,0.502367710172943,0.310826370352122
"300834",1.39778448366634,1.85457494366923,1.68399906485395,0.170575878815277,0.456790460002889,0.286214581187612
"147796",2.33215207380709,1.97797324624753,2.12461770777653,-0.146644461528999,-0.354178827559562,-0.207534366030564
"258563",1.33839918232556,1.10205712516164,1.19426526808209,-0.0922081429204471,-0.236342057163925,-0.144133914243478
"502097",1.96889777254781,2.12666614965223,2.06064965422086,0.0660164954313691,0.15776837710442,0.0917518816730507
"570686",2.4528105233481,1.65728242110817,1.97533183232246,-0.318049411214291,-0.795528102239924,-0.477478691025633
"461828",0.0465136078116225,0.0482258932170149,0.0474182851216596,0.000807608095355336,0.00171228540539247,0.000904677310037134
"158362",2.30640652562458,0.919343978570409,1.36731689803559,-0.447972919465184,-1.38706254705418,-0.939089627588992
"422358",10,3.98790141340179,5.40872617192899,-1.42082475852721,-6.01209858659821,-4.59127382807101
"77447",3.00969146235416,4.27187445578449,3.86932761098992,0.402546844794577,1.26218299343034,0.859636148635758
"397838",0.3118015183903,2.00201633762342,1.15872022692188,0.843296110701543,1.69021481923312,0.846918708531579
"430923",1.5574707424173,2.57589899795943,2.14962023293719,0.426278765022238,1.01842825554213,0.592149490519894
"470809",0.113442487917549,0.234444489659895,0.178265115223451,0.0561793744364439,0.121002001742346,0.0648226273059017
"378234",0.0262871242480083,0.260336620225312,0.163732923456169,0.0966036967691433,0.234049495977304,0.13744579920816
"84937",1.38429655551443,0.827184738469327,1.02869062838057,-0.201505889911246,-0.557111817045098,-0.355605927133852
"244378",0.781105737644432,0.551721096484855,0.64618600487291,-0.0944649083880554,-0.229384641159577,-0.134919732771522
"350151",2.85354224611576,2.40834171938923,2.56526376280471,-0.156922043415475,-0.445200526726532,-0.288278483311057
"23883",2.21976020213827,1.61291450787514,1.84733590918112,-0.234421401305986,-0.606845694263136,-0.37242429295715
"540403",0.119960772743172,0.180890260324235,0.152778395559386,0.0281118647648489,0.0609294875810624,0.0328176228162135
"176302",0.128960862802047,0.621546517831148,0.348835347781641,0.272711170049507,0.492585655029101,0.219874484979594
"472888",1.88267673264917,1.95069115626214,1.92406126329198,0.0266298929701643,0.0680144236129732,0.0413845306428089
"160645",1.06691841662744,0.721465223354177,0.873647295264116,-0.152182071909939,-0.345453193273259,-0.19327112136332
"355321",1.78947841123629,2.28856566185203,2.08053074576887,0.208034916083156,0.499087250615737,0.291052334532581
"37792",1.92062700898594,1.57692429105849,1.70618842919124,-0.129264138132751,-0.34370271792745,-0.214438579794699
"389589",8.95880474586079,5.03645460518873,5.97869675716666,-0.942242151977924,-3.92235014067206,-2.98010798869413
"406008",10,2.64610591722255,4.94522496299276,-2.29911904577022,-7.35389408277745,-5.05477503700724
"466644",1.98874261223705,1.05821933160596,1.3650286036451,-0.306809272039142,-0.930523280631086,-0.623714008591944
"73435",1.95178855349318,1.0973850135033,1.38339910782525,-0.286014094321946,-0.854403539989874,-0.568389445667928
"12059",6.17520486812093,2.6692048790939,3.72331563636869,-1.05411075727479,-3.50599998902703,-2.45188923175224
"328496",10,4.40608679869078,7.91977162661545,-3.51368482792466,-5.59391320130922,-2.08022837338455
"420762",10,7.70451443424377,10,-2.29548556575623,-2.29548556575623,0
"552341",10,6.4081322390999,9.22441953422777,-2.81628729512787,-3.5918677609001,-0.775580465772229
"342460",0.141479622865064,0.419677405588273,0.31284974182865,0.106827663759623,0.278197782723209,0.171370118963586
"416627",0.250516689833312,0.253772655091618,0.252658263291474,0.00111439180014389,0.00325596525830651,0.00214157345816263
"405073",2.03541465946041,1.90384068814367,1.95774230872278,-0.0539016205791167,-0.131573971316746,-0.0776723507376293
"98453",0.417256477469132,0.212839558231461,0.31327529367221,-0.100435735440749,-0.20441691923767,-0.103981183796921
"22427",0.0764768123034282,0.313839511905218,0.196361773870205,0.117477738035013,0.23736269960179,0.119884961566777
"327897",0.39337732549205,0.339947757298772,0.360882653824638,-0.0209348965258661,-0.0534295681932779,-0.0324946716674118
"334409",4.15939414195103,2.70921497106321,3.12469400723844,-0.415479036175222,-1.45017917088782,-1.03470013471259
"167441",2.62532316661376,2.98083949191557,2.84868869923844,0.132150792677137,0.355516325301809,0.223365532624672
"377937",2.69298459156221,3.27603175741138,3.05415250457778,0.221879252833596,0.583047165849166,0.361167913015569
"383806",1.98019316935492,1.97446571781397,1.97687894525619,-0.00241322744222039,-0.00572745154094734,-0.00331422409872695
"231382",2.5745355707807,0.762009032141957,1.34845958381026,-0.586450551668305,-1.81252653863875,-1.22607598697044
"538615",1.57915433567876,1.29670892346785,1.39757709470629,-0.100868171238448,-0.282445412210917,-0.181577240972469
"510890",7.85671310268744,1.67912477235922,3.3622194956476,-1.68309472328838,-6.17758833032822,-4.49449360703983
"156947",0.148318100374373,0.147464960797598,0.1478110222682,-0.000346061470601927,-0.000853139576774992,-0.000507078106173064
"347457",0.108578403756583,0.26151649624363,0.191495389134723,0.0700211071089074,0.152938092487047,0.0829169853781394
"444907",0.190176897121997,0.139201873398419,0.162660404101992,-0.0234585307035728,-0.0509750237235775,-0.0275164930200046
"520654",1.03631061804442,1.47344100964725,1.28807332147571,0.185367688171539,0.437130391602829,0.251762703431291
"470317",0.93708360895168,0.986604906619096,0.963818801834968,0.0227861047841278,0.0495212976674158,0.026735192883288
"578381",0.0184982707641574,0.77540675711484,0.420579978430383,0.354826778684457,0.756908486350683,0.402081707666226
"523273",0.164690200675498,0.772883113061681,0.491875967130208,0.281007145931473,0.608192912386184,0.32718576645471
"326170",0.875691969741603,0.716772251454598,0.782887147603485,-0.0661148961488874,-0.158919718287006,-0.0928048221381181
"27449",3.67875049636938,2.20043141980967,2.72858292241491,-0.528151502605239,-1.47831907655971,-0.950167573954475
"563720",1.27979856635917,2.79478600972225,2.14861619774441,0.646169811977839,1.51498744336308,0.868817631385241
"535046",7.41643279199724,1.63331704905056,3.17397729264908,-1.54066024359852,-5.78311574294669,-4.24245549934817
"542602",2.72581059178541,2.75392318515786,2.74365422625759,0.0102689589002689,0.0281125933724566,0.0178436344721877
"113399",3.59879887466765,1.80493328681309,2.40284119016145,-0.597907903348358,-1.79386558785456,-1.1959576845062
"93907",1.37138201760686,0.737181924924871,0.966039488659,-0.228857563734129,-0.634200092681993,-0.405342528947864
"425115",0.342471651608671,0.575524817956357,0.468272027515479,0.107252790440878,0.233053166347687,0.125800375906809
"442882",0.407062749150706,0.447367891850193,0.430081010392697,0.0172868814574955,0.0403051426994871,0.0230182612419916
"398698",0.690685613864747,1.64686473255146,1.2487318709092,0.398132861642253,0.95617911868671,0.558046257044456
"521231",0.396406402727645,0.986907399617967,0.748964524349224,0.237942875268743,0.590500996890322,0.352558121621579
"280992",0.563368628967498,2.94401972220535,2.35283446585244,0.591185256352913,2.38065109323785,1.78946583688494
"317913",1.25796249384485,1.02707283521323,1.11654637376214,-0.0894735385489183,-0.230889658631629,-0.14141612008271
"236713",1.87695674062162,2.26087306251886,2.10085198174335,0.160021080775504,0.383916321897236,0.223895241121732
"348394",2.46193106145887,2.98807545889562,2.78923883496329,0.198836623932329,0.526144397436753,0.327307773504424
"570399",2.32900220607146,2.57909877379246,2.48678646932375,0.0923123044687029,0.250096567720998,0.157784263252295
"167562",0.412726256656757,0.852088736388569,0.635456044477664,0.216632691910905,0.439362479731812,0.222729787820907
"44163",1.10103880999181,0.961043510355108,1.0116196462473,-0.0505761358921948,-0.139995299636704,-0.0894191637445094
"434880",0.239016243136711,0.501001576249428,0.386824156870765,0.114177419378663,0.261985333112717,0.147807913734054
"311279",0.150522792297524,0.456359707003352,0.327876091941526,0.128483615061826,0.305836914705827,0.177353299644002
"287091",1.47201724992157,0.874304458232876,1.09991012834244,-0.225605670109567,-0.597712791688691,-0.372107121579124
"293211",3.22993620559964,0.924401976359033,1.760996423642,-0.836594447282967,-2.3055342292406,-1.46893978195764
"136381",1.03254852697981,2.68786791299446,2.01484470990509,0.673023203089368,1.65531938601465,0.982296182925284
"431945",1.48885663305209,2.20822627777929,1.91756875762355,0.290657520155745,0.719369644727206,0.428712124571461
"539910",3.30863275526331,4.84307809747225,4.33576413279248,0.507313964679773,1.53444534220894,1.02713137752917
"463273",1e-08,0.260767169433017,0.14839940609261,0.112367763340407,0.260767159433017,0.14839939609261
"300343",0.0748499039777398,0.268230017030863,0.174477576400562,0.0937524406303016,0.193380113053124,0.099627672422822
"154787",5.71144477488228,3.17564825882576,3.9597863014902,-0.784138042664442,-2.53579651605652,-1.75165847339208
"57885",5.27603349966853,3.51087849096255,4.07016257476327,-0.559284083800721,-1.76515500870599,-1.20587092490526
"411165",1.04227363666491,1.82882590408918,1.55012668586888,0.278699218220299,0.78655226742427,0.507853049203971
"414692",0.0914749734255513,0.863318250455544,0.493812611766951,0.369505638688593,0.771843277029993,0.4023376383414
"245872",1.75327649941705,1.98414087174661,1.90729698573794,0.0768438860086669,0.23086437232956,0.154020486320893
"121995",3.96779383844282,1.88886098953167,2.60783685512617,-0.718975865594502,-2.07893284891115,-1.35995698331665
"285929",2.11391071336673,3.44759493430377,2.94378355937988,0.503811374923897,1.33368422093704,0.829872846013146
"467499",2.78394031726296,2.32525723286416,2.48534866218267,-0.160091429318507,-0.458683084398794,-0.298591655080288
"492461",2.29659237314003,3.04283502750659,2.76870441124835,0.274130616258244,0.74624265436656,0.472112038108316
"511565",10,4.23360774284961,5.72235072429523,-1.48874298144562,-5.76639225715039,-4.27764927570477
"57342",2.5214582479688,2.48060103795427,2.49491876400602,-0.0143177260517469,-0.0408572100145332,-0.0265394839627864
"394772",1.05260056536299,1.13573114016922,1.10290972682506,0.0328214133441629,0.0831305748062343,0.0503091614620714
"176594",0.0760127468161191,0.641424567992144,0.341080645545786,0.300343922446358,0.565411821176025,0.265067898729667
"62845",0.329578358730474,0.529503836382871,0.443608605329256,0.0858952310536153,0.199925477652397,0.114030246598782
"544521",0.166558430556013,1.09436543413318,0.627992349692903,0.466373084440273,0.927807003577164,0.46143391913689
"23013",0.21024451164033,0.317928235688233,0.266048124249063,0.0518801114391695,0.107683724047903,0.0558036126087334
"348403",2.67049031589456,0.781709517910038,1.40505814123279,-0.623348623322752,-1.88878079798452,-1.26543217466177
"406039",0.069058571372644,0.0813026258177567,0.0752121191487066,0.00609050666905006,0.0122440544451126,0.00615354777606256
"242045",0.64261778065193,0.605424627391322,0.619090966852048,-0.0136663394607259,-0.0371931532606073,-0.0235268137998814
"67856",0.0527262981502641,0.272816107092477,0.169696954194687,0.10311915289779,0.220089808942213,0.116970656044423
"5697",0.57865715763861,0.529079449934881,0.547888423982987,-0.0188089740481058,-0.0495777077037288,-0.030768733655623
"190038",0.771785158480368,0.782831929275399,0.778128871418703,0.00470305785669578,0.0110467707950309,0.00634371293833513
"176162",2.31967010420227,1.62636132675476,1.89955442414713,-0.273193097392374,-0.693308777447513,-0.420115680055139
"415979",3.4451512491751,2.03070228950616,2.51791930042062,-0.487217010914462,-1.41444895966894,-0.927231948754477
"237428",0.011086463313805,0.121239453680958,0.0697159018282549,0.0515235518527027,0.110152990367153,0.0586294385144499
"442323",0.0494508259720475,0.138585373223106,0.0944374156782982,0.0441479575448078,0.0891345472510584,0.0449865897062506
"60569",0.499369069643891,2.14429136608641,1.3980464348521,0.746244931234302,1.64492229644252,0.898677365208214
"12194",0.590768746234704,0.744819744561657,0.684909344226845,0.0599104003348112,0.154050998326952,0.0941405979921413
"123557",3.61922642267141,1.8035618614608,2.42725977862068,-0.623697917159879,-1.81566456121061,-1.19196664405073
"412803",1.57896131928176,1.01489502394933,1.24221657617321,-0.22732155222388,-0.564066295332428,-0.336744743108548
"75967",0.379827192467851,1.33012181270702,0.892462774686033,0.437659038020984,0.950294620239167,0.512635582218182
"454485",0.121041230246759,0.0806728924044786,0.0990737496158299,-0.0184008572113513,-0.0403683378422803,-0.021967480630929
"162386",0.176725294930021,2.22878601057594,1.36464020155341,0.864145809022533,2.05206071564592,1.18791490662338
"446059",0.863131544750903,1.58034895505816,1.27069230613165,0.309656648926513,0.71721741030726,0.407560761380747
"489389",0.860025826204828,1.99239545280486,1.48921199051945,0.503183462285414,1.13236962660003,0.62918616431462
"490957",0.523230074238354,1.1984666198931,0.887801941214311,0.310664678678791,0.675236545654748,0.364571866975957
"108192",0.461347713159252,0.927926140353243,0.739523492756816,0.188402647596428,0.466578427193992,0.278175779597564
"377954",0.697632480711776,0.057501801379072,0.697632480711776,-0.640130679332704,-0.640130679332704,0
"350947",1e-08,0.53842806542046,0.285032570797659,0.253395494622801,0.53842805542046,0.285032560797659
"249214",0.142030470870072,0.586945212179745,0.394365758738935,0.19257945344081,0.444914741309673,0.252335287868863
"53781",2.26061892210167,1.09553645471923,1.49562906562425,-0.400092610905024,-1.16508246738244,-0.764989856477418
"228088",1.47757929340002,2.21736257678304,1.92614488843396,0.291217688349078,0.739783283383017,0.448565595033939
"342043",1.38780982284217,0.60208950828634,0.860547780877171,-0.258458272590832,-0.785720314555832,-0.527262041965
"563535",0.0493746878794906,0.205363366628021,0.127343179384349,0.0780201872436718,0.15598867874853,0.0779684915048584
"330592",1.78526951096723,1.84731856209557,1.82324335801407,0.0240752040814982,0.062049051128336,0.0379738470468378
"339310",1.63302512488754,2.5956103536578,2.18683961630649,0.408770737351309,0.96258522877026,0.553814491418952
"416525",0.206855581193988,1.38257928201843,0.82762097965271,0.554958302365719,1.17572370082444,0.620765398458722
"275870",0.0723721159121855,0.292560128379141,0.18425356042719,0.108306567951951,0.220188012466955,0.111881444515004
"135788",0.95795376284,1.29756180322396,1.16145157675088,0.136110226473074,0.339608040383956,0.203497813910883
"279025",3.42570204154292,2.32649232728929,2.72457190432104,-0.398079577031746,-1.09920971425363,-0.70113013722188
"515675",0.213260146811776,0.641793860470849,0.455140917741766,0.186652942729083,0.428533713659073,0.24188077092999
"316739",0.104518396859314,0.343915408497045,0.230299152971228,0.113616255525817,0.239397011637731,0.125780756111914
"102279",0.0309136577557618,0.498731126490222,0.262718805675931,0.236012320814292,0.46781746873446,0.231805147920169
"533487",5.5968127892245,2.8882984504258,3.36710285865375,-0.478804408227947,-2.7085143387987,-2.22970993057075
"551431",1.97677860157488,1.73363903030597,1.82870820676315,-0.095069176457184,-0.243139571268915,-0.148070394811731
"40443",0.0633609448815295,0.651918254517845,0.404838137078307,0.247080117439539,0.588557309636316,0.341477192196777
"16930",0.0323662209429464,0.151700224328429,0.0923725241847485,0.0593277001436809,0.119334003385483,0.060006303241802
"125670",0.0327529148524538,0.227174977631576,0.135648108279666,0.0915268693519094,0.194422062779122,0.102895193427212
"422670",0.371622847677791,0.992264018475909,0.724842000580652,0.267422017895257,0.620641170798118,0.353219152902861
"253607",1.27580274655472,0.40222666941137,0.739799395619699,-0.337572726208329,-0.873576077143349,-0.53600335093502
"332219",3.22487826156903,2.38881893899077,2.68713427034369,-0.298315331352916,-0.836059322578257,-0.537743991225341
"239926",1.45277949790839,2.44230537426607,2.03918374774419,0.403121626521877,0.989525876357681,0.586404249835804
"3279",2.2374374667649,3.46026131156524,3.0007036798834,0.459557631681838,1.22282384480034,0.7632662131185
"344819",4.50715515295068,5.92085190194567,5.60797300164828,0.312878900297398,1.41369674899499,1.10081784869759
"156780",0.728411881212597,1.20643782158194,0.982892458343827,0.22354536323811,0.47802594036934,0.25448057713123
"252972",0.300775680918112,0.40476990925028,0.351456286251259,0.0533136229990208,0.103994228332168,0.0506806053331474
"344832",8.02164252411293,5.98029335915143,6.48394413690792,-0.503650777756497,-2.04134916496151,-1.53769838720501
"141059",1e-08,0.305905917140352,0.164780957937114,0.141124959203238,0.305905907140352,0.164780947937114
"461076",0.0576085011466291,1.70641087306979,0.947470486630064,0.758940386439721,1.64880237192316,0.889861985483435
"111314",4.96157613487857,4.57552951963269,4.6559545521051,-0.0804250324724096,-0.386046615245883,-0.305621582773473
"487043",0.0653385937685661,0.290003825162237,0.179786567020065,0.110217258142172,0.224665231393671,0.114447973251499
"55977",0.884395782793468,0.645309527945322,0.740795107520632,-0.0954855795753106,-0.239086254848147,-0.143600675272836
"467292",0.168131155296509,0.497465996376852,0.356995763980803,0.140470232396049,0.329334841080343,0.188864608684295
"294310",0.656953958704736,1.53694326436623,1.17793199269453,0.359011271671694,0.879989305661492,0.520978033989798
"351593",1.0654906372108,1.23570891044125,1.16447636365942,0.0712325467818362,0.170218273230451,0.0989857264486145
"511351",5.03409221600753,2.25946717817435,3.00459630479122,-0.745129126616874,-2.77462503783318,-2.0294959112163
"330542",0.985295888950755,1.76994902627427,1.42393394906939,0.346015077204876,0.784653137323515,0.438638060118639
"397817",3.45875928895785,1.98605940801342,2.48687879904319,-0.500819391029765,-1.47269988094442,-0.971880489914657
"95031",0.0997240787640494,0.829165368391929,0.608579389726973,0.220585978664955,0.729441289627879,0.508855310962924
"370248",0.773836772026227,3.73253731198339,2.89957553993048,0.832961772052908,2.95870053995716,2.12573876790426
"320372",1.21339183051823,1.85633351763687,1.61626276125791,0.240070756378957,0.642941687118645,0.402870930739688
"327360",1.88361336693584,1.00985202550494,1.30016174583407,-0.290309720329133,-0.873761341430903,-0.58345162110177
"304921",7.8722411940143,1.4833290453789,7.8722411940143,-6.3889121486354,-6.3889121486354,0
"416863",0.769250981244914,1.49151655912896,1.19899853567269,0.292518023456268,0.722265577884042,0.429747554427775
"482197",1.83241457134209,1.96066526489419,1.90834314468268,0.0523221202115101,0.128250693552098,0.0759285733405879
"521990",4.12485686095997,1.83300270824837,2.63057219537688,-0.797569487128511,-2.2918541527116,-1.49428466558309
"346199",7.83008234999777,1.6337845841199,3.31010799497991,-1.67632341086001,-6.19629776587787,-4.51997435501786
"409279",5.86958713941209,2.90606440880963,3.81941339001176,-0.913348981202136,-2.96352273060246,-2.05017374940032
"444474",0.385468624739124,0.459568543560523,0.427481806540708,0.032086737019815,0.0740999188213995,0.0420131818015845
"9738",0.35224193265896,0.333612398002081,0.341793167564245,-0.00818076956216385,-0.018629534656879,-0.0104487650947152
"414526",9.11531422600476,4.6588366871237,5.69711200134376,-1.03827531422006,-4.45647753888107,-3.418202224661
"445128",9.43098847141262,4.41561857895911,5.57897344429427,-1.16335486533516,-5.01536989245351,-3.85201502711835
"552021",3.50041218963633,2.17804178304563,2.64269736913533,-0.464655586089704,-1.3223704065907,-0.857714820501
"67477",6.92239707362983,1.91586725311856,3.28452985232679,-1.36866259920823,-5.00652982051127,-3.63786722130304
"550465",0.887810018651565,1.48252753946466,1.23882026150144,0.243707277963221,0.594717520813095,0.351010242849874
"403535",10,4.71498313107391,6.85799163993774,-2.14300850886383,-5.28501686892609,-3.14200836006226
"123819",3.25783702778844,2.91583891503132,3.0470705845007,-0.131231669469382,-0.341998112757123,-0.210766443287741
"163327",3.67976730045528,1.66031224348996,2.33389992347321,-0.673587679983247,-2.01945505696532,-1.34586737698207
"228141",3.76130959993384,1.79778912633704,2.46741615683777,-0.669627030500737,-1.9635204735968,-1.29389344309606
"81696",2.56142895366599,3.38405161717155,3.06368767080866,0.320363946362886,0.822622663505553,0.502258717142667
"151424",0.171255140292293,0.158168665091481,0.16450312035621,-0.00633445526472931,-0.0130864752008125,-0.00675201993608324
"504821",0.120427114965742,0.383255180933498,0.263821351603999,0.119433829329499,0.262828065967756,0.143394236638257
"128725",0.17868500790369,0.771249206057875,0.484070997988618,0.287178208069257,0.592564198154185,0.305385990084928
"22274",0.498538638079487,1.32053661701522,1.017655539137,0.302881077878226,0.821997978935737,0.519116901057511
"28609",0.214371433051404,0.509488773177647,0.385157147889519,0.124331625288128,0.295117340126243,0.170785714838114
"19049",0.0531110697620822,0.0901608390536848,0.0734699677472422,0.0166908713064426,0.0370497692916026,0.02035889798516
"7962",0.144254166768454,0.550008528471041,0.378678994166112,0.171329534304928,0.405754361702586,0.234424827397658
"522631",1.03724634942834,0.899480940668305,0.948710623136809,-0.0492296824685036,-0.137765408760039,-0.0885357262915357
"77825",2.72209048078858,2.65026322315433,2.6762587535455,-0.0259955303911723,-0.0718272576342525,-0.0458317272430802
"258506",0.0806104114868636,0.209988730934184,0.150432204086498,0.0595565268476858,0.12937831944732,0.0698217925996346
"55979",6.14738930801582,1.61710130549347,2.8026567855912,-1.18555548009772,-4.53028800252235,-3.34473252242463
"200554",0.854636120656728,0.23216922253372,0.487982347971123,-0.255813125437402,-0.622466898123007,-0.366653772685605
"328505",4.01696593332621,1.41178948677839,2.25880101830969,-0.8470115315313,-2.60517644654782,-1.75816491501652
"358585",1.23894247673896,1.468002145016,1.37104075446331,0.0969613905526885,0.229059668277033,0.132098277724345
"46161",0.876622015430071,0.390231122477458,0.561907546493886,-0.171676424016428,-0.486390892952612,-0.314714468936185
"304139",0.128532130437153,0.52232118937919,0.364006445175956,0.158314744203233,0.393789058942037,0.235474314738803
"114277",0.291869896199656,0.57196930775765,0.460371410394239,0.111597897363411,0.280099411557995,0.168501514194584
"223806",0.0105525364907045,0.0444448603298493,0.0269669609487496,0.0174778993810997,0.0338923238391448,0.0164144244580451
"448283",1.35731579433486,0.781770154941984,0.985383887574565,-0.203613732632582,-0.57554563939288,-0.371931906760298
"225859",0.688480611229222,1.56799586223667,1.21038031596161,0.357615546275063,0.879515251007452,0.521899704732389
"436563",1e-08,0.913699131863421,0.427335005588159,0.486364126275262,0.913699121863421,0.427334995588159
"151742",0.687841001017179,1.54824549462295,1.19618027844734,0.352065216175609,0.860404493605772,0.508339277430163
"11371",0.443457108966209,0.618829162860564,0.55725940516791,0.061569757692654,0.175372053894356,0.113802296201702
"249831",0.77939297075682,1.89515536526729,1.39105979779482,0.504095567472475,1.11576239451047,0.611666827037999
"340522",2.64055474665124,3.02204205499584,2.88070337207748,0.141338682918364,0.381487308344601,0.240148625426237
"321736",1.13110702280189,2.37419835248298,1.97793216196545,0.396266190517536,1.24309132968109,0.846825139163558
"62928",0.992591097090447,0.951313237407257,0.965555341468308,-0.0142421040610509,-0.0412778596831898,-0.0270357556221389
"64921",0.493334940608474,1.2255143671084,0.895167627772529,0.330346739335868,0.732179426499924,0.401832687164056
"121116",2.76991734521003,2.58806842515575,2.65319185399288,-0.0651234288371287,-0.18184892005428,-0.116725491217151
"280335",0.360302396431125,0.30227497026774,0.323919772124409,-0.0216448018566691,-0.0580274261633851,-0.0363826243067161
"209545",0.0198755506333272,0.0905532210623472,0.0571388354642874,0.0334143855980598,0.07067767042902,0.0372632848309602
"248638",0.921265721745068,1.06994035848807,1.01431843730649,0.0556219211815889,0.148674636743006,0.0930527155614174
"152783",0.500231666440209,0.619597126326065,0.564352063733055,0.0552450625930099,0.119365459885856,0.0641203972928462
"134714",0.105925441401579,0.262007491337637,0.190590928799948,0.0714165625376886,0.156082049936057,0.0846654873983688
"18424",0.0271719479079738,0.189188666440594,0.112322526880651,0.076866139559943,0.16201671853262,0.0851505789726775
"435493",0.168467911512618,1.30430557431257,0.809624369842579,0.49468120446999,1.13583766279995,0.641156458329961
"61829",1.43068269736948,2.05717061493822,1.81570795263877,0.241462662299449,0.626487917568735,0.385025255269287
"495478",0.501234702767554,0.577434431037867,0.542732566692412,0.0347018643454552,0.0761997282703127,0.0414978639248575
"462728",2.10257956895627,1.38513807709011,1.64907149951434,-0.263933422424226,-0.717441491866154,-0.453508069441928
"545490",0.783263412769041,1.64882367730485,1.31678162619197,0.332042051112875,0.865560264535808,0.533518213422933
"283960",0.302419224586208,2.6536222706451,1.57411055002984,1.07951172061526,2.35120304605889,1.27169132544363
"60726",1.88388985074403,2.42502794528758,2.19793538914743,0.227092556140148,0.54113809454355,0.314045538403401
"414557",0.0598100922605412,0.307710258072622,0.226639997326725,0.0810702607458966,0.247900165812081,0.166829905066184
"568356",2.61726004407509,1.06404713215597,1.62066655654006,-0.55661942438409,-1.55321291191912,-0.996593487535026
"200781",1e-08,0.192436554621689,0.106100354663496,0.0863361999581923,0.192436544621689,0.106100344663496
"171974",2.34695917632556,1.3095000304252,1.69181401471418,-0.382313984288982,-1.03745914590036,-0.655145161611379
"244929",0.497546144777574,1.29421706485257,0.938747898144312,0.355469166708262,0.796670920075,0.441201753366738
"342296",3.47911574417669,2.84685756407689,3.08653687366452,-0.239679309587625,-0.632258180099798,-0.392578870512173
"193581",4.6128365715281,2.221252971678,2.87357538669549,-0.652322415017496,-2.39158359985011,-1.73926118483261
"9220",1.38904948003609,1.47419991144671,1.43633787583602,0.0378620356106845,0.0851504314106144,0.0472883957999299
"524305",1e-08,0.219110562595003,0.118733267848116,0.100377294746887,0.219110552595003,0.118733257848116
"296218",0.0988660949236341,0.761666123497728,0.513565008430401,0.248101115067327,0.662800028574094,0.414698913506767
"147332",1.14993023198674,2.54016081995676,2.08448097962345,0.455679840333306,1.39023058797002,0.934550747636713
"563485",0.233912763437517,0.909518089867802,0.581487125334354,0.328030964533448,0.675605326430285,0.347574361896837
"244325",0.77512320943089,1.64186844452522,1.28092712325083,0.36094132127439,0.866745235094328,0.505803913819939
"369345",0.490411692497503,0.732645109766166,0.613457081048238,0.119188028717928,0.242233417268663,0.123045388550736
"332548",0.716151664465944,0.784385166564623,0.756053940575866,0.0283312259887573,0.0682335020986788,0.0399022761099216
"551064",1.64497216709735,1.85073849093787,1.77026030623087,0.0804781847070002,0.205766323840521,0.125288139133521
"554594",2.22886165868305,1.50328528315597,1.7799477327759,-0.276662449619937,-0.725576375527084,-0.448913925907147
"562844",1e-08,2.14405265661473,1.17845118736129,0.965601469253441,2.14405264661473,1.17845117736129
"327064",1e-08,0.348809529164042,0.171222790477828,0.177586738686214,0.348809519164042,0.171222780477828
"12921",2.12951675306581,1.3179197808196,1.61629840869795,-0.298378627878355,-0.811596972246215,-0.51321834436786
"323144",1e-08,0.787678314697843,0.348065938118584,0.439612376579259,0.787678304697843,0.348065928118584
"147791",3.25970742575627,2.41507931792915,2.71580198664147,-0.30072266871232,-0.844628107827115,-0.543905439114795
"429647",0.114287186209496,1.20246894111584,0.715029586946991,0.487439354168848,1.08818175490634,0.600742400737495
"524608",0.0855202061065324,1.59934716194473,0.863003481330754,0.736343680613976,1.5138269558382,0.777483275224222
"91077",0.0763932281757049,1.31136771045953,0.748781207413741,0.562586503045794,1.23497448228383,0.672387979238036
"496295",0.12603335782533,0.198334271657398,0.163478064142138,0.0348562075152598,0.072300913832068,0.0374447063168082
"106277",3.67298823117347,2.17680722060391,2.71391746312048,-0.537110242516575,-1.49618101056957,-0.95907076805299
"199423",0.78433587173595,1.28869380151971,1.09069243880908,0.198001362710631,0.504357929783757,0.306356567073126
"418359",3.70996127282811,2.05222212079249,2.63799228188522,-0.585770161092731,-1.65773915203563,-1.07196899094289
"439369",0.118253304816454,0.391197148129575,0.2852373229327,0.105959825196875,0.272943843313121,0.166984018116246
"23063",0.605211033580826,0.732670944286696,0.681907913314973,0.0507630309717226,0.12745991070587,0.0766968797341475
"161287",0.115072682286098,0.340792415892599,0.225217320109082,0.115575095783517,0.225719733606501,0.110144637822985
"430951",0.989520088521976,1.49929784963419,1.28277336956541,0.216524480068788,0.509777761112218,0.29325328104343
"204296",0.22975523507337,0.15127686553668,0.184922822000405,-0.033645956463725,-0.0784783695366898,-0.0448324130729648
"154412",0.45967786382571,0.57101318691202,0.532504557252325,0.0385086296596953,0.11133532308631,0.0728266934266143
"565137",0.196855788318884,0.539509568125023,0.396434075322125,0.143075492802898,0.342653779806139,0.199578287003241
"33277",1.75587128444837,1.40537290952399,1.5327055701044,-0.127332660580405,-0.350498374924383,-0.223165714343978
"380366",0.656820901260568,0.501107325673746,0.554482772278003,-0.0533754466042564,-0.155713575586822,-0.102338128982566
"65138",7.48308685266539,1.05542477451804,7.48308685266539,-6.42766207814735,-6.42766207814735,0
"277937",0.102904186175642,0.323961774051478,0.25646692816002,0.067494845891458,0.221057587875836,0.153562741984378
"328790",1.31064530450004,1.85656849219118,1.64711050798162,0.209457984209561,0.545923187691138,0.336465203481578
"19220",0.0321310714411885,0.684409583543277,0.378442778855612,0.305966804687666,0.652278512102089,0.346311707414423
"208185",9.76968956464621,3.33243793561208,4.72265698742964,-1.39021905181756,-6.43725162903413,-5.04703257721657
"522939",6.66117726964977,2.41647525802367,3.67284863121835,-1.25637337319468,-4.24470201162611,-2.98832863843143
"570946",10,3.20007656691852,5.23277970137071,-2.03270313445219,-6.79992343308148,-4.76722029862929
"175123",1.51013388233146,1.84012778692215,1.73687024897666,0.103257537945482,0.329993904590682,0.2267363666452
"232920",0.0399534195752636,0.0917630269439013,0.0681947540685964,0.023568272875305,0.0518096073686378,0.0282413344933328
"84675",1.69821908569527,3.88341762163089,3.01523803571626,0.868179585914629,2.18519853593561,1.31701895002098
"23782",2.85671862768047,2.32399150074653,2.51160518725464,-0.187613686508108,-0.532727126933939,-0.345113440425831
"356594",0.391125741363236,0.0771536715713357,0.214470307825906,-0.13731663625457,-0.3139720697919,-0.17665543353733
"380481",1.33355767671185,0.619493038655398,0.850846770810552,-0.231353732155153,-0.714064638056452,-0.482710905901299
"39822",0.139920966678616,0.292875070931942,0.220526674487677,0.0723483964442648,0.152954104253326,0.080605707809061
"19054",0.162714616357636,0.907309462946941,0.536024483127064,0.371284979819877,0.744594846589305,0.373309866769428
"552447",1.35656814176071,1.43439805614444,1.40676797141172,0.0276300847327213,0.0778299143837264,0.0501998296510051
"147709",1.1667821407393,2.304387222765,1.84792742206527,0.456459800699722,1.1376050820257,0.681145281325978
"149547",3.41490252977321,1.98633439713208,2.48340252646578,-0.497068129333696,-1.42856813264113,-0.931500003307432
"468899",2.94252980558718,2.40883678297145,2.6004238510038,-0.191587068032351,-0.533693022615727,-0.342105954583376
"563203",0.471985530337428,1.50344270729154,1.07533592463138,0.428106782660156,1.03145717695411,0.603350394293955
"88976",5.06730604082944,3.54815995144354,4.02134851755801,-0.473188566114473,-1.5191460893859,-1.04595752327143
"295144",0.0360401594392625,0.554898920546148,0.415512475493662,0.139386445052486,0.518858761106885,0.3794723160544
"553756",0.0240942717910276,0.360140439910701,0.204822408537685,0.155318031373016,0.336046168119673,0.180728136746658
"2954",1.54365054510193,1.98629391162448,1.81618446569448,0.170109445929999,0.442643366522543,0.272533920592544
"355316",0.141115236845174,0.297527239819494,0.214283355759892,0.0832438840596022,0.15641200297432,0.0731681189147181
"172706",3.13665379250298,2.43339617846969,2.68458157835077,-0.251185399881079,-0.703257614033296,-0.452072214152217
"392456",3.78940973130153,4.46582637268176,4.2435541227556,0.222272249926164,0.67641664138023,0.454144391454067
"186297",0.433642293048292,0.913601584063602,0.718092537161032,0.19550904690257,0.47995929101531,0.284450244112741
"107494",1.87335577343345,1.2595808226553,1.47005505425826,-0.210474231602962,-0.613774950778155,-0.403300719175193
"259904",0.293168703236988,0.138355453906177,0.206197323789656,-0.0678418698834793,-0.154813249330811,-0.0869713794473317
"449316",0.956155765767041,1.27234378553761,1.14717956178662,0.125164223750984,0.316188019770564,0.19102379601958
"536111",0.910745947883098,1.32095858500188,1.15864793091548,0.162310654086399,0.410212637118779,0.24790198303238
"496599",0.121037195083451,0.226303473801023,0.17488246913674,0.0514210046642829,0.105266278717571,0.0538452740532882
"133470",1.76090201249769,0.717180847766071,1.11254073871897,-0.395359890952897,-1.04372116473162,-0.648361273778722
"252655",0.919145460551175,1.81328098698242,1.45074135623158,0.362539630750834,0.894135526431242,0.531595895680408
"17979",1e-08,0.752995795467645,0.336467772656003,0.416528022811642,0.752995785467645,0.336467762656003
"225455",3.2545735741392,2.16291445868299,2.54744242360426,-0.384527964921271,-1.0916591154562,-0.707131150534932
"279403",1.55510149851175,1.31781095078647,1.39723815604615,-0.0794272052596734,-0.237290547725278,-0.157863342465604
"293175",9.45127781657699,4.80914806290728,5.91555448619648,-1.10640642328921,-4.64212975366972,-3.53572333038051
"339929",3.54770872306124,2.05145741746663,2.57510243050211,-0.523645013035481,-1.49625130559461,-0.97260629255913
"437943",5.92570616257219,2.66890690493707,3.62456742263883,-0.955660517701761,-3.25679925763512,-2.30113873993336
"563126",10,7.11538258105193,8.77294269261652,-1.65756011156459,-2.88461741894807,-1.22705730738348
"568691",1e-08,0.186845032191142,0.106521311549639,0.0803237206415024,0.186845022191142,0.106521301549639
"384899",1.66396297530431,1.97401310477709,1.8530015794588,0.12101152531829,0.310050129472781,0.189038604154491
"247724",2.67083746877347,3.96679313869799,3.58580804853228,0.380985090165712,1.29595566992451,0.914970579758801
"263654",3.81942388115192,3.43975673166067,3.54758370342931,-0.107826971768644,-0.379667149491255,-0.271840177722611
"411340",1.38819595948771,2.0151987626445,1.77557285482047,0.239625907824025,0.627002803156789,0.387376895332763
"540410",1.12392052906618,2.21701892813754,1.8043053801112,0.412713548026343,1.09309839907136,0.680384851045012
"57748",0.124453034203161,0.332119539941678,0.223369742933315,0.108749797008363,0.207666505738517,0.0989167087301537
"538907",0.450748039403837,0.900080580994628,0.669587181320844,0.230493399673784,0.449332541590791,0.218839141917007
"546730",0.894873292226714,0.652285693032368,0.751392489277691,-0.0991067962453228,-0.242587599194346,-0.143480802949024
"558343",1e-08,0.269933185788136,0.187391726001571,0.0825414597865654,0.269933175788136,0.187391716001571
"255135",0.0564457278694156,0.094404495753159,0.0756900014677758,0.0187144942853832,0.0379587678837434,0.0192442735983602
"488280",0.327700783951773,0.60842041305647,0.482988062116158,0.125432350940312,0.280719629104696,0.155287278164384
"59778",1e-08,0.421097822901622,0.211235126182747,0.209862696718874,0.421097812901622,0.211235116182747
"129801",9.49030285987689,4.41223263908198,5.59550912691947,-1.1832764878375,-5.07807022079492,-3.89479373295742
"301916",3.7292189107269,2.02788395832119,2.62239044046093,-0.594506482139741,-1.7013349524057,-1.10682847026596
"496682",10,3.97921652736593,5.45317120941692,-1.473954682051,-6.02078347263407,-4.54682879058308
"82567",3.54635515232936,1.50162082438839,2.13563509051721,-0.634014266128817,-2.04473432794097,-1.41072006181215
"500872",0.350555125013364,1.03547545374737,0.761229019009651,0.274246434737724,0.684920328734011,0.410673893996288
"472283",0.689443816777186,0.841213560505843,0.762289541180164,0.0789240193256789,0.151769743728657,0.0728457244029783
"191462",0.457551268472035,0.531072052898267,0.498090811550938,0.0329812413473292,0.0735207844262322,0.0405395430789031
"13538",0.580121439498287,1.55588347062588,1.18442989705511,0.371453573570777,0.975762031127597,0.604308457556819
"296500",0.193953595966513,0.618634379693473,0.426626186627169,0.192008193066304,0.42468078372696,0.232672590660656
"116033",2.86373327040406,2.40525267607294,2.56325666353932,-0.158003987466381,-0.458480594331121,-0.30047660686474
"233857",0.643179466799294,1.20965688518307,1.00906459615848,0.200592289024591,0.566477418383779,0.365885129359187
"482312",0.793375862903998,1.41011288960621,1.16816678190349,0.241946107702717,0.616737026702211,0.374790918999495
"336929",10,4.64097388789416,6.81722642124747,-2.17625253335331,-5.35902611210584,-3.18277357875253
"344839",10,3.58283357729937,5.25086823427233,-1.66803465697296,-6.41716642270063,-4.74913176572767
"201707",0.740996605557374,0.883016790241621,0.823089225430931,0.0599275648106903,0.142020184684247,0.0820926198735566
"65069",0.297940091414645,0.308504977074768,0.30450875787103,0.00399621920373811,0.0105648856601226,0.00656866645638454
"47516",3.95677932281066,1.83042538090775,2.5637485454778,-0.733323164570047,-2.12635394190291,-1.39303077733286
"182542",2.39667955201879,1.43817573540299,1.81288408346368,-0.374708348060692,-0.9585038166158,-0.583795468555109
"404846",0.116317227251465,0.714732382297048,0.456764917863342,0.257967464433706,0.598415155045583,0.340447690611877
"107006",1e-08,0.341332857052254,0.229175480577419,0.112157376474835,0.341332847052254,0.229175470577419
"375185",2.30287489059781,1.24866646498876,1.6290638804463,-0.380397415457543,-1.05420842560905,-0.673811010151504
"62091",3.44318310974348,2.33929065269003,2.73495619495798,-0.395665542267947,-1.10389245705345,-0.7082269147855
"35714",0.942628431387459,0.467000538238858,0.654005262020613,-0.187004723781755,-0.475627893148602,-0.288623169366847
"227527",0.0639873585963251,0.940832172229504,0.51764110881504,0.423191063414465,0.876844813633179,0.453653750218714
"56285",0.164592077032482,1.34931121472752,0.792892391003476,0.556418823724042,1.18471913769504,0.628300313970994
"429281",0.0690610831663348,0.314812400755222,0.207460293993249,0.107352106761973,0.245751317588887,0.138399210826914
"153175",0.107975588311846,0.295254499517738,0.206225884534224,0.0890286149835139,0.187278911205892,0.098250296222378
"315617",0.0369740620870841,0.807787529819935,0.463204851201111,0.344582678618823,0.770813467732851,0.426230789114027
"17197",0.538375669732694,1.67770907747894,1.210320390252,0.467388687226941,1.13933340774624,0.671944720519302
"227987",0.650934552614226,1.3587386882958,1.08421378273698,0.274524905558828,0.707804135681578,0.43327923012275
"239416",1.35402624533395,2.26383848179279,1.90615902444764,0.357679457345147,0.909812236458838,0.552132779113691
"31054",2.00090920619208,3.44284726325,2.89731146555299,0.545535797697009,1.44193805705792,0.896402259360912
"375579",0.307141879735372,1.77506703702765,1.22576513908934,0.549301897938313,1.46792515729228,0.918623259353966
"445758",1.70926179189649,3.26850296205341,2.66870819471165,0.599794767341757,1.55924117015692,0.959446402815165
"232788",0.0963848929888899,0.463257656381389,0.269822502954756,0.193435153426633,0.366872763392499,0.173437609965866
"227445",10,4.88095594246226,6.11230247865357,-1.23134653619131,-5.11904405753774,-3.88769752134643
"345298",5.67819303286344,3.13031896168759,3.91044809879148,-0.780129137103891,-2.54787407117585,-1.76774493407196
"509355",9.56740496005018,5.12863685062379,6.18533378386492,-1.05669693324113,-4.43876810942639,-3.38207117618526
"565551",9.56740496005018,5.12863685062379,6.18533378386492,-1.05669693324113,-4.43876810942639,-3.38207117618526
"577817",1e-08,0.197326462891262,0.11330983674533,0.0840166261459319,0.197326452891262,0.11330982674533
"309901",0.00908759059612074,0.336767395836087,0.190024865906694,0.146742529929394,0.327679805239967,0.180937275310573
"57138",1e-08,0.116852155978009,0.0621888585528757,0.0546632974251329,0.116852145978009,0.0621888485528757
"462286",0.0216520362105422,0.0778800182408915,0.0508456095005429,0.0270344087403487,0.0562279820303493,0.0291935732900007
"289193",1.41410346023544,1.83165641110221,1.67470302626298,0.156953384839224,0.417552950866762,0.260599566027538
"484917",0.669868941039996,0.732089690618796,0.707342284995337,0.0247474056234595,0.0622207495788002,0.0374733439553407
"252430",1e-08,0.171418780506128,0.0840170863947562,0.0874016941113722,0.171418770506128,0.0840170763947562
"563308",0.254851871005901,0.547087435494966,0.419164936278328,0.127922499216638,0.292235564489065,0.164313065272428
"191000",1.73303872722304,0.736992643784975,1.11912626120296,-0.382133617417988,-0.996046083438068,-0.61391246602008
"27926",0.0944517264212034,0.279584135776322,0.19152648376752,0.0880576520088019,0.185132409355119,0.0970747573463169
"270837",0.341887753246125,0.474937993391557,0.41800179776285,0.0569361956287072,0.133050240145432,0.0761140445167252
"227640",1.19947676886586,1.05038946616288,1.1082955968392,-0.0579061306763231,-0.149087302702976,-0.0911811720266533
"57487",0.62530429423646,1.7437407618792,1.28105303876517,0.462687723114025,1.11843646764274,0.655748744528712
"214240",1.19926261980407,1.22533855259551,1.21493834851512,0.0104002040803879,0.0260759327914433,0.0156757287110554
"166067",0.00165732767776109,1.03168092355253,0.575576224395814,0.456104699156714,1.03002359587477,0.573918896718053
"510160",0.166791877861563,0.981791151700067,0.672064014899044,0.309727136801024,0.814999273838505,0.505272137037481
"61302",0.224246580908366,1.22977861468692,0.810150167364953,0.419628447321969,1.00553203377856,0.585903586456587
"128876",6.68534067766516,2.58468026122328,3.80922596826833,-1.22454570704505,-4.10066041644188,-2.87611470939683
"441628",4.42673581102488,3.78908170603654,3.99314809503086,-0.204066388994316,-0.637654104988331,-0.433587715994016
"500965",0.645974966559197,2.53498207861482,1.77121050543031,0.763771573184511,1.88900711205563,1.12523553887111
"615",1.54117665581385,1.45729588401319,1.48743972041807,-0.0301438364048785,-0.0838807718006647,-0.0537369353957862
"22044",0.858544505150737,1.75053720955569,1.34087345506259,0.409663754493096,0.891992704404953,0.482328949911857
"287458",2.49567186144204,3.04685371944005,2.8425229344564,0.204330784983645,0.551181857998009,0.346851073014364
"344888",2.19161173222353,1.46755967587039,1.74131614057982,-0.273756464709429,-0.724052056353139,-0.450295591643711
"279328",0.147714103772425,0.675063321828221,0.438931743126053,0.236131578702167,0.527349218055796,0.291217639353629
"248103",0.168789994367715,0.318578334024518,0.240688192849262,0.0778901411752563,0.149788339656803,0.071898198481547
"160650",0.12400457743149,0.453756854563181,0.289367790224969,0.164389064338212,0.329752277131691,0.165363212793479
"88212",1e-08,1.11248862105391,0.566683971391528,0.545804649662387,1.11248861105391,0.566683961391528
"167495",1.58249119018739,1.41087690178348,1.47264212093649,-0.0617652191530065,-0.171614288403909,-0.109849069250903
"127719",0.311824287988757,0.347980816537855,0.329942342281268,0.0180384742565868,0.0361565285490977,0.018118054292511
"509161",0.101925139791263,0.526914102302209,0.365874591961231,0.161039510340978,0.424988962510946,0.263949452169968
"6888",0.944613577482456,1.71175199148636,1.37860985361883,0.333142137867529,0.767138414003906,0.433996276136377
"369324",0.133373187844086,0.332064259137988,0.231019706109444,0.101044553028544,0.198691071293902,0.0976465182653585
"146294",0.00303287276614744,1.76541073014954,1.07732023515486,0.688090494994675,1.76237785738339,1.07428736238872
"358262",2.04650962608875,1.52655564881604,1.72166559617373,-0.195109947357691,-0.519953977272713,-0.324844029915022
"120973",0.0647638042917787,0.0668444660648032,0.0658773635809879,0.000967102483815249,0.00208066177302452,0.00111355928920927
"201037",0.71729886560862,1.64306531687814,1.25590884630449,0.387156470573654,0.925766451269522,0.538609980695868
"106697",0.393982472769374,1.02317635868335,0.739042134713979,0.284134223969367,0.629193885913972,0.345059661944605
"158822",0.907883617812323,0.785763375030631,0.838123630609577,-0.0523602555789464,-0.122120242781692,-0.069759987202746
"252557",0.674282393049456,0.513853414215503,0.570998835842807,-0.0571454216273033,-0.160428978833952,-0.103283557206649
"439197",2.05181232299296,1.45523080973324,1.67773001738399,-0.22249920765075,-0.596581513259727,-0.374082305608977
"106539",10,3.82849847931874,5.73088720189088,-1.90238872257214,-6.17150152068126,-4.26911279810912
"11869",4.95403304428595,4.38148365401778,4.57184643966174,-0.190362785643958,-0.572549390268169,-0.382186604624211
"128316",5.05699434554885,4.20701544264,4.48644500728654,-0.279429564646541,-0.849978902908854,-0.570549338262313
"178115",5.86528678817301,3.36656696572625,4.14970819394395,-0.783141228217693,-2.49871982244676,-1.71557859422906
"179921",10,4.76590317753362,6.19819688006568,-1.43229370253206,-5.23409682246638,-3.80180311993432
"203519",3.75831823389794,1.69352088028449,2.36757973954314,-0.674058859258652,-2.06479735361345,-1.3907384943548
"361273",4.14625102027678,1.36022050637074,2.23735648673973,-0.87713598036899,-2.78603051390604,-1.90889453353705
"481268",2.05814473008965,1.51782912879308,1.71637228095502,-0.198543152161944,-0.540315601296574,-0.34177244913463
"486096",3.67526166459328,2.5878898381207,2.99318154684262,-0.405291708721921,-1.08737182647258,-0.682080117750656
"568113",10,4.63453823094318,6.14399405045137,-1.50945581950819,-5.36546176905682,-3.85600594954863
"93841",8.88855650303954,5.82725746268937,6.59254827119335,-0.765290808503974,-3.06129904035016,-2.29600823184619
"96806",3.41428429196401,2.43898096436752,2.7886317594208,-0.34965079505328,-0.975303327596489,-0.625652532543209
"552321",1e-08,0.546327511706749,0.280426578629644,0.265900933077104,0.546327501706749,0.280426568629644
"90245",0.119047520783936,0.341085484712482,0.237006442702972,0.10407904200951,0.222037963928546,0.117958921919036
"30158",2.71818146444545,2.12175024170695,2.32933998589501,-0.207589744188063,-0.596431222738501,-0.388841478550438
"279775",10,2.67501998217856,4.94872803358849,-2.27370805140992,-7.32498001782144,-5.05127196641151
"426946",10,3.4579865217071,5.50410848064661,-2.04612195893951,-6.5420134782929,-4.49589151935339
"509384",10,3.2984277876354,5.56076215407262,-2.26233436643722,-6.7015722123646,-4.43923784592738
"516674",10,2.69188673148842,5.00180733050347,-2.30992059901505,-7.30811326851158,-4.99819266949653
"85078",10,4.71287478065262,7.98525465235645,-3.27237987170383,-5.28712521934738,-2.01474534764355
"435292",1.97376354266043,3.52586956160977,2.93218195104154,0.593687610568225,1.55210601894934,0.958418408381111
"435581",0.310819188526031,0.815759261852262,0.613606947043428,0.202152314808833,0.504940073326231,0.302787758517397
"74336",0.24972775939266,0.383005539485047,0.332675333467845,0.0503302060172023,0.133277780092387,0.0829475740751842
"93635",2.35005752232434,1.03055005121723,1.47930240139409,-0.448752350176869,-1.31950747110711,-0.870755120930246
"557015",0.185404100044059,1.73148190300353,0.939111798767674,0.792370104235858,1.54607780295947,0.753707698723615
"188530",1.12122888135034,1.15517832414684,1.14213662290402,0.0130417012428201,0.0339494427964999,0.0209077415536798
"187672",2.12098178907623,1.70433004494785,1.86755063319914,-0.163220588251283,-0.416651744128372,-0.253431155877089
"179618",1.54231191322708,1.23188007680715,1.34407142441311,-0.112191347605962,-0.310431836419937,-0.198240488813975
"296544",0.876214445414223,0.673154809815864,0.755533523791509,-0.0823787139756454,-0.203059635598359,-0.120680921622714
"495035",0.745313355726687,0.809140647138197,0.782096258277708,0.0270443888604891,0.0638272914115102,0.0367829025510211
"466315",2.31546846238375,1.33745545704361,1.69552128206889,-0.358065825025278,-0.978013005340136,-0.619947180314859
"521909",1.94130428498275,1.50133232596666,1.66197634239603,-0.160644016429369,-0.439971959016087,-0.279327942586717
"144462",6.03037841356832,2.29985852823735,3.36857659141059,-1.06871806317324,-3.73051988533097,-2.66180182215773
"43356",1.47901372423373,1.27085490085227,1.35974768135754,-0.088892780505275,-0.20815882338146,-0.119266042876185
"4387",0.0854390097207652,0.496304199679824,0.280048005232096,0.216256194447728,0.410865189959059,0.194608995511331
"37734",0.14402311882604,0.681072037573424,0.449544782676333,0.231527254897091,0.537048918747384,0.305521663850294
"14370",0.100180265430564,0.0821395556013487,0.0898072927659818,-0.00766773716463305,-0.0180407098292154,-0.0103729726645824
"568000",0.36579645355875,1.02342026618642,0.68705535602155,0.336364910164866,0.657623812627666,0.3212589024628
"151064",0.0286459818164414,0.353044806464385,0.199125525022794,0.153919281441591,0.324398824647944,0.170479543206353
"368841",0.254117648971506,0.848086537593969,0.565828354738764,0.282258182855205,0.593968888622464,0.311710705767258
"353005",10,5.03164848525285,7.01919330396793,-1.98754481871508,-4.96835151474715,-2.98080669603207
"321830",5.28546996033675,3.6103049418073,4.15078797525462,-0.54048303344732,-1.67516501852945,-1.13468198508213
"327994",1.66238871145006,2.52260371751066,2.15926444444566,0.363339273064996,0.860215006060598,0.496875732995602
"461381",1e-08,0.536724419996208,0.337916411644381,0.198808008351827,0.536724409996208,0.337916401644381
"183624",0.948088133702208,0.405376107338458,0.59895858222421,-0.193582474885752,-0.54271202636375,-0.349129551477998
"75532",0.565818788548858,0.74519060114228,0.674043605012298,0.0711469961299823,0.179371812593423,0.10822481646344
"540932",2.06575248493975,1.47697756321703,1.69973598847256,-0.222758425255523,-0.588774921722716,-0.366016496467193
"95865",1.47869706418311,2.01001998033599,1.80411306918169,0.205906911154293,0.531322916152878,0.325416004998585
"156885",0.292052257822805,0.330808924774867,0.316164561721944,0.0146443630529226,0.0387566669520618,0.0241123038991392
"268181",10,5.23822183250643,7.42137889411612,-2.18315706160969,-4.76177816749357,-2.57862110588388
"128848",0.0746608656280877,0.064874961811654,0.0696118062443506,-0.00473684443269662,-0.00978590381643372,-0.00504905938373711
"249784",0.338630798867051,0.621046316491255,0.52294389576228,0.0981024207289751,0.282415517624204,0.184313096895229
"491710",0.200653483856208,0.910909174540218,0.570539478876955,0.340369695663263,0.71025569068401,0.369885995020747
"496972",1.64425784030117,1.76861689559091,1.72097837437504,0.0476385212158732,0.124359055289741,0.0767205340738679
"212309",1e-08,0.167791011156902,0.0955651853998861,0.0722258257570163,0.167791001156902,0.0955651753998861
"214790",4.9525277281004,0.892131889102147,4.9525277281004,-4.06039583899825,-4.06039583899825,0
"260084",4.91951974079244,1.23957643541294,2.42531514331136,-1.18573870789842,-3.6799433053795,-2.49420459748108
"50820",10,2.28826659493553,4.74216722050052,-2.45390062556498,-7.71173340506447,-5.25783277949948
"57848",10,2.06544147546208,4.6361834734578,-2.57074199799572,-7.93455852453792,-5.3638165265422
"562884",1.30088850894826,1.81186916226167,1.63013919913702,0.181729963124647,0.510980653313412,0.329250690188765
"175704",4.15630211423157,1.34993463710758,2.23381516543511,-0.883880528327532,-2.80636747712399,-1.92248694879646
"388291",2.21736072471346,1.55810249639561,1.80961282040781,-0.251510324012193,-0.659258228317843,-0.407747904305651
"8787",2.65850759882115,0.735207435386616,1.34638792885826,-0.611180493471647,-1.92330016343453,-1.31211966996289
"252988",6.23589384423538,2.43754696898189,3.53152760455672,-1.09398063557483,-3.79834687525349,-2.70436623967866
"312909",1.39877030179401,2.10195505064136,1.83247078149465,0.269484269146706,0.703184748847352,0.433700479700646
"457449",3.98150730762953,3.02467216145103,3.28487653006099,-0.260204368609958,-0.956835146178493,-0.696630777568535
"127425",2.86820090066463,2.77279380075014,2.80778238964784,-0.0349885888977006,-0.0954070999144818,-0.0604185110167812
"134718",10,7.01057634637052,8.78824752629678,-1.77767117992625,-2.98942365362948,-1.21175247370322
"171187",2.56643708452854,3.15717492672117,2.93455189795634,0.222623028764834,0.59073784219263,0.368114813427796
"273543",10,3.64787113275204,5.58498728958223,-1.93711615683019,-6.35212886724796,-4.41501271041777
"125178",2.71752915241518,2.93780707428809,2.85622909690018,0.0815779773879135,0.220277921872909,0.138699944484995
"327717",1.70443726019304,1.54395062022605,1.60119139322728,-0.0572407730012316,-0.160486639966995,-0.103245866965763
"428369",0.730597926368844,1.32179917759976,1.0944641410537,0.227335036546068,0.59120125123092,0.363866214684852
"439608",0.285524017303254,0.484018191547885,0.399699979901379,0.0843182116465069,0.198494174244631,0.114175962598124
"240039",0.366459138112325,0.375783379057869,0.372153820580132,0.00362955847773638,0.00932424094554329,0.00569468246780691
"458362",2.79584250062923,2.80121167122416,2.7991556030794,0.00205606814476145,0.00536917059493236,0.00331310245017091
"97677",0.927453659899426,0.526812646630151,0.682730834401689,-0.155918187771538,-0.400641013269275,-0.244722825497737
"477952",0.768190466007021,0.832547573522638,0.805189449379987,0.0273581241426504,0.0643571075156169,0.0369989833729665
"425415",0.109300052291606,0.546143642626196,0.317161567187289,0.228982075438906,0.43684359033459,0.207861514895683
"398949",0.0656055498873428,0.337754582606393,0.214687161238319,0.123067421368075,0.272149032719051,0.149081611350976
"346162",4.66999579911515,4.08229610772936,4.27133337517263,-0.189037267443267,-0.587699691385789,-0.398662423942522
"447481",1.96275779886622,4.08119743711904,3.19882300815756,0.882374428961477,2.11843963825282,1.23606520929135
"531285",2.13098304649218,1.90010280181287,1.99246233607138,-0.0923595342585115,-0.230880244679309,-0.138520710420797
"316117",0.364017770782264,0.488292116936994,0.436687728945209,0.0516043879917857,0.124274346154731,0.072669958162945
"253691",3.14557192426695,4.2210565310188,3.89017948410998,0.330877046908816,1.07548460675185,0.744607559843029
"292789",0.819894627866461,1.33164678822039,1.12471772267678,0.206929065543606,0.511752160353927,0.304823094810322
"187656",8.27201158798538,7.20592602706477,7.48662093820823,-0.280694911143462,-1.06608556092061,-0.785390649777147
"190383",2.26123080570736,4.27481994408917,3.4633179138419,0.811502030247267,2.01358913838181,1.20208710813454
"231850",10,8.91697704480605,10,-1.08302295519395,-1.08302295519395,0
"23669",10,8.91697704480605,10,-1.08302295519395,-1.08302295519395,0
"255965",10,8.91697704480605,10,-1.08302295519395,-1.08302295519395,0
"339233",2.23312409095055,4.14282305355399,3.38138564679943,0.761437406754562,1.90969896260343,1.14826155584887
"461249",5.2686289019472,4.10554794357628,4.48619003099875,-0.380642087422478,-1.16308095837092,-0.782438870948446
"512155",8.88231251388703,6.34188085171104,6.99643336372712,-0.654552512016078,-2.54043166217599,-1.88587915015991
"56768",9.83204788374016,5.91393580387421,6.89433203719524,-0.980396233321032,-3.91811207986595,-2.93771584654492
"205496",2.57404889955216,1.0101978944659,1.56256424555534,-0.552366351089444,-1.56385100508626,-1.01148465399682
"38084",7.39351520600993,1.40377094916763,7.39351520600993,-5.9897442568423,-5.9897442568423,0
"236796",1.07109038884361,0.814451168878714,0.902160272096158,-0.0877091032174446,-0.2566392199649,-0.168930116747455
"309068",1.34000747596781,0.71728259992237,0.930966111569768,-0.213683511647398,-0.62272487604544,-0.409041364398042
"216978",0.0735576203433804,0.429980728568067,0.242561906051406,0.187418822516661,0.356423108224686,0.169004285708025
"400869",0.697982909700859,0.609363221571595,0.642663664869885,-0.0333004432982903,-0.0886196881292638,-0.0553192448309735
"317111",0.115946194818388,0.64881439074455,0.428773376857923,0.220041013886628,0.532868195926162,0.312827182039535
"553097",1.02381666785463,1.85666432260206,1.54316455469779,0.313499767904265,0.83284765474743,0.519347886843165
"167657",0.0668477374930603,0.31791331218776,0.20031404472523,0.11759926746253,0.251065574694699,0.13346630723217
"61718",0.796589669154059,0.92678554358262,0.870296013716428,0.0564895298661926,0.130195874428561,0.073706344562368
"538697",6.47364758584421,2.71770430158959,3.41054992008659,-0.692845618496994,-3.75594328425461,-3.06309766575762
"16969",0.190002672569911,0.735360819654704,0.481732815555748,0.253628004098956,0.545358147084793,0.291730142985838
"87421",5.05500445829549,3.46290056090181,3.97660236687282,-0.513701805971012,-1.59210389739368,-1.07840209142267
"142861",0.910241361964238,0.798142827715951,0.846720812448436,-0.0485779847324849,-0.112098534248287,-0.0635205495158023
"461798",1e-08,0.122308889119323,0.0669193694281245,0.0553895196911987,0.122308879119323,0.0669193594281245
"224214",0.147904371553694,0.335441634010155,0.244743395233022,0.0906982387771324,0.187537262456461,0.0968390236793286
"174380",0.0285567923027685,0.180923088315978,0.110675249405926,0.0702478389100526,0.15236629601321,0.0821184571031572
"564093",0.317461080319201,0.318789134650022,0.318272739262792,0.00051639538723014,0.00132805433082128,0.000811658943591143
"447797",3.98275379465723,1.49518174258753,2.30049291657748,-0.805311173989951,-2.4875720520697,-1.68226087807975
"440651",2.28135034192545,1.0499807290897,1.46604811797865,-0.416067388888947,-1.23136961283575,-0.815302223946799
"115087",0.463918438588046,1.29688688255091,1.00142914690113,0.295457735649783,0.832968443962862,0.537510708313079
"119458",1.10299054316923,2.72740910104303,2.07004416761829,0.657364933424748,1.6244185578738,0.967053624449055
"306399",5.16702632774951,3.5643443476017,4.07491830950109,-0.510573961899396,-1.60268198014781,-1.09210801824842
"557710",0.382414851872885,1.95662188873447,1.30764859105994,0.648973297674531,1.57420703686159,0.925233739187057
"571493",1.63363736597935,1.52433596145588,1.56307964681784,-0.0387436853619554,-0.109301404523469,-0.0705577191615134
"368062",1.97070726097851,1.97937792564582,1.97574473237827,0.00363319326755018,0.00867066466730204,0.00503747139975186
"375529",2.05452669871313,1.81301034709161,1.90999105162331,-0.096980704531699,-0.241516351621515,-0.144535647089816
"509357",2.0918948509439,1.88253875084384,1.96583977288494,-0.0833010220410977,-0.209356100100059,-0.126055078058961
"98467",0.182802894031109,1.24821765888603,0.807305359295977,0.440912299590053,1.06541476485492,0.624502465264869
"252592",0.148385166155148,0.547041726612921,0.335642235871907,0.211399490741015,0.398656560457773,0.187257069716759
"228665",2.97332697141438,1.83630089041423,2.23654296169039,-0.400242071276154,-1.13702608100014,-0.73678400972399
"103238",0.181733108630206,0.553532335026668,0.398534062121221,0.154998272905447,0.371799226396462,0.216800953491016
"237033",1.8967019029378,1.09792732046489,1.44230746665662,-0.344380146191731,-0.798774582472918,-0.454394436281188
"333559",0.930450618843256,1.39761960764372,1.20800514563346,0.189614462010259,0.467168988800461,0.277554526790201
"374683",0.0664911665033829,0.314266029294221,0.187417335835244,0.126848693458977,0.247774862790838,0.120926169331861
"22968",1e-08,0.290937803631282,0.151938456641592,0.13899934698969,0.290937793631282,0.151938446641592
"166811",1e-08,0.944315191419001,0.481609085825471,0.462706105593531,0.944315181419001,0.481609075825471
"341979",0.432435040052635,1.96174515951806,1.30506764691742,0.656677512600644,1.52931011946543,0.872632606864781
"333954",0.320790909768043,0.591161557192388,0.472993555794134,0.118168001398254,0.270370647424345,0.152202646026091
"365027",7.22282725784601,1.36474044151066,7.22282725784601,-5.85808681633535,-5.85808681633535,0
"194891",3.21091321804613,2.19253886887978,2.54647877408939,-0.353939905209615,-1.01837434916635,-0.664434443956737
"281685",4.60765832801505,4.15808624858992,4.3028664033009,-0.144780154710974,-0.449572079425129,-0.304791924714156
"296911",9.31786202146195,4.94363835206752,5.99209171038471,-1.0484533583172,-4.37422366939443,-3.32577031107724
"326314",1.2075015604858,2.21536788171047,1.82408897784575,0.391278903864723,1.00786632122467,0.616587417359949
"334194",3.4520957966587,2.05941903088149,2.54540062442747,-0.485981593545975,-1.39267676577721,-0.906695172231237
"411233",2.77391651111996,2.4076766396084,2.53388793651694,-0.126211296908544,-0.366239871511559,-0.240028574603016
"433372",0.321698240183629,0.572244198195107,0.45838787435488,0.113856323840228,0.250545958011478,0.136689634171251
"367113",1.65959582129807,1.34558735172117,1.46097814556639,-0.115390793845216,-0.314008469576899,-0.198617675731682
"272725",6.10352491329476,2.6312460058197,3.65464112122596,-1.02339511540626,-3.47227890747506,-2.4488837920688
"336464",5.96861834733317,2.93739844645444,3.86048375654258,-0.923085310088135,-3.03121990087872,-2.10813459079059
"397048",1e-08,0.136762997398289,0.065318471783655,0.0714445256146339,0.136762987398289,0.065318461783655
"211252",4.99726051794561,2.54456085480561,3.22268499008895,-0.678124135283334,-2.45269966314,-1.77457552785667
"263884",0.743207147253157,1.43781017141126,1.16646436650917,0.271345804902092,0.694603024158104,0.423257219256012
"215055",1.86409915173967,1.78220483569233,1.81510982620569,-0.0329049905133656,-0.0818943160473438,-0.0489893255339782
"519122",7.43179227585551,1.70720179570615,3.24984333414638,-1.54264153844023,-5.72459048014935,-4.18194894170912
"421644",0.557794130637675,1.20035147755657,0.912052375045374,0.288299102511197,0.642557346918896,0.354258244407699
"336474",1e-08,0.88618837296133,0.367962157183025,0.518226215778305,0.88618836296133,0.367962147183025
"65766",0.476998122598784,0.734938461048792,0.63911732234461,0.0958211387041822,0.257940338450008,0.162119199745826
"60551",3.6053488770736,2.19957174951246,2.69509004247864,-0.495518292966183,-1.40577712756114,-0.910258834594962
"44628",0.632327498985965,1.68316026517482,1.25533584664546,0.42782441852936,1.05083276618885,0.623008347659493
"573930",1.20757053638013,1.61930505656962,1.43519615979654,0.184108896773077,0.411734520189489,0.227625623416411
"200491",1e-08,0.279768310622424,0.143364432972222,0.136403877650202,0.279768300622424,0.143364422972222
"112019",0.565574951024905,1.88201193166569,1.31586475885996,0.566147172805727,1.31643698064078,0.750289807835056
"397742",0.169167583121847,0.655813975561572,0.435975222040318,0.219838753521254,0.486646392439726,0.266807638918471
"516093",0.031834308126392,0.883518710874092,0.508538173862419,0.374980537011674,0.8516844027477,0.476703865736027
"10563",0.7459050074392,1.53541093064844,1.20529911389708,0.330111816751355,0.78950592320924,0.459394106457885
"22648",0.216475511520281,0.454690079039807,0.358555721996476,0.0961343570433307,0.238214567519525,0.142080210476195
"232327",1e-08,0.0716028867841807,0.0360529045312881,0.0355499822528927,0.0716028767841807,0.0360528945312881
"542720",0.0555867199687828,0.461778190534267,0.258391300553631,0.203386889980636,0.406191470565484,0.202804580584848
"346854",5.15387662744323,3.76088158785536,4.19523318652792,-0.434351598672568,-1.39299503958787,-0.958643440915305
"559490",1e-08,1.0958610210863,0.583818859307485,0.512042161778819,1.0958610110863,0.583818849307485
"418164",3.82405234783294,1.4952370444874,2.23510230053838,-0.739865256050982,-2.32881530334554,-1.58895004729456
"472533",1.58727973036268,2.79950522810364,2.38802050924332,0.411484718860322,1.21222549774096,0.800740778880634
"108438",1.70206275271168,1.21919245447715,1.38658281036491,-0.167390355887763,-0.482870298234537,-0.315479942346774
"201987",5.44993660315741,3.4214685499066,4.06023347351706,-0.638764923610465,-2.02846805325081,-1.38970312964034
"26743",5.20223824303185,3.12790848609509,3.76010607252249,-0.6321975864274,-2.07432975693677,-1.44213217050937
"389711",2.30460093535824,3.41952507463276,2.98968639353955,0.429838681093211,1.11492413927452,0.685085458181313
"466427",1.21248378557969,1.0830843555308,1.1332656602375,-0.0501813047066961,-0.129399430048889,-0.0792181253421933
"466422",3.7927082190347,3.72970464164948,3.74939917294999,-0.0196945313005119,-0.0630035773852216,-0.0433090460847096
"160801",0.864658720562478,1.25212032327572,1.10185539296022,0.150264930315497,0.387461602713241,0.237196672397744
"152819",0.476046899816912,1.14819202113479,0.844417832065189,0.303774189069602,0.67214512131788,0.368370932248277
"546546",0.742771308023131,0.649137335875028,0.686086256546298,-0.0369489206712694,-0.0936339721481024,-0.056685051476833
"448112",0.180534941336874,0.4979466692734,0.373801493775467,0.124145175497933,0.317411727936525,0.193266552438592
"298244",0.118529756539439,0.130988884852744,0.12574784156853,0.00524104328421426,0.0124591283133055,0.0072180850290912
"399840",0.0698827227453307,0.23865780274148,0.156657583899969,0.082000218841511,0.168775079996149,0.0867748611546384
"283181",0.714206833320575,1.34969387747404,1.11247107243928,0.23722280503476,0.635487044153463,0.398264239118703
"450953",0.303248830206406,1.25645577971047,0.838911932399013,0.417543847311457,0.953206949504065,0.535663102192607
"487191",2.27897296358498,3.64720324110329,3.11738180866948,0.529821432433817,1.36823027751832,0.838408845084499
"277209",10,3.48841219175816,5.02571822853448,-1.53730603677632,-6.51158780824184,-4.97428177146552
"36617",5.21719367122494,3.02844729265877,3.67860231592704,-0.650155023268275,-2.18874637856617,-1.53859135529789
"225435",0.484062770554841,0.648940071843598,0.569113309658248,0.0798267621853496,0.164877301288756,0.0850505391034069
"146310",0.50873558971533,0.96545582754024,0.770948909622548,0.194506917917692,0.45672023782491,0.262213319907219
"225322",0.696807472253792,1.6391896918775,1.25441589592213,0.384773795955363,0.942382219623703,0.557608423668341
"178467",0.895782890767743,0.0963281659456218,0.895782890767743,-0.799454724822121,-0.799454724822121,0
"467823",0.0527499083609529,0.431497543114483,0.2284953114054,0.203002231709084,0.37874763475353,0.175745403044447
"299999",0.190703851059064,0.722898771057394,0.480101705996941,0.242797065060453,0.53219491999833,0.289397854937877
"232378",0.468972773257364,0.437696072918142,0.451420493963831,-0.0137244210456898,-0.0312767003392223,-0.0175522792935325
"65797",0.127011360244777,0.320064650291441,0.219263222904023,0.100801427387418,0.193053290046665,0.0922518626592461
"209738",1.84847076803209,2.68789499107643,2.3884877937452,0.299407197331227,0.839424223044342,0.540017025713115
"275046",4.50477147356148,2.3240819999869,2.88103940466705,-0.556957404680145,-2.18068947357457,-1.62373206889443
"249279",0.613193368567011,0.390863488419056,0.488332517784995,-0.0974690293659385,-0.222329880147955,-0.124860850782016
"170933",0.757498969845157,1.36910327522703,1.13614458666823,0.232958688558809,0.611604305381877,0.378645616823069
"41149",0.291958695333174,0.569663555980192,0.447298566808618,0.122364989171573,0.277704860647017,0.155339871475444
"6053",0.771810383989863,0.943306422463828,0.866831051860685,0.0764753706031434,0.171496038473965,0.0950206678708218
"408094",2.04290749730816,1.2192220038354,1.50605008225338,-0.286828078417989,-0.823685493472767,-0.536857415054778
"340269",1e-08,0.364215919657971,0.177420402354137,0.186795517303834,0.364215909657971,0.177420392354137
"222626",5.55151239173294,3.71893454851903,4.31279128278139,-0.593856734262364,-1.83257784321392,-1.23872110895155
"541833",6.10958312774568,2.68605509715633,3.70861717588489,-1.02256207872856,-3.42352803058935,-2.40096595186079
"523326",9.3060152557783,4.60622201405289,5.70370588723092,-1.09748387317802,-4.69979324172541,-3.60230936854738
"308941",0.469525015124354,0.541999473762057,0.508628127352176,0.0333713464098807,0.0724744586377034,0.0391031122278226
"424358",2.79553524446965,2.68561263948336,2.72505992171253,-0.0394472822291689,-0.10992260498629,-0.0704753227571207
"515534",5.52432579326394,3.23155143827968,3.93597975178925,-0.704428313509569,-2.29277435498426,-1.58834604147469
"152122",10,6.34292566969334,9.18645347253229,-2.84352780283894,-3.65707433030666,-0.813546527467713
"285229",10,3.22196916848127,5.21977384528789,-1.99780467680662,-6.77803083151873,-4.78022615471211
"368501",5.97135472592028,2.60419092878225,3.60271663520001,-0.998525706417758,-3.36716379713802,-2.36863809072027
"521223",10,6.25082448323107,9.1203476223482,-2.86952313911714,-3.74917551676893,-0.879652377651796
"91815",10,4.76663857258015,6.05963018306425,-1.2929916104841,-5.23336142741985,-3.94036981693575
"88670",0.170761179477951,0.942106048066627,0.652793816983571,0.289312231083056,0.771344868588676,0.48203263750562
"346073",1.59674423118507,2.10131955070731,1.90170290032963,0.19961665037768,0.504575319522241,0.304958669144562
"488639",2.78045665226868,3.10926469144015,2.98494324233209,0.124321449108053,0.328808039171463,0.20448659006341
"338968",4.61276746710453,2.03217805047833,2.72668919870694,-0.694511148228607,-2.5805894166262,-1.88607826839759
"411162",0.179703572696104,0.754858734450298,0.495440036590634,0.259418697859664,0.575155161754194,0.31573646389453
"487336",2.46802760597894,1.22100783849446,1.67784871618514,-0.456840877690674,-1.24701976748447,-0.790178889793799
"343725",0.876093555040112,1.42669074601957,1.20004055360583,0.226650192413746,0.550597190979463,0.323946998565717
"286668",0.192513962734435,0.164882052986399,0.176788395561314,-0.011906342574915,-0.0276319097480366,-0.0157255671731216
"318477",1e-08,0.229090407395572,0.127972389690423,0.101118017705149,0.229090397395572,0.127972379690423
"25325",1e-08,0.926258908948911,0.509338027102592,0.416920881846319,0.926258898948911,0.509338017102592
"467293",6.16075344154208,2.78970665313943,3.80161752196762,-1.01191086882819,-3.37104678840264,-2.35913591957445
"172915",10,2.34884971830938,4.42021616279498,-2.0713664444856,-7.65115028169062,-5.57978383720502
"404408",0.970311243743548,1.60360823201192,1.33641503279229,0.26719319921963,0.633296988268368,0.366103789048738
"179351",0.832452987709866,1.35409634249813,1.14588714699955,0.208209195498571,0.521643354788259,0.313434159289689
"297783",1e-08,0.11754748601675,0.0648415524567898,0.0527059335599607,0.11754747601675,0.0648415424567898
"554659",2.00668889694771,1.70502472697702,1.82090703141129,-0.11588230443427,-0.301664169970686,-0.185781865536416
"229190",0.657753612612426,0.993098636846361,0.847829864705804,0.145268772140556,0.335345024233935,0.190076252093379
"115337",2.46665613700534,3.13025882728992,2.87912836151782,0.251130465772097,0.663602690284579,0.412472224512482
"138010",1e-08,0.220638964936039,0.114088219542734,0.106550745393305,0.220638954936039,0.114088209542734
"91135",0.138920137635221,0.457641409840761,0.307403681462153,0.150237728378608,0.31872127220554,0.168483543826932
"3330",0.0928434043153039,0.919252714165075,0.521865757871211,0.397386956293864,0.826409309849771,0.429022353555907
"472571",1.25387532170472,0.971428364942793,1.07694066841346,-0.105512303470662,-0.282446956761931,-0.176934653291269
"519452",1.03393672936163,0.962710205945859,0.988302558154026,-0.0255923522081661,-0.0712265234157672,-0.045634171207601
"178754",1e-08,0.907714653485512,0.383121158563346,0.524593494922166,0.907714643485512,0.383121148563346
"548998",0.0597185946001072,0.563074850915095,0.308444148683892,0.254630702231203,0.503356256314988,0.248725554083785
"257823",0.664053809943523,0.637021180448076,0.647389480164489,-0.0103682997164123,-0.0270326294954466,-0.0166643297790343
"191560",1.55364092087166,1.02596859860427,1.23872194726584,-0.212753348661574,-0.527672322267395,-0.314918973605821
"497656",1.49698323012062,2.11933888905929,1.8746246727674,0.24471421629189,0.62235565893867,0.37764144264678
"86297",0.982747496050538,0.446183487983957,0.650971578834687,-0.20478809085073,-0.536564008066581,-0.331775917215851
"141016",1e-08,0.201443859662271,0.110867580690426,0.0905762789718454,0.201443849662271,0.110867570690426
"11000",4.55063040177681,1.15928187704658,2.2146720175745,-1.05539014052792,-3.39134852473023,-2.3359583842023
"235372",3.6703425262758,2.26969579972893,2.7719928080525,-0.50229700832357,-1.40064672654686,-0.898349718223292
"525944",9.65645345975964,4.01029907912881,5.29401761028802,-1.2837185311592,-5.64615438063083,-4.36243584947162
"70165",3.73355238567694,1.51205565795514,2.2145582815862,-0.702502623631056,-2.2214967277218,-1.51899410409075
"348400",0.27378235907765,1.03048743891164,0.652403380854062,0.378084058057577,0.756705079833989,0.378621021776411
"454099",0.973902587641757,1.06097088499972,1.02842296568699,0.0325479193127329,0.0870682973579653,0.0545203780452324
"540483",2.29211273313395,1.45993839236357,1.77490202226069,-0.314963629897122,-0.832174340770388,-0.517210710873266
"19462",0.854509751389276,1.16020239795498,1.0139371798643,0.146265218090681,0.305692646565702,0.159427428475021
"27849",1.72438701454011,1.60951549654207,1.65446765003375,-0.0449521534916839,-0.114871517998044,-0.0699193645063596
"461426",0.792666821938308,0.894804555960659,0.850161088800117,0.0446434671605419,0.102137734022351,0.0574942668618089
"306547",0.803732891045982,1.99050018924651,1.44142374646779,0.549076442778719,1.18676729820053,0.637690855421808
"81634",0.697381795639239,1.26402220432374,1.04943973769876,0.21458246662498,0.566640408684502,0.352057942059522
"573013",6.16785674666632,3.13787493040919,4.07740136985121,-0.939526439442019,-3.02998181625713,-2.09045537681511
"249668",0.0833317565324836,0.0895418990348221,0.0868465206146985,0.00269537842012359,0.00621014250233855,0.00351476408221496
"182350",3.15276151644076,0.907121040229088,1.72653843576334,-0.81941739553425,-2.24564047621167,-1.42622308067742
"8858",0.147910247011436,0.18406655013731,0.165763738472431,0.0183028116648789,0.0361563031258737,0.0178534914609949
"295764",5.80791241927331,3.48795581650919,4.22043590116464,-0.732480084655446,-2.31995660276412,-1.58747651810867
"520297",9.79728200408917,4.77198453131603,5.9728900366039,-1.20090550528787,-5.02529747277314,-3.82439196748528
"122884",1.12090171010396,1.02416106505426,1.06084789107028,-0.0366868260160222,-0.0967406450496973,-0.060053819033675
"575373",4.84726345042069,2.87332980017406,3.43705678197562,-0.563726981801564,-1.97393365024663,-1.41020666844507
"20093",0.332814153391877,0.664145042780133,0.512737489529837,0.151407553250296,0.331330889388256,0.17992333613796
"204288",0.364072925847261,1.11811324993189,0.791524670030697,0.326588579901196,0.754040324084632,0.427451744183436
"533684",0.400947336607824,0.901172229290541,0.675425180309624,0.225747048980917,0.500224892682717,0.2744778437018
"4389",3.35943967318025,2.67785759852763,2.93050464077951,-0.252647042251875,-0.681582074652613,-0.428935032400737
"224512",1.93141085556916,0.859704080442018,1.29341590570025,-0.433711825258227,-1.07170677512714,-0.637994949868913
"538303",0.25830429053474,0.878674173097811,0.583008049647545,0.295666123450265,0.620369882563071,0.324703759112805
"345924",1e-08,0.444510593285374,0.227973275220562,0.216537318064812,0.444510583285374,0.227973265220562
"271052",1.70931023512475,2.6211268471172,2.32429515108868,0.296831696028521,0.911816611992445,0.614984915963925
"125473",3.02331608171891,2.54734835060905,2.72293192179283,-0.175583571183777,-0.47596773110986,-0.300384159926084
"209831",3.92075757188653,3.52041043006212,3.64640065672751,-0.125990226665389,-0.400347141824411,-0.274356915159022
"377927",5.45453197129562,2.97596972584287,3.7145678961275,-0.738598170284637,-2.47856224545275,-1.73996407516812
"170207",0.0200173503329571,0.180316144801771,0.116042514817308,0.0642736299844638,0.160298794468814,0.0960251644843505
"295623",0.858110305000502,0.755950012201932,0.798051003885133,-0.0421009916832008,-0.10216029279857,-0.0600593011153693
"195041",0.987683481802344,0.834997680799078,0.902834378009161,-0.0678366972100827,-0.152685801003266,-0.0848491037931834
"181248",1.11204753537791,2.50549677021414,1.92624565242729,0.579251117786852,1.39344923483623,0.814198117049378
"438377",0.548864277409766,1.57096609291264,1.13824155495075,0.432724537961883,1.02210181550287,0.589377277540988
"317079",0.95447566191616,2.36127172485508,1.81522688522786,0.546044839627217,1.40679606293892,0.860751223311702
"468935",1.155546967373,1.06257461576712,1.09840039984472,-0.0358257840776033,-0.0929723516058796,-0.0571465675282763
"551554",1.67810012236053,2.18428963147929,1.97922950745733,0.20506012402196,0.506189509118757,0.301129385096797
"107354",4.49501505706139,3.60566140045601,3.88928730741494,-0.283625906958933,-0.889353656605377,-0.605727749646445
"109857",7.64821745691326,7.63599661910226,7.63194810405044,0.00404851505181636,-0.0122208378110047,-0.0162693528628211
"144394",8.34885611397901,6.83160610575066,7.22641808858074,-0.394811982830072,-1.51725000822835,-1.12243802539828
"155655",4.84242026138042,2.20196461891023,2.92716269813937,-0.725198079229135,-2.64045564247019,-1.91525756324105
"157996",0.801367495675744,2.17448598826913,1.60320375662512,0.571282231644013,1.37311849259339,0.801836260949373
"160520",4.32650133604343,3.82542551714489,3.98625352679535,-0.160828009650458,-0.501075818898539,-0.340247809248081
"160696",10,13.4586165700402,10,3.45861657004019,3.45861657004019,0
"205545",10,4.1744899118848,5.73545246079807,-1.56096254891326,-5.8255100881152,-4.26454753920193
"210889",8.33871814668915,6.84051841989111,7.2304752640685,-0.389956844177392,-1.49819972679804,-1.10824288262065
"248136",2.08297327639379,2.86464486220828,2.57036858232493,0.294276279883353,0.78167158581449,0.487395305931137
"253224",9.81384618900436,4.6347264315139,5.86242193852805,-1.22769550701415,-5.17911975749047,-3.95142425047632
"26297",10,10.7684220844095,10,0.768422084409455,0.768422084409455,0
"271247",4.08825802063186,4.42480307220892,4.31262504945883,0.112178022750096,0.336545051577058,0.224367028826962
"328104",10,9.04599533170707,10,-0.954004668292932,-0.954004668292932,0
"334434",4.76370410864033,2.80588253590913,3.3890308941888,-0.583148358279666,-1.9578215727312,-1.37467321445153
"338313",9.4047352608507,5.76610748546183,6.68148176551689,-0.915374280055057,-3.63862777538887,-2.72325349533381
"344588",10,13.4586165700402,10,3.45861657004019,3.45861657004019,0
"365726",10,7.47253921235602,10,-2.52746078764398,-2.52746078764398,0
"393646",10,10.7684220844095,10,0.768422084409455,0.768422084409455,0
"394287",10,6.0833735874077,9.17605875082438,-3.09268516341668,-3.9166264125923,-0.823941249175618
"459774",8.07728080748623,6.79807634569402,7.13045405180309,-0.332377706109074,-1.27920446179221,-0.946826755683136
"486909",3.63469998857395,5.48466550383642,4.83826744437169,0.646398059464728,1.84996551526246,1.20356745579774
"488256",2.23633549073839,2.47125155988028,2.38583297225662,0.0854185876236611,0.234916069141882,0.149497481518221
"49684",4.71666980001701,2.71494237378257,3.30136840985378,-0.586426036071213,-2.00172742623444,-1.41530139016323
"500220",1.89298583758714,2.70497347819038,2.41180210271184,0.293171375478534,0.811987640603233,0.518816265124699
"510310",10,9.46507004040101,10,-0.534929959598987,-0.534929959598987,0
"526024",10,8.46139040666926,10,-1.53860959333074,-1.53860959333074,0
"526529",9.26525211491505,6.29628042329199,7.06105329797172,-0.764772874679728,-2.96897169162305,-2.20419881694333
"526568",4.08825802063186,4.42480307220892,4.31262504945883,0.112178022750096,0.336545051577058,0.224367028826962
"533502",4.14856283939773,4.20294728250725,4.18456431060632,0.0183829719009285,0.0543844431095151,0.0360014712085865
"556848",3.66051815387715,5.67417938873037,4.96386337460371,0.710316014126664,2.01366123485322,1.30334522072655
"74520",1.85053676956947,2.49631106692955,2.27087569675188,0.225435370177669,0.645774297360074,0.420338927182405
"82815",10,8.10976788212745,10,-1.89023211787255,-1.89023211787255,0
"8339",10,4.17166554577217,5.71164087254223,-1.53997532677006,-5.82833445422783,-4.28835912745777
"85603",9.01764845200188,6.29905533816946,6.99796117846855,-0.698905840299088,-2.71859311383242,-2.01968727353333
"516649",0.395859759179032,0.860974743177472,0.627483255914509,0.233491487262963,0.46511498399844,0.231623496735477
"141412",4.24584544183137,3.53389481445781,3.75759123779843,-0.223696423340618,-0.711950627373564,-0.488254204032946
"139400",3.11792079764354,2.53190233897524,2.7449498846625,-0.213047545687266,-0.586018458668307,-0.372970912981041
"140995",3.62553059302402,4.8059784793558,4.40786266433097,0.398115815024822,1.18044788633178,0.782332071306953
"391035",1.38388447774386,2.82235528867688,2.209682521636,0.612672767040878,1.43847081093302,0.825798043892139
"53355",0.588385783334183,0.452027942007748,0.513636875814628,-0.06160893380688,-0.136357841326435,-0.074748907519555
"293724",0.468641212416703,0.762047947592757,0.64545824188436,0.116589705708397,0.293406735176054,0.176817029467658
"381643",0.0886926806976833,0.225652443371885,0.157712755663611,0.0679396877082742,0.136959762674202,0.0690200749659274
"117085",6.88014253426704,1.77520278775441,3.14113496806192,-1.36593218030751,-5.10493974651263,-3.73900756620512
"372860",1.4074364854059,0.907908956630988,1.09653121797212,-0.188622261341132,-0.499527528774912,-0.31090526743378
"254647",0.0935313010697985,0.31953038741043,0.199018951969573,0.120511435440857,0.225999086340632,0.105487650899774
"6015",0.643592812593639,1.70605375589339,1.24290246150847,0.463151294384919,1.06246094329975,0.599309648914832
"524401",0.402966465805999,0.378592004075119,0.388284845657707,-0.00969284158258849,-0.0243744617308803,-0.0146816201482918
"399447",2.90342637815233,2.80235635990107,2.84002787893855,-0.0376715190374832,-0.101070018251266,-0.063398499213783
"359732",0.0900461535237418,0.205778572891247,0.150991401642687,0.0547871712485591,0.115732419367505,0.0609452481189456
"469376",0.250614677073429,1.05720716971879,0.642374642851205,0.414832526867585,0.806592492645362,0.391759965777777
"63386",0.1212854091711,0.20437345264858,0.166239485488651,0.0381339671599287,0.0830880434774797,0.044954076317551
"184917",7.85279258258679,6.26830068938055,6.66326776920867,-0.394967079828128,-1.58449189320624,-1.18952481337812
"204787",2.81871411260737,2.91568722188318,2.87959651881324,0.036090703069938,0.096973109275805,0.060882406205867
"399076",5.33860404317699,3.29074294538832,3.92149495506322,-0.630752009674904,-2.04786109778867,-1.41710908811377
"565631",6.28839549595564,2.72129338101733,3.79278690572984,-1.07149352471251,-3.56710211493831,-2.4956085902258
"97574",2.50311055229301,3.06063295525658,2.85367312509327,0.206959830163315,0.557522402963567,0.350562572800251
"288856",0.49804600432859,0.463596928192752,0.478788462836465,-0.0151915346437136,-0.0344490761358383,-0.0192575414921247
"30559",1e-08,0.218761705539997,0.109708903543585,0.109052801996412,0.218761695539997,0.109708893543585
"219044",0.947291731689947,1.68727870628109,1.37122357656781,0.316055129713273,0.73998697459114,0.423931844877866
"578726",1.66434183811894,2.33000772995644,2.05436648602378,0.275641243932656,0.665665891837501,0.390024647904846
"469635",1.2710968200212,1.07765901809432,1.1527001634935,-0.0750411453991751,-0.193437801926875,-0.1183966565277
"507951",1.42738632359785,1.05569099772054,1.20439879486043,-0.148707797139892,-0.371695325877311,-0.222987528737419
"295618",3.03049953094264,2.15222677180077,2.45718271066976,-0.304955938868999,-0.878272759141878,-0.57331682027288
"496670",2.25496425802622,1.85299342925939,2.01535668944424,-0.162363260184855,-0.401970828766834,-0.23960756858198
"570235",2.1337463606808,2.05545777648886,2.08805761899458,-0.0325998425057192,-0.0782885841919403,-0.0456887416862211
"186601",0.856023048093748,0.808579374573259,0.825585671011929,-0.0170062964386705,-0.0474436735204892,-0.0304373770818187
"174017",1e-08,0.640378861503308,0.288881515700514,0.351497345802794,0.640378851503308,0.288881505700514
"185362",4.69481057094518,0.897706846744046,4.69481057094518,-3.79710372420113,-3.79710372420113,0
"567025",1e-08,1.76350942810153,0.933001060222203,0.830508367879328,1.76350941810153,0.933001050222203
"101040",8.38299427402516,6.75502180239768,7.17764486008653,-0.422623057688842,-1.62797247162748,-1.20534941393864
"216134",3.0682223420123,2.41021928776658,2.6423487286548,-0.232129440888216,-0.658003054245713,-0.425873613357497
"268823",4.39623807673982,4.60395418032707,4.53396743517276,0.0699867451543028,0.207716103587249,0.137729358432947
"359956",2.91635861433987,3.08988208254978,3.02476550129535,0.0651165812544288,0.173523468209901,0.108406886955473
"437457",10,4.91401518186557,6.41696978717138,-1.50295460530581,-5.08598481813443,-3.58303021282862
"439345",2.10856512600627,3.93972871658595,3.23005807248546,0.709670644100491,1.83116359057968,1.12149294647919
"523165",10,8.92092755595054,10,-1.07907244404946,-1.07907244404946,0
"17662",1.29730956572656,1.26846765132852,1.28014232092914,-0.0116746696006278,-0.0288419143980414,-0.0171672447974136
"83861",0.271342554513341,0.334603282248662,0.304426028738613,0.0301772535100496,0.0632607277353207,0.0330834742252711
"171873",2.88919180954651,1.02554875684201,1.70439757774315,-0.678848820901135,-1.86364305270449,-1.18479423180336
"116711",2.01649674102391,1.9766784799326,1.99259605566721,-0.0159175757346137,-0.0398182610913129,-0.0239006853566992
"191285",0.870691953584329,0.771216055468576,0.813594087009852,-0.0423780315412761,-0.099475898115753,-0.0570978665744769
"158393",3.71867101109697,1.98284775390349,2.58312528177084,-0.600277527867352,-1.73582325719348,-1.13554572932613
"526374",3.3432926740567,1.96377325136619,2.42595853756809,-0.462185286201893,-1.37951942269051,-0.917334136488616
"576918",1.5970709787263,2.02138237392612,1.85673503784985,0.164647336076274,0.424311395199829,0.259664059123555
"85332",0.212722247758902,0.697149193570384,0.469009831970792,0.228139361599592,0.484426945811482,0.25628758421189
"399937",1.40480681859309,1.62234973446585,1.54555686568916,0.076792868776697,0.217542915872762,0.140750047096065
"173550",5.30629021854502,3.77193566983639,4.26332051907896,-0.491384849242566,-1.53435454870863,-1.04296969946607
"270369",10,7.01143757141917,8.79782820587237,-1.7863906344532,-2.98856242858083,-1.20217179412763
"518401",3.28665364527448,1.84832799926141,2.32312347390544,-0.474795474644034,-1.43832564601308,-0.963530171369042
"576",1.72816404010101,1.78377299353748,1.76224370426915,0.0215292892683243,0.0556089534364614,0.0340796641681371
"95449",0.846948584801979,1.06749299291236,0.965577800165986,0.101915192746377,0.220544408110384,0.118629215364007
"218074",1.54400314950847,4.65119926419766,3.37578770858359,1.27541155561407,3.10719611468919,1.83178455907512
"342125",0.788862278858242,3.41968104861271,2.30225111457929,1.11742993403341,2.63081876975446,1.51338883572105
"359638",0.408271067742883,1.83355179049962,1.26594123011938,0.567610560380244,1.42528072275674,0.857670162376493
"423348",1.97428301922544,3.98791941282512,3.19086029469069,0.797059118134434,2.01363639359968,1.21657727546525
"454685",2.08234310188812,3.8066088518713,3.13174953708804,0.674859314783264,1.72426574998318,1.04940643519991
"523330",1.4170043459752,2.68375632248724,2.14276087411713,0.54099544837011,1.26675197651204,0.725756528141933
"60661",1.75946220643827,2.30519680256382,2.07968000718799,0.225516795375838,0.545734596125551,0.320217800749713
"278450",0.135305480671874,0.153897075130927,0.145085079231632,0.00881199589929571,0.0185915944590533,0.00977959855975755
"150292",0.837247808662882,1.42168910673945,1.19103136941111,0.230657737328332,0.584441298076563,0.353783560748232
"341848",3.15059234585573,2.51990523652293,2.74713755376857,-0.227232317245636,-0.630687109332797,-0.40345479208716
"236446",1.32738916043252,2.38207201078506,1.96111629888037,0.420955711904693,1.05468285035254,0.633727138447844
"260266",7.42089157446524,2.01270160014807,3.54461190026425,-1.53191030011618,-5.40818997431717,-3.87627967420099
"508404",10,3.38528589243842,5.29451044863165,-1.90922455619324,-6.61471410756158,-4.70548955136835
"505855",0.251408813336426,0.768486462634045,0.532975012942447,0.235511449691598,0.517077649297619,0.281566199606021
"218009",2.2388922012514,1.22264461073267,1.58302763047283,-0.360383019740167,-1.01624759051874,-0.655864570778571
"74560",0.619838191889618,1.15299512324174,0.907193489163739,0.245801634078002,0.533156931352123,0.287355297274121
"474093",3.58092813212752,2.04584680062148,2.58417667548334,-0.538329874861856,-1.53508133150604,-0.996751456644184
"198203",4.1670771631949,3.55696634915598,3.74815050442615,-0.191184155270174,-0.61011081403892,-0.418926658768745
"126120",0.169138416156148,1.16782797584591,0.751069181022582,0.416758794823331,0.998689559689765,0.581930764866434
"121363",2.26838812384941,1.66344408333246,1.90216500438188,-0.238720921049421,-0.604944040516952,-0.366223119467531
"169240",1.81512390707819,2.07026526270947,1.96574351328962,0.104521749419849,0.255141355631283,0.150619606211435
"306620",2.07869499518132,1.65400538164926,1.81629300196554,-0.162287620316278,-0.424689613532054,-0.262401993215776
"328904",10,6.03348943084908,8.06366545906819,-2.03017602821912,-3.96651056915092,-1.93633454093181
"2554",1.52734217719654,2.38312870810572,2.03398866484973,0.34914004325599,0.855786530909181,0.506646487653191
"321312",3.64209351562356,4.94776090280283,4.50540158830499,0.442359314497831,1.30566738717927,0.863308072681439
"325154",0.941731808200958,1.32946685973912,1.17599670367439,0.153470156064732,0.387735051538165,0.234264895473433
"396683",1.18887792090294,3.18611384712111,2.3171024258654,0.869011421255707,1.99723592621817,1.12822450496246
"87009",0.0171846469869749,0.0307379755765747,0.0240007135021004,0.00673726207447432,0.0135533285895998,0.00681606651512548
"120481",0.0942207867968649,0.112844208527546,0.104088329453114,0.00875587907443177,0.0186234217306814,0.00986754265624962
"248250",1e-08,0.517437329855096,0.243661027501641,0.273776302353455,0.517437319855096,0.243661017501641
"572981",2.01639291107734,1.81354950239026,1.8940118701661,-0.0804623677758443,-0.202843408687085,-0.122381040911241
"399237",0.472113732215098,1.76237407323376,1.25333232445454,0.509041748779214,1.29026034101866,0.781218592239447
"127375",0.133308952397396,0.495787088551661,0.309386280711931,0.186400807839731,0.362478136154265,0.176077328314534
"526099",1e-08,0.630532626769218,0.310096350765402,0.320436276003816,0.630532616769218,0.310096340765402
"556783",0.438393338887325,1.38493899004711,0.952229320872366,0.432709669174747,0.946545651159788,0.51383598198504
"498239",0.386203679000059,0.353398810470199,0.366463104906854,-0.0130642944366545,-0.0328048685298601,-0.0197405740932056
"114374",1e-08,1.18997111630678,0.582390966577915,0.607580149728867,1.18997110630678,0.582390956577915
"460832",0.0321310714411885,0.388564231185175,0.213097575333785,0.17546665585139,0.356433159743986,0.180966503892596
"11007",1.10594085430696,1.86845208490733,1.51880392831467,0.349648156592657,0.762511230600365,0.412863074007708
"317751",1e-08,0.534719769015096,0.226493542878422,0.308226226136674,0.534719759015096,0.226493532878422
"372862",0.807489999138081,1.22549400635435,1.06425606867383,0.161237937680515,0.418004007216265,0.25676606953575
"366507",0.104120216564464,0.302692422994367,0.201138401798431,0.101554021195936,0.198572206429904,0.0970181852339676
"289495",0.0949353997732617,0.922079258649047,0.533173536301713,0.388905722347333,0.827143858875785,0.438238136528452
"36932",0.99270161970603,0.61327426596204,0.7686392167844,-0.15536495082236,-0.37942735374399,-0.22406240292163
"182412",0.463173219241772,0.573145827906862,0.523145343044447,0.0500004848624157,0.109972608665091,0.0599721238026751
"302730",0.822073469022802,0.206317903385381,0.449070350263189,-0.242752446877808,-0.615755565637421,-0.373003118759613
"135545",0.537943207644544,1.1732217288893,0.882324477185676,0.290897251703629,0.63527852124476,0.344381269541132
"351665",1.63808429949367,0.777457666731855,1.10394361987344,-0.326485953141589,-0.860626632761813,-0.534140679620224
"215977",0.678852615843138,1.43537180764964,1.1323703702981,0.303001437351542,0.756519191806501,0.453517754454959
"146596",0.251555862069624,0.737952685604258,0.501252337742655,0.236700347861603,0.486396823534635,0.249696475673031
"65927",1.52448065777359,2.32555541041482,1.99735062193649,0.328204788478322,0.801074752641225,0.472869964162903
"298525",4.99653362945276,3.06923304167176,3.3995698601991,-0.330336818527338,-1.927300587781,-1.59696376925366
"266254",4.17918163118125,3.39251954404694,3.63562525822831,-0.243105714181365,-0.786662087134308,-0.543556372952944
"330946",1.4766867946994,2.579504488106,2.11646479960041,0.463039688505587,1.1028176934066,0.63977800490101
"63160",5.32117949937074,5.01302907527701,5.08121493025551,-0.0681858549784939,-0.308150424093729,-0.239964569115235
"536984",0.336279889712435,0.452999122383924,0.401352400473505,0.0516467219104193,0.116719232671489,0.0650725107610701
"277229",0.143328520236421,0.263262060695336,0.204992186865709,0.0582698738296264,0.119933540458914,0.061663666629288
"272403",0.200245912588114,0.287725093567644,0.245716413496604,0.0420086800710401,0.0874791809795301,0.04547050090849
"17075",2.12152858197006,1.63161179334652,1.82056739458297,-0.188955601236451,-0.489916788623544,-0.300961187387094
"100144",0.936461197518083,0.758622885460786,0.835641203880644,-0.0770183184198585,-0.177838312057297,-0.100819993637439
"51161",3.57162496497517,1.77466023716053,2.36391670168763,-0.589256464527102,-1.79696472781464,-1.20770826328754
"170747",0.258843393723713,0.310200170986049,0.29016569850224,0.0200344724838094,0.0513567772623363,0.0313223047785269
"378508",0.106979311479188,0.528979348539948,0.361795741752491,0.167183606787457,0.42200003706076,0.254816430273302
"56266",1.99507221631876,0.783243747398866,1.26600553623194,-0.482761788833079,-1.21182846891989,-0.729066680086815
"313141",0.114441317536157,0.900214689663978,0.516961588753899,0.383253100910079,0.785773372127821,0.402520271217742
"442457",0.0289281224406472,0.303472261217149,0.176728943390284,0.126743317826865,0.274544138776502,0.147800820949637
"181309",0.279079296470943,0.342565799663676,0.310950030673085,0.0316157689905905,0.063486503192733,0.0318707342021425
"78501",0.260628602835795,1.02048875227807,0.702566750477728,0.317922001800344,0.759860149442277,0.441938147641932
"331881",0.132793610132118,0.203157092717807,0.170870362532794,0.0322867301850129,0.0703634825856887,0.0380767524006758
"78853",1.68282108005815,0.582809157050483,0.967890197385949,-0.385081040335467,-1.10001192300767,-0.7149308826722
"59985",0.262154970170566,1.25626581716493,0.824030766054156,0.432235051110774,0.994110846994364,0.56187579588359
"252057",0.145438715553185,1.02058921941382,0.69046170228491,0.330127517128911,0.875150503860636,0.545022986731725
"204894",0.17305977302428,0.283989456679709,0.246559348792554,0.0374301078871553,0.11092968365543,0.0734995757682742
"26619",2.68250592960271,1.03422470719414,1.62100995927679,-0.586785252082654,-1.64828122240858,-1.06149597032592
"448052",0.307866712176611,1.75521276727034,1.19992158708252,0.555291180187814,1.44734605509373,0.892054874905911
"12933",1.94739971062265,1.56370429464447,1.7060673420204,-0.142363047375928,-0.383695415978181,-0.241332368602253
"339795",0.387670072618112,0.554554913746381,0.47966968713259,0.0748852266137903,0.166884841128268,0.091999614514478
"467822",1e-08,0.545843927981876,0.297254316057282,0.248589611924595,0.545843917981876,0.297254306057282
"496481",1.55965321506153,4.23617085081785,3.14148826808581,1.09468258273204,2.67651763575632,1.58183505302428
"80542",1.75335758789924,1.97928141717106,1.88877396228765,0.0905074548834168,0.225923829271819,0.135416374388402
"545489",0.0509169304988941,0.131336582862787,0.0941835458405538,0.037153037022233,0.0804196523638927,0.0432666153416597
"424393",0.537373199045919,1.15930869553855,0.88117356988837,0.278135125650178,0.621935496492628,0.343800370842451
"31827",1.90503595628542,2.11645313328793,2.02961880669382,0.0868343265941101,0.211417177002503,0.124582850408393
"386602",10,4.34303209312387,5.65246435413585,-1.30943226101198,-5.65696790687613,-4.34753564586415
"416565",10,3.93247509847237,5.58869588066274,-1.65622078219036,-6.06752490152763,-4.41130411933726
"551918",3.19858073750475,2.60046687262544,2.81829691905621,-0.217830046430768,-0.598113864879307,-0.380283818448539
"567073",8.79506923864956,4.83768284416187,5.77530388281781,-0.937621038655946,-3.9573863944877,-3.01976535583175
"570453",1.91961170041753,1.74385688175288,1.81136237756499,-0.067505495812112,-0.175754818664652,-0.10824932285254
"22082",0.0824484556545911,0.221804359440178,0.15691207986353,0.0648922795766479,0.139355903785587,0.0744636242089393
"470495",0.428997167180931,1.17994438348208,0.84218627322991,0.337758110252173,0.750947216301152,0.413189106048979
"266540",2.31907925606717,3.4790699240107,3.03844851499725,0.440621409013443,1.15999066794353,0.719369258930084
"527586",1.59628006737418,4.02752816244156,3.07761769735896,0.949910465082603,2.43124809506738,1.48133762998477
"229132",5.10093411354042,1.70143866614248,2.51554042437801,-0.814101758235531,-3.39949544739794,-2.5853936891624
"369172",1.96948337930897,1.91894857097262,1.93887087443722,-0.0199223034645994,-0.0505348083363559,-0.0306125048717565
"289177",10,3.40462159988086,4.81840999741517,-1.41378839753431,-6.59537840011914,-5.18159000258483
"122325",0.378104926755473,1.55922258307069,1.0817954951264,0.477427087944294,1.18111765631522,0.703690568370928
"301677",5.28671763513219,3.48168528311946,4.04698140369477,-0.565296120575316,-1.80503235201274,-1.23973623143742
"325254",2.71512753675398,2.98226983340584,2.88210917869804,0.100160654707805,0.267142296651865,0.16698164194406
"515708",4.96560052432924,4.35529644890769,4.55699647672285,-0.201700027815165,-0.610304075421557,-0.408604047606392
"519555",10,3.85851074382674,5.71757316724213,-1.85906242341539,-6.14148925617326,-4.28242683275787
"530961",2.5045970944575,3.30841854436665,3.00192257038207,0.306495973984573,0.803821449909144,0.49732547592457
"545289",10,8.13921410378477,9.6194387682795,-1.48022466449472,-1.86078589621523,-0.380561231720504
"578814",5.25578048350255,4.12260044652435,4.49478732082889,-0.372186874304539,-1.1331800369782,-0.76099316267366
"95296",10,4.81355310937152,6.12832705323741,-1.31477394386589,-5.18644689062848,-3.87167294676259
"176678",0.94851508871733,0.375334283498445,0.629527608082574,-0.254193324584128,-0.573180805218884,-0.318987480634756
"538725",0.259473281467171,0.521881462291599,0.382422570676734,0.139458891614865,0.262408180824429,0.122949289209563
"126884",0.689513105104118,1.39053260158684,1.05244143826418,0.338091163322664,0.701019496482726,0.362928333160062
"475524",0.943691969510119,1.63570969376811,1.34039925163893,0.295310442129174,0.692017724257987,0.396707282128813
"49436",1.05621579504669,0.972848745015346,1.01150504740797,-0.0386563023926286,-0.0833670500313398,-0.0447107476387112
"105903",5.3461728517731,3.53776389410387,4.10339248666993,-0.565628592566057,-1.80840895766923,-1.24278036510318
"109830",3.03988452180727,2.64659739462948,2.79066639447112,-0.144068999841645,-0.393287127177794,-0.249218127336149
"352925",2.57512355790236,3.11708833270768,2.91565607528003,0.201432257427646,0.54196477480532,0.340532517377674
"38064",8.32857277950743,5.8215106305049,6.44108413664062,-0.619573506135722,-2.50706214900253,-1.88748864286681
"460750",3.13609121139284,2.53262714247029,2.75206046024638,-0.219433317776093,-0.603464068922551,-0.384030751146457
"478734",5.66739418729056,3.57033134360184,4.23399292626379,-0.663661582661951,-2.09706284368872,-1.43340126102677
"518209",10,4.89376459225149,6.11847117748863,-1.22470658523714,-5.10623540774851,-3.88152882251137
"409859",3.42199945284588,2.05664300757464,2.52742458915089,-0.470781581576244,-1.36535644527124,-0.894574863694996
"312258",0.0893165461271535,0.276336134614973,0.187494235706349,0.0888418989086238,0.187019588487819,0.0981776895791952
"52805",1.98461162088107,1.33457156392471,1.56954068185912,-0.23496911793441,-0.650040056956366,-0.415070939021957
"34892",0.0803183102262331,0.552851271659775,0.359145402463525,0.19370586919625,0.472532961433542,0.278827092237292
"61803",0.133196080662216,0.745433103997799,0.410907202073723,0.334525901924076,0.612237023335582,0.277711121411507
"403595",5.52567795679899,2.08979304306621,3.04168942026549,-0.951896377199276,-3.43588491373278,-2.4839885365335
"103721",3.78948530235875,2.04900486621945,2.66408902867623,-0.615084162456784,-1.7404804361393,-1.12539627368252
"364165",1e-08,0.178617836431215,0.0821448431066331,0.0964729933245816,0.178617826431215,0.0821448331066331
"405825",7.25303783989551,2.36084339421018,3.80126892632899,-1.44042553211882,-4.89219444568533,-3.45176891356651
"516407",0.214719250458554,0.886793540254622,0.567110148575781,0.31968339167884,0.672074289796068,0.352390898117227
"173220",0.651719067570006,0.825940529892456,0.775682640722374,0.050257889170082,0.17422146232245,0.123963573152368
"309039",4.8011689458621,3.61251571463141,3.98545103839838,-0.372935323766975,-1.18865323123069,-0.815717907463717
"283488",0.344327133247024,0.56641785421618,0.466468206020048,0.0999496481961324,0.222090720969156,0.122141072773023
"359217",1.82986934566721,1.3998730096537,1.55254164074834,-0.152668631094641,-0.429996336013506,-0.277327704918865
"213221",0.195630318593432,1.40755847333919,0.868685982066574,0.538872491272618,1.21192815474576,0.673055663473142
"432410",0.0355863423837345,0.103381035174691,0.0712702944579713,0.0321107407167201,0.0677946927909568,0.0356839520742368
"200535",0.793708961439023,0.640563329622357,0.701520423169864,-0.0609570935475064,-0.153145631816665,-0.092188538269159
"335428",0.100656912496618,0.138448512587507,0.121355367472474,0.0170931451150335,0.0377916000908894,0.0206984549758559
"346450",0.93575431811744,1.60861865032688,1.32766822847239,0.280950421854494,0.672864332209443,0.391913910354949
"407076",0.549054729150472,0.730723216365632,0.651559593561879,0.0791636228037529,0.181668487215159,0.102504864411406
"32628",0.178264241628904,0.247356352219441,0.214092126356241,0.0332642258632003,0.0690921105905369,0.0358278847273366
"138432",1.88298588385627,2.00060492802438,1.95270820783179,0.0478967201925951,0.117619044168114,0.0697223239755194
"36057",0.687109611336278,1.20849332200182,0.96260115975972,0.245892162242103,0.521383710665546,0.275491548423442
"107238",1.31027457533497,1.3622379549851,1.34466710424021,0.0175708507448915,0.0519633796501247,0.0343925289052331
"416536",6.6898994538497,1.82092254751834,3.10970716154817,-1.28878461402983,-4.86897690633137,-3.58019229230153
"112949",1.3886509550374,1.10071402803778,1.22102543633541,-0.120311408297633,-0.287936926999628,-0.167625518701995
"365045",1.33666981997008,1.29262605532808,1.30633187994172,-0.0137058246136375,-0.0440437646420015,-0.0303379400283641
"100391",0.848124018489364,2.21636658960528,1.68728024168644,0.529086347918841,1.36824257111592,0.839156223197074
"125263",10,7.12592153586704,8.7572545204366,-1.63133298456956,-2.87407846413296,-1.2427454795634
"135058",1.49799219496708,2.16399681560031,1.89713322142389,0.266863594176415,0.66600462063323,0.399141026456815
"451373",1.60016524291456,1.53846510410391,1.56059798635055,-0.022132882246636,-0.0617001388106406,-0.0395672565640046
"49704",9.76351294376598,5.00945331602812,6.14014272152589,-1.13068940549777,-4.75405962773787,-3.6233702222401
"90682",2.95702542843114,2.57111894343013,2.71090206176419,-0.139783118334065,-0.385906485001009,-0.246123366666945
"329833",0.11829008557023,0.130697660211548,0.125151777340763,0.00554588287078489,0.0124075746413179,0.00686169177053302
"300323",0.0964117490234225,1.00562721298971,0.711427906820113,0.294199306169598,0.909215463966289,0.615016157796691
"114055",0.829621124558056,2.98309138905367,2.11908982563897,0.864001563414706,2.15347026449562,1.28946870108091
"147793",1.2214157482617,2.4022787155207,1.9380480540316,0.4642306614891,1.18086296725899,0.716632305769894
"396204",1.8446142730817,1.72593630149466,1.77205834138362,-0.0461220398889663,-0.118677971587043,-0.0725559316980766
"398981",3.24901309773617,2.49111537473863,2.76384828545941,-0.272732910720779,-0.757897722997545,-0.485164812276766
"51143",4.30734165269637,6.39883452159606,5.92516662977684,0.473667891819225,2.09149286889969,1.61782497708047
"164517",0.41104829301423,1.59037321447089,1.02410525047715,0.566267963993741,1.17932492145666,0.613056957462921
"293722",2.96674379766103,2.87677881864905,2.91044998242741,-0.0336711637783544,-0.089964979011977,-0.0562938152336225
"458877",5.25457296582345,3.55017819081126,4.0867924949704,-0.536614304159144,-1.70439477501219,-1.16778047085304
"563806",1e-08,0.0627036705241252,0.034929483346368,0.0277741871777572,0.0627036605241252,0.034929473346368
"145494",1.37604682520516,2.58062265728351,2.08451281800522,0.496109839278291,1.20457583207836,0.708465992800065
"302130",5.18926514779775,6.11673368336201,5.89993507794449,0.21679860541752,0.927468535564262,0.710669930146742
"86751",1.07404063153043,3.31476457884929,2.32551099233032,0.989253586518962,2.24072394731886,1.2514703607999
"251549",1e-08,0.894674294733533,0.441453954396319,0.453220340337213,0.894674284733533,0.441453944396319
"17630",0.900859983564387,1.65958783148989,1.40817352943226,0.251414302057629,0.758727847925506,0.507313545867877
"72931",2.83740828948061,1.64083917737319,1.99366459465178,-0.352825417278592,-1.19656911210742,-0.843743694828825
"493068",2.24344525249091,1.55523613474727,1.82398577249723,-0.268749637749962,-0.688209117743639,-0.419459479993677
"397854",0.152123607239585,0.526265502100882,0.373489124710776,0.152776377390105,0.374141894861297,0.221365517471192
"61987",2.41616898226522,1.15810314320439,1.61418778328044,-0.456084640076047,-1.25806583906083,-0.801981198984779
"532558",0.1754889480952,0.960906970555447,0.534284072702144,0.426622897853303,0.785418022460247,0.358795124606944
"153203",0.627416087041744,1.1133211016442,0.89831500776695,0.215006093877248,0.485905014602454,0.270898920725206
"509499",2.70623423529698,1.37137526860477,1.88662887829789,-0.515253609693123,-1.33485896669221,-0.819605356999092
"249166",0.227395075194836,0.65050385477335,0.50483199729663,0.14567185747672,0.423108779578515,0.277436922101794
"222342",0.327021416368447,2.44770790492382,1.49719320296327,0.950514701960551,2.12068648855537,1.17017178659482
"414792",0.690524793548024,2.43307891011785,1.62649917940859,0.806579730709262,1.74255411656983,0.935974385860564
"535687",1.32845497944918,2.61554542164322,2.06205627576835,0.553489145874877,1.28709044219404,0.733601296319167
"555554",1.23522897872381,4.27200604416078,3.05317843313846,1.21882761102232,3.03677706543697,1.81794945441466
"406556",0.242658685419326,1.06015856020697,0.731661253774234,0.32849730643274,0.817499874787649,0.489002568354909
"543404",0.0045633079576596,0.545064017811533,0.331750090746961,0.213313927064572,0.540500709853873,0.327186782789301
"422907",0.505810096859378,0.233792457378434,0.335710528553432,-0.101918071174998,-0.272017639480944,-0.170099568305946
"62844",2.0824329548085,1.42433633340178,1.58085749412929,-0.156521160727507,-0.658096621406725,-0.501575460679218
"321761",0.529629882952818,0.762454845916988,0.672577223895849,0.0898776220211386,0.23282496296417,0.142947340943031
"325519",5.61802425992149,3.30989394541266,4.0207742978876,-0.710880352474945,-2.30813031450884,-1.59724996203389
"427054",10,4.13045308881828,5.75008427850234,-1.61963118968406,-5.86954691118172,-4.24991572149766
"53725",2.6489939003051,1.80694128749633,2.08360530668335,-0.276664019187027,-0.842052612808772,-0.565388593621745
"415222",1.42884193516581,2.19754792770096,1.89579456112664,0.301753366574326,0.768705992535153,0.466952625960827
"310437",3.73796682850348,2.01526713557179,2.61815869460637,-0.602891559034579,-1.72269969293169,-1.11980813389711
"483710",1.24721598575828,0.847875539748992,0.989748776247849,-0.141873236498857,-0.399340446009293,-0.257467209510436
"507502",10,4.40262434849652,6.56172896182124,-2.15910461332472,-5.59737565150348,-3.43827103817876
"466306",0.365826281269078,1.59882862216944,1.01612785885416,0.582700763315284,1.23300234090037,0.650301577585081
"304088",4.69612769269115,1.05907681973549,2.17460484943452,-1.11552802969904,-3.63705087295567,-2.52152284325663
"315158",2.50588363404522,1.17158166475376,1.66367295171635,-0.492091286962588,-1.33430196929146,-0.842210682328872
"395211",0.984501766334068,1.3411753248096,1.19340132595913,0.147773998850466,0.356673558475531,0.208899559625064
"409708",4.64521003613533,3.97644740596524,4.10415698584653,-0.127709579881287,-0.668762630170091,-0.541053050288804
"358791",0.138553017578044,0.162450363801285,0.152472545300446,0.00997781850083965,0.0238973462232417,0.013919527722402
"16788",0.2979204926228,0.467604688496799,0.3979412146603,0.0696634738364988,0.169684195873999,0.1000207220375
"513676",1.29830312260454,0.994543645055133,1.11125725061457,-0.11671360555944,-0.303759477549404,-0.187045871989964
"377588",2.10355871331667,1.30367039703592,1.59197434496418,-0.288303947928256,-0.799888316280749,-0.511584368352493
"109932",2.00238099335587,2.09367544331325,2.05564563515427,0.0380298081589787,0.0912944499573776,0.0532646417983988
"555167",0.234152256384018,0.949475305290042,0.680987729290644,0.268487575999399,0.715323048906024,0.446835472906625
"228045",0.0294866162020494,0.137657980077633,0.0867299095449168,0.050928070532716,0.108171363875583,0.0572432933428674
"301185",1.80814075649295,1.53185367523062,1.63649541884743,-0.104641743616811,-0.276287081262329,-0.171645337645518
"398436",0.568863376526601,2.13675809783268,1.42841378841408,0.708344309418601,1.56789472130608,0.859550411887475
"300403",1.43972756241887,2.37601078548195,1.98721163264583,0.388799152836127,0.936283223063082,0.547484070226955
"559599",3.93676194902152,3.91702661140902,3.9230084368292,-0.00598182542017733,-0.0197353376124925,-0.0137535121923151
"337732",7.63682387392137,1.35964206486807,7.63682387392137,-6.2771818090533,-6.2771818090533,0
"170717",0.469867427624016,0.681898152680769,0.601601301339956,0.0802968513408134,0.212030725056753,0.131733873715939
"430734",3.13835001021961,2.12755484174977,2.47159691233621,-0.344042070586445,-1.01079516846984,-0.666753097883394
"470992",0.67241759557829,1.3663709852462,1.09367097114984,0.272700014096365,0.693953389667911,0.421253375571545
"226647",0.872769149543075,0.402305526132717,0.565198311399262,-0.162892785266545,-0.470463623410358,-0.307570838143813
"280804",0.200720012018169,0.24985987124219,0.226568202923138,0.0232916683190523,0.0491398592240215,0.0258481909049692
"190458",0.990003319444112,1.42494274455079,1.2488319303768,0.176110814173995,0.434939425106682,0.258828610932688
"435461",2.7432643998086,1.3106332285271,1.8569439428969,-0.546310714369799,-1.4326311712815,-0.8863204569117
"227620",5.99622727657017,2.91968877210272,3.48598514618056,-0.566296374077842,-3.07653850446745,-2.51024213038961
"431174",1e-08,0.834871967295306,0.578331559499237,0.256540407796069,0.834871957295306,0.578331549499237
"403017",2.42459934909688,3.42735193774124,3.04644257203738,0.380909365703865,1.00275258864436,0.6218432229405
"162189",1.19337037660833,1.21446802276786,1.20602474724018,0.00844327552767643,0.0210976461595276,0.0126543706318512
"172799",0.10955346505681,0.321021356410636,0.222060084248997,0.0989612721616384,0.211467891353825,0.112506619192187
"208802",0.166366446672853,0.879030413306708,0.540533915798835,0.338496497507873,0.712663966633855,0.374167469125982
"118372",0.94716344150108,0.276771112661778,0.480908924681825,-0.204137812020047,-0.670392328839302,-0.466254516819255
"206999",0.801120382993435,0.465553783627508,0.586118403726013,-0.120564620098505,-0.335566599365927,-0.215001979267422
"77537",1.23707797998781,1.48829206524429,1.37933364896869,0.108958416275601,0.251214085256485,0.142255668980884
"172471",0.0152344045729078,0.168735350126391,0.0953613287903428,0.0733740213360483,0.153500945553483,0.080126924217435
"103247",9.90038743277269,5.55414483104415,6.63014405198729,-1.07599922094314,-4.34624260172854,-3.2702433807854
"126270",2.48491390116877,2.94997784792013,2.77493249471066,0.175045353209464,0.465063946751363,0.290018593541899
"220223",9.53434910936499,5.39648045687724,6.42081474776487,-1.02433429088763,-4.13786865248775,-3.11353436160012
"242988",1.77975538881993,3.74196145605214,2.98057310958431,0.761388346467835,1.96220606723221,1.20081772076438
"249484",2.92989751844519,2.7375050758711,2.81149802728889,-0.0739929514177935,-0.192392442574093,-0.1183994911563
"276577",3.35389275448226,5.72796532393289,4.90622484118632,0.821740482746578,2.37407256945063,1.55233208670405
"298078",8.90652929051902,5.90839874538771,6.66302702620403,-0.754628280816322,-2.9981305451313,-2.24350226431498
"386299",2.73205256850722,2.46460703476751,2.56285650200897,-0.0982494672414655,-0.26744553373971,-0.169196066498245
"407307",10,5.10972128734914,6.38558260824438,-1.27586132089524,-4.89027871265086,-3.61441739175562
"442044",6.21516965910689,8.43441461226296,7.84525293010572,0.58916168215724,2.21924495315608,1.63008327099884
"489500",1.79490162590343,3.62030795694462,2.92075575868465,0.699552198259965,1.82540633104119,1.12585413278122
"503612",4.94476567007028,3.88759894015071,4.22955823459478,-0.341959294444071,-1.05716672991957,-0.715207435475503
"506426",10,10.1428256852676,10,0.142825685267566,0.142825685267566,0
"512351",2.23757709751908,3.10735067795229,2.77923119389502,0.328119484057264,0.869773580433205,0.541654096375941
"530590",4.07122435987312,4.75152172750479,4.52235987708924,0.229161850415552,0.68029736763167,0.451135517216119
"538138",6.66013521575835,7.55779749327614,7.32201903300398,0.235778460272162,0.897662277517796,0.661883817245633
"539353",5.14809080340484,3.977967105733,4.36360298757534,-0.385635881842341,-1.17012369767184,-0.784487815829498
"548951",1.28564797153881,2.03586449979213,1.72482869883981,0.311035800952314,0.750216528253323,0.439180727301009
"559087",7.10733748921179,7.1746024631644,7.15642061548029,0.0181818476841098,0.0672649739526108,0.049083126268501
"58752",10,10.1428256852676,10,0.142825685267566,0.142825685267566,0
"80026",0.581590546527023,3.53824711552552,2.20536583278385,1.33288128274167,2.9566565689985,1.62377528625682
"386876",0.532311875957846,0.747497029243106,0.666715898158688,0.0807811310844178,0.21518515328526,0.134404022200842
"69772",0.746312377281047,0.665280542629793,0.697339810673155,-0.0320592680433622,-0.0810318346512542,-0.048972566607892
"76093",0.306058670038757,0.504804726061356,0.416842943262437,0.0879617827989191,0.1987460560226,0.110784273223681
"262295",0.0231542737429203,0.103226487485272,0.0659675205394401,0.0372589669458318,0.0800722137423516,0.0428132467965198
"349959",0.0532169439334251,0.209455610372787,0.137576531854666,0.0718790785181207,0.156238666439362,0.0843595879212412
"129324",0.422883185357334,1.09373977183672,0.802031892782396,0.291707879054322,0.670856586479385,0.379148707425062
"4584",0.380959050811403,0.664515033116339,0.529889143623328,0.134625889493011,0.283555982304936,0.148930092811925
"496310",0.291105043044403,0.412931022234903,0.363070997798628,0.0498600244362751,0.1218259791905,0.0719659547542252
"499568",0.0829557263801084,0.183497054997577,0.132162911051512,0.0513341439460656,0.100541328617469,0.0492071846714031
"122303",1e-08,0.259997998954593,0.12730796982067,0.132690029133923,0.259997988954593,0.12730795982067
"375237",0.206134001151823,1.27215273316024,0.814040498807259,0.458112234352983,1.06601873200842,0.607906497655435
"34552",0.201230889714804,0.425575254633506,0.33994336940274,0.0856318852307654,0.224344364918702,0.138712479687937
"127155",4.51716311784028,1.1536049196305,2.18630578006843,-1.03270086043794,-3.36355819820979,-2.33085733777185
"386155",6.49287927277362,2.35880998910428,3.08182425137318,-0.723014262268893,-4.13406928366934,-3.41105502140044
"497392",0.667891074381176,0.980324359042667,0.840282445130917,0.14004191391175,0.312433284661492,0.172391370749741
"209375",0.639271969453431,0.973380787184621,0.822164812937284,0.151215974247337,0.33410881773119,0.182892843483854
"210796",3.24477536239302,4.9232512616333,4.36503365483457,0.55821760679873,1.67847589924028,1.12025829244155
"435219",2.52280131245891,1.54768631855756,1.93343909931229,-0.385752780754732,-0.975114993901353,-0.589362213146621
"78634",4.32151942271151,4.19704342482932,4.23699880232901,-0.0399553774996937,-0.12447599788219,-0.084520620382496
"262281",1.72790848240468,1.90600302406359,1.83613914391858,0.0698638801450056,0.178094541658904,0.108230661513899
"376180",1e-08,0.825823199092202,0.379698535298651,0.446124663793552,0.825823189092202,0.379698525298651
"241819",0.297870272136621,0.817330851003121,0.557601446951218,0.259729404051902,0.5194605788665,0.259731174814598
"456523",0.0394282756451511,0.547151999906316,0.340018331428611,0.207133668477705,0.507723724261165,0.30059005578346
"167692",0.365432329925349,1.41944391854413,0.929886807781632,0.489557110762499,1.05401158861878,0.564454477856283
"79707",1.54117303363758,0.94847198049702,1.17993178119849,-0.231459800701474,-0.592701053140559,-0.361241252439085
"286053",3.16285544731043,0.680388034696913,1.50372004591967,-0.823332011222758,-2.48246741261351,-1.65913540139076
"22472",1.36757685883181,2.78557507110168,2.39781850059531,0.38775657050637,1.41799821226987,1.0302416417635
"92733",0.161833059393213,0.451520965273675,0.335118478886205,0.11640248638747,0.289687905880463,0.173285419492992
"74659",1.52735195350134,0.935039397426535,1.17005672321869,-0.235017325792155,-0.592312556074801,-0.357295230282646
"226383",3.40570563035674,2.33846297710772,2.72919126938573,-0.390728292278006,-1.06724265324902,-0.676514360971013
"539141",0.818610526332474,0.795279946986838,0.805280984454582,-0.0100010374677439,-0.0233305793456358,-0.0133295418778918
"436127",0.232317732547574,1.20748805350748,0.700006518229927,0.50748153527755,0.975170320959903,0.467688785682353
"7048",0.107463073408148,0.173859954109827,0.143192962561247,0.0306669915485808,0.066396880701679,0.0357298891530982
"338492",1.18108865594435,0.835677294601273,0.9548244128914,-0.119147118290127,-0.345411361343078,-0.226264243052951
"292775",1.73994661167872,1.15128651484159,1.40321680795545,-0.251930293113858,-0.588660096837123,-0.336729803723265
"190409",0.0934544809348662,0.151651556753979,0.122493991232542,0.0291575655214377,0.058197075819113,0.0290395102976754
"336432",3.95389640263659,2.73099320115662,3.08215050478449,-0.351157303627875,-1.22290320147997,-0.871745897852099
"335975",6.38725698273918,2.45261546113403,3.60388767649107,-1.15127221535704,-3.93464152160515,-2.78336930624811
"503325",3.53164082354487,2.02237729900459,2.54286548994424,-0.520488190939647,-1.50926352454028,-0.988775333600631
"59528",5.42743312047206,3.23783488465788,3.90953230174797,-0.671697417090084,-2.18959823581418,-1.5179008187241
"436673",6.47084656952145,2.61001414077572,3.75742899358519,-1.14741485280947,-3.86083242874573,-2.71341757593626
"566224",1.32838222448597,0.611808060897138,0.843151549561794,-0.231343488664657,-0.716574163588834,-0.485230674924178
"270132",10,7.37956492337878,9.16290430770381,-1.78333938432503,-2.62043507662122,-0.837095692296192
"278693",10,7.37956492337878,9.16290430770381,-1.78333938432503,-2.62043507662122,-0.837095692296192
"360416",8.43881560067996,6.16379193409814,6.73878494893488,-0.574993014836735,-2.27502366658182,-1.70003065174508
"2598",2.60438598076192,2.93215639809671,2.81219538488448,0.119961013212232,0.327770417334788,0.207809404122556
"415445",2.85994669994229,2.33704163992511,2.51681387317053,-0.179772233245413,-0.522905060017179,-0.343132826771766
"357514",0.336882593991069,0.707396947153226,0.579503954204517,0.127892992948709,0.370514353162157,0.242621360213448
"398431",0.675623657808354,1.45968726236557,1.14503962666653,0.314647635699039,0.784063604557213,0.469415968858174
"270276",0.0264396343800524,0.0533569570215247,0.0396175262599865,0.0137394307615381,0.0269173226414723,0.0131778918799342
"214980",1.69128578779413,3.72519430009525,2.89623536453662,0.828958935558631,2.03390851230113,1.2049495767425
"391909",1.0113842763418,3.15592279883443,2.20652195108736,0.94940084774707,2.14453852249264,1.19513767474557
"55622",1.02490010032848,2.03004322884885,1.5659642299564,0.464078998892452,1.00514312852037,0.541064129627921
"23016",0.585435311857306,1.19163257237188,0.913051987434455,0.278580584937429,0.606197260514578,0.327616675577149
"287649",0.831130875861341,1.01094812107887,0.927685722812726,0.0832623982661395,0.179817245217524,0.0965548469513847
"333893",1.23598263583285,1.11967289067808,1.16620383731383,-0.0465309466357515,-0.116309745154771,-0.069778798519019
"225597",0.193361287759887,0.510470831008863,0.374641996185074,0.135828834823789,0.317109543248976,0.181280708425187
"295893",9.44882307048438,5.02887903454405,6.07768770928493,-1.04880867474088,-4.41994403594033,-3.37113536119945
"297152",10,4.29118694629208,5.89055140168513,-1.59936445539304,-5.70881305370792,-4.10944859831487
"375857",5.48495414939595,3.48183730330909,4.11380632675192,-0.631969023442832,-2.00311684608687,-1.37114782264403
"478670",10,6.51514968951751,8.36867417733063,-1.85352448781312,-3.48485031048249,-1.63132582266937
"534410",10,6.51514968951751,8.36867417733063,-1.85352448781312,-3.48485031048249,-1.63132582266937
"551664",2.75277565978989,3.10411065621729,2.97309177642664,0.131018879790652,0.3513349964274,0.220316116636747
"74809",5.61738640114512,3.81050347075789,4.39299675475274,-0.582493283994854,-1.80688293038723,-1.22438964639237
"89120",10,6.51514968951751,8.36867417733063,-1.85352448781312,-3.48485031048249,-1.63132582266937
"98571",1.7390590420208,1.98818569856938,1.89065765299252,0.097528045576859,0.24912665654858,0.151598610971721
"450392",1.46642252435943,1.18919310580967,1.30345446167691,-0.114261355867247,-0.27722941854976,-0.162968062682513
"402349",0.860849760009873,1.14584000129107,1.03960545830315,0.106234542987925,0.284990241281201,0.178755698293276
"542388",5.33241761260039,3.91992008092094,4.20160963190827,-0.281689550987329,-1.41249753167945,-1.13080798069212
"435647",4.88816349692461,5.34471547762183,5.24603950310062,0.0986759745212078,0.45655198069722,0.357876006176013
"75822",3.84683372045427,1.68458798335417,2.39791843972532,-0.713330456371152,-2.1622457371001,-1.44891528072895
"390279",0.514433522677586,1.85360409577177,1.30427966915915,0.549324426612618,1.33917057309418,0.789846146481566
"412201",1.80628698907727,0.686609271478323,1.10329009916249,-0.416680827684169,-1.11967771759895,-0.702996889914778
"65579",0.0717721041494008,0.622383988067674,0.391502219879248,0.230881768188426,0.550611883918274,0.319730115729847
"139670",0.179499726012878,0.222913130167125,0.20158336218509,0.0213297679820347,0.043413404154247,0.0220836361722123
"31535",0.576865353581182,0.730177972210319,0.669354697725678,0.0608232744846413,0.153312618629137,0.0924893441444959
"245505",0.193280067185161,0.419578772862051,0.30085387701052,0.118724895851531,0.22629870567689,0.107573809825359
"47158",0.0296158109837336,0.105782217944188,0.0680018155878279,0.0377804023563602,0.0761664069604545,0.0383860046040943
"195627",1e-08,0.322020838234733,0.192535787014039,0.129485051220694,0.322020828234733,0.192535777014039
"409790",10,3.98293060701043,5.8088129259468,-1.82588231893637,-6.01706939298957,-4.1911870740532
"36621",0.492791045824239,1.20736131072178,0.892640476199018,0.314720834522759,0.714570264897539,0.39984943037478
"23640",1.79921081066339,1.54017055498015,1.63529544703802,-0.0951248920578684,-0.259040255683239,-0.163915363625371
"304390",0.00776163103486298,0.701711276722551,0.388442905554505,0.313268371168047,0.693949645687688,0.380681274519642
"488238",0.134371082759734,0.2930292362927,0.238317125772831,0.0547121105198684,0.158658153532966,0.103946043013098
"339039",0.512961932949399,1.68141194579201,1.20843266236491,0.4729792834271,1.16845001284261,0.695470729415513
"357952",3.57405950694132,3.96201203018699,3.84038875587324,0.121623274313753,0.387952523245669,0.266329248931917
"457305",0.916815036550754,2.97386212506283,2.1305455597002,0.843316565362628,2.05704708851208,1.21373052314945
"80697",0.0805712157528527,0.509909150325708,0.281088645704297,0.228820504621411,0.429337934572855,0.200517429951444
"306792",2.33194499165654,0.495506327729396,1.16853197294156,-0.673025645212169,-1.83643866392714,-1.16341301871497
"70340",1e-08,0.781649282092396,0.407818111907697,0.3738311701847,0.781649272092396,0.407818101907697
"61709",1e-08,0.127398076247735,0.06178286889317,0.0656152073545649,0.127398066247735,0.06178285889317
"442748",0.0783368858668976,0.708141720064984,0.372581022981363,0.335560697083622,0.629804834198087,0.294244137114465
"208838",0.957372370969268,0.335933038774023,0.543529933711148,-0.207596894937125,-0.621439332195245,-0.413842437258119
"37482",0.0330519161723087,0.133709235109536,0.0898687312926221,0.0438405038169134,0.100657318937227,0.0568168151203134
"194036",1.25379517021063,1.92404193677802,1.67545414732949,0.248587789448531,0.670246766567399,0.421658977118868
"378262",1.06341897769648,2.36817915986614,1.85722609502248,0.510953064843659,1.30476018216966,0.793807117326001
"71882",4.64994824551703,4.31861491728232,4.42511903551401,-0.106504118231689,-0.331333328234712,-0.224829210003024
"353195",1e-08,0.393854897894555,0.211687507713409,0.182167390181146,0.393854887894555,0.211687497713409
"109143",1e-08,2.30234080400215,1.38537924645049,0.91696155755166,2.30234079400215,1.38537923645049
"67948",3.53154663578165,3.92589325335481,3.80224195317059,0.123651300184227,0.394346617573164,0.270695317388937
"416469",0.416744542911765,0.772033592894669,0.620150372674129,0.15188322022054,0.355289049982903,0.203405829762364
"513277",0.436489037777207,0.387770590110794,0.40785610936255,-0.0200855192517562,-0.0487184476664132,-0.028632928414657
"24516",4.55556166411341,4.60756259916988,4.62426851644298,-0.0167059172731063,0.052000935056471,0.0687068523295773
"274279",4.28313581711111,4.99257474614853,4.75243005242442,0.240144693724108,0.709438929037421,0.469294235313312
"392664",0.247241025549432,1.76934279182026,1.08635249589859,0.68299029592167,1.52210176627083,0.839111470349161
"399294",10,9.3358852862384,10,-0.664114713761604,-0.664114713761604,0
"476621",0.00908759059612074,0.853889333817128,0.571738836119257,0.282150497697871,0.844801743221007,0.562651245523136
"512345",3.44619204159444,5.61776010360905,4.8777914751068,0.739968628502252,2.17156806201461,1.43159943351236
"517783",0.182016687389333,1.64422170773866,1.00191868756429,0.64230302017437,1.46220502034932,0.819902000174952
"529789",7.88092331290414,6.53437224674486,6.8735864880218,-0.339214241276944,-1.34655106615928,-1.00733682488233
"53383",3.98677414991666,4.74618826235735,4.49344467893146,0.252743583425883,0.759414112440684,0.506670529014801
"554596",2.64840599394968,2.14519440668653,2.31857690151946,-0.173382494832932,-0.503211587263149,-0.329829092430217
"7312",10,9.3358852862384,10,-0.664114713761604,-0.664114713761604,0
"79206",0.0780327275381248,0.123344645953799,0.102848449676923,0.0204961962768764,0.0453119184156742,0.0248157221387978
"458922",1.4103176696971,0.679624105343035,0.930045352854879,-0.250421247511844,-0.73069356435407,-0.480272316842225
"109420",0.111420144821141,0.502187336568375,0.330380789902964,0.17180654666541,0.390767191747233,0.218960645081823
"577411",0.635979809016213,0.406426031670843,0.5072541749942,-0.100828143323357,-0.22955377734537,-0.128725634022013
"172674",0.228486845690217,0.313500403381298,0.28186304019942,0.0316373631818784,0.0850135576910812,0.0533761945092028
"385117",3.63522005988118,3.40757253282258,3.47343741838657,-0.065864885563983,-0.227647527058601,-0.161782641494618
"289494",1.27078055455539,1.36654524045164,1.32635584051618,0.0401893999354606,0.0957646858962513,0.0555752859607908
"92978",2.32562055811738,1.89308449061494,2.06960861111494,-0.176524120499998,-0.432536067502444,-0.256011947002446
"315151",0.786623663720285,1.04774414470495,0.928000277375081,0.11974386732987,0.261120480984666,0.141376613654796
"129295",2.48767774748807,3.53028532786033,3.12500198841333,0.405283339447001,1.04260758037226,0.637324240925261
"270130",3.22081409930501,3.10856900622474,3.15130762657267,-0.0427386203479232,-0.112245093080268,-0.0695064727323449
"33742",1.18793381198399e-08,1.60652489233502,0.917894621927221,0.688630270407801,1.60652488045568,0.917894610047883
"442488",4.24032691631656,1.83720783942624,2.67905892791388,-0.841851088487638,-2.40311907689032,-1.56126798840269
"555955",3.80208664986453,4.64253727448112,4.36973169777614,0.272805576704982,0.840450624616587,0.567645047911604
"200067",1.7542754433028,1.23763280793937,1.46253895740756,-0.224906149468197,-0.516642635363435,-0.291736485895238
"386054",0.0253721972277727,0.151738389845694,0.097510114891396,0.0542282749542981,0.126366192617921,0.0721379176636233
"399059",1.19221865888611,1.07272830485517,1.11879613496403,-0.0460678301088551,-0.119490354030934,-0.0734225239220794
"203120",2.43907923192344,1.16922191758828,1.62365490565596,-0.454432988067676,-1.26985731433516,-0.815424326267484
"323983",1.08111178865832,1.28047841954195,1.19760240904609,0.0828760104958592,0.199366630883625,0.116490620387766
"4090",0.45032210765051,1.26165149552811,0.873319918644911,0.388331576883195,0.811329387877596,0.422997810994401
"520312",0.400273306819261,1.03437989407203,0.767016501401475,0.267363392670559,0.634106587252773,0.366743194582214
"544495",0.00574120124135925,0.708795518785745,0.393677081962284,0.315118436823461,0.703054317544386,0.387935880720924
"46451",0.554681266090253,4.5321837992214,3.33756283894102,1.19462096028039,3.97750253313115,2.78288157285076
"142722",0.192285356805514,0.249778138988608,0.221761684412984,0.0280164545756238,0.0574927821830936,0.0294763276074698
"9365",0.0177381106177226,0.0798294649912989,0.0489574625525867,0.0308720024387123,0.0620913543735763,0.031219351934864
"85639",0.505405064016072,0.793276869035092,0.678904181925719,0.114372687109374,0.287871805019021,0.173499117909647
"464020",0.183974538650671,0.408874284375949,0.316146813574965,0.0927274708009844,0.224899745725278,0.132172274924294
"43622",0.115209883658952,0.450040907139385,0.28388506346375,0.166155843675635,0.334831023480432,0.168675179804798
"222263",0.214626527278382,1.40652623211347,0.937023399053706,0.469502833059765,1.19189970483509,0.722396871775325
"456926",0.130149186886711,0.34196185973811,0.235640830717144,0.106321029020966,0.211812672851399,0.105491643830432
"207738",2.8363395721118,5.51051819420366,4.6172105183719,0.893307675831763,2.67417862209186,1.78087094626009
"238328",0.767179342973979,1.37406188965981,1.13812254989074,0.235939339769067,0.606882546685833,0.370943206916766
"245768",1.52623751516563,4.22981484059225,3.15426522958791,1.07554961100435,2.70357732542663,1.62802771442228
"71646",1.84371960902282,1.95804963607076,1.91219889831272,0.0458507377580384,0.114330027047935,0.0684792892898964
"309498",1.16575170283829,1.60627566971065,1.41421060713031,0.192065062580349,0.440523966872366,0.248458904292016
"143145",2.18128570784604,3.54424030638889,3.01719868634473,0.527041620044165,1.36295459854285,0.835912978498681
"163286",8.73444544703978,5.68105093227602,6.4426638694855,-0.761612937209484,-3.05339451476376,-2.29178157755428
"264233",9.42691188485386,5.51546131345591,6.46831278039743,-0.952851466941518,-3.91145057139795,-2.95859910445643
"321142",2.06206648189853,4.09082997564147,3.27266570957973,0.818164266061741,2.02876349374294,1.2105992276812
"346824",10,4.91232328621265,6.23496763838823,-1.32264435217558,-5.08767671378735,-3.76503236161177
"351584",7.8490518175896,6.6724670800792,6.97313151598592,-0.300664435906726,-1.1765847375104,-0.875920301603677
"578128",1.37565865805271,2.00512293740297,1.75718718677061,0.247935750632358,0.629464279350255,0.381528528717896
"380073",1.93119048660897,1.59706556745567,1.72317711576679,-0.126111548311125,-0.334124919153304,-0.208013370842179
"41307",0.582047889995724,0.956467439122607,0.800300004625936,0.156167434496671,0.374419549126882,0.218252114630212
"510029",0.622008627037169,1.63511709128027,1.21949985503683,0.415617236243446,1.0131084642431,0.597491227999659
"436582",1.39923874181026,0.309148321707078,0.705254509976766,-0.396106188269687,-1.09009042010318,-0.693984231833494
"6516",1.03507211869951,0.750363099168937,0.875014234962575,-0.124651135793638,-0.28470901953057,-0.160057883736932
"102854",10,6.94348092389959,8.7885587689992,-1.84507784509961,-3.05651907610041,-1.2114412310008
"136325",6.08178693751537,3.3462613808507,4.20609519268186,-0.859833811831159,-2.73552555666467,-1.87569174483351
"172949",10,3.66549877640507,5.67788744928365,-2.01238867287858,-6.33450122359493,-4.32211255071635
"172958",5.81401667703404,3.48917434046681,4.22574702264045,-0.736572682173644,-2.32484233656723,-1.58826965439359
"36977",10,6.94348092389959,8.7885587689992,-1.84507784509961,-3.05651907610041,-1.2114412310008
"389892",2.91506319840599,3.10383820080264,3.03285205784261,0.070986142960034,0.188775002396649,0.117788859436615
"398667",1.46840122440703,3.01275863198337,2.34206545519134,0.670693176792037,1.54435740757634,0.873664230784305
"467814",10,5.05624596217064,6.27556232139915,-1.21931635922851,-4.94375403782936,-3.72443767860085
"469678",5.60943408539088,3.99997466853723,4.52623036481989,-0.526255696282664,-1.60945941685365,-1.08320372057099
"522282",5.7698043529473,3.77548775895102,4.41804258871448,-0.642554829763463,-1.99431659399628,-1.35176176423282
"555998",2.06387426906251,1.80545605471512,1.90662787181308,-0.101171817097954,-0.258418214347388,-0.157246397249435
"571648",10,6.94348092389959,8.7885587689992,-1.84507784509961,-3.05651907610041,-1.2114412310008
"472020",10,2.59188667780852,4.481744208069,-1.88985753026048,-7.40811332219148,-5.518255791931
"542036",0.075849341129336,0.268882899669692,0.180382977060795,0.0884999226088972,0.193033558540356,0.104533635931459
"350248",1.7758220559834,1.02798668887375,1.27201203048972,-0.244025341615967,-0.747835367109644,-0.503810025493677
"513976",0.0703684336531194,0.121885026275277,0.097310492001798,0.0245745342734793,0.0515165926221579,0.0269420583486786
"89536",0.162926097577122,0.903130733338371,0.52918738217802,0.373943351160351,0.74020463576125,0.366261284600899
"214627",0.925628448095921,1.17821173441323,1.08029205891177,0.0979196755014586,0.252583286317312,0.154663610815853
"139842",1.79507544767822,0.964515325350971,1.30317414080915,-0.338658815458179,-0.830560122327249,-0.49190130686907
"41591",5.89167323248093,2.93880020996699,3.83720313160154,-0.898402921634549,-2.95287302251393,-2.05447010087938
"408612",1.68375190731584,1.7823572482177,1.74492031326406,0.0374369349536359,0.0986053409018617,0.0611684059482258
"245605",3.53066794027765,6.65440659090753,5.96687247375064,0.687534117156886,3.12373865062988,2.43620453347299
"341292",0.557826905180621,1.76730661278044,1.25004955237242,0.517257060408019,1.20947970759982,0.692222647191804
"503330",2.29325547636794,5.77353107436694,4.61569786272797,1.15783321163897,3.480275597999,2.32244238636003
"512912",2.07268159988785,3.58461280961973,3.00942203272269,0.575190776897037,1.51193120973188,0.936740432834841
"94464",0.195374025082438,0.303115753506396,0.267876323393613,0.0352394301127824,0.107741728423957,0.072502298311175
"203103",0.507668217202088,1.40460253304131,0.97073688200669,0.433865651034615,0.896934315839217,0.463068664804602
"255784",6.64448375664769,3.92345841029046,4.50891158125227,-0.585453170961814,-2.72102534635723,-2.13557217539542
"190974",1.24494822042727,0.483941198050344,0.793052991220044,-0.309111793169701,-0.761007022376927,-0.451895229207227
"558928",4.67734300763017,1.4049644098576,2.49105051920553,-1.08608610934793,-3.27237859777257,-2.18629248842464
"481952",2.33385710110525,1.17481626772973,1.60626819418781,-0.431451926458074,-1.15904083337552,-0.727588906917443
"286794",6.76838653597331,2.56242617900516,3.8124758215649,-1.25004964255974,-4.20596035696815,-2.95591071440841
"535997",3.00544307546668,3.12221047917216,3.07781278007895,0.0443976990932042,0.116767403705478,0.0723697046122735
"566857",10,7.22941587333307,9.20025886985742,-1.97084299652435,-2.77058412666693,-0.799741130142584
"443177",0.0944769859889854,0.358207113914772,0.227196694927709,0.131010418987062,0.263730127925786,0.132719708938724
"545914",0.150441814716378,0.520160607497087,0.324643221489349,0.195517386007737,0.369718792780708,0.174201406772971
"117972",10,8.98553669382574,10,-1.01446330617426,-1.01446330617426,0
"126896",10,3.49068775267273,5.33616666314798,-1.84547891047525,-6.50931224732727,-4.66383333685202
"131893",10,5.0356576460595,6.34562903266418,-1.30997138660468,-4.9643423539405,-3.65437096733582
"144485",2.31246338492071,2.19555606388902,2.23272218933027,-0.0371661254412463,-0.11690732103169,-0.0797411955904432
"148821",10,12.8487223168703,10,2.84872231687032,2.84872231687032,0
"158134",10,12.8487223168703,10,2.84872231687032,2.84872231687032,0
"1895",10,8.33564198481834,10,-1.66435801518166,-1.66435801518166,0
"190241",10,5.2792921242974,6.5000444168569,-1.2207522925595,-4.7207078757026,-3.4999555831431
"200329",10,12.8487223168703,10,2.84872231687032,2.84872231687032,0
"200809",2.44851301384352,2.67106536438991,2.5936223336454,0.0774430307445062,0.222552350546389,0.145109319801882
"203563",10,12.8487223168703,10,2.84872231687032,2.84872231687032,0
"209747",9.7836341217752,5.94914379609263,6.90798144958399,-0.958837653491353,-3.83449032568257,-2.87565267219121
"220445",10,12.8487223168703,10,2.84872231687032,2.84872231687032,0
"246251",0.979921713685365,0.952816986896849,0.959805722347576,-0.00698873545072731,-0.0271047267885162,-0.0201159913377889
"24797",10,12.8487223168703,10,2.84872231687032,2.84872231687032,0
"248346",4.92731026695996,3.02357703853948,3.56981776644386,-0.546240727904383,-1.90373322842048,-1.3574925005161
"254877",8.5252261723003,6.87384513808832,7.30051795863688,-0.426672820548554,-1.65138103421198,-1.22470821366342
"257701",10,3.37371240246622,5.14373346091784,-1.77002105845162,-6.62628759753378,-4.85626653908216
"271734",10,12.8487223168703,10,2.84872231687032,2.84872231687032,0
"277473",10,9.8800979039974,10,-0.119902096002599,-0.119902096002599,0
"278562",9.35166326507485,6.52644748762126,7.24787289296686,-0.721425405345599,-2.82521577745359,-2.10379037210799
"297595",10,9.15363861550906,10,-0.84636138449094,-0.84636138449094,0
"320370",10,3.88654737209436,5.52649139771662,-1.63994402562226,-6.11345262790564,-4.47350860228338
"321390",10,9.8800979039974,10,-0.119902096002599,-0.119902096002599,0
"321459",10,12.8487223168703,10,2.84872231687032,2.84872231687032,0
"323510",4.95447606155463,4.13214697265726,4.39666304622159,-0.264516073564328,-0.822329088897373,-0.557813015333045
"333028",10,6.22999487918715,9.49028131214348,-3.26028643295634,-3.77000512081285,-0.509718687856516
"392521",10,12.8487223168703,10,2.84872231687032,2.84872231687032,0
"397665",10,7.25358185602563,10,-2.74641814397437,-2.74641814397437,0
"404192",10,9.73407588389415,10,-0.265924116105854,-0.265924116105854,0
"421935",10,12.8487223168703,10,2.84872231687032,2.84872231687032,0
"446582",10,5.24914768233686,8.67864933338174,-3.42950165104488,-4.75085231766314,-1.32135066661826
"453304",10,9.8800979039974,10,-0.119902096002599,-0.119902096002599,0
"453540",10,8.98553669382574,10,-1.01446330617426,-1.01446330617426,0
"46341",4.37720028874163,4.35123610101319,4.35954063727969,-0.00830453626650307,-0.0259641877284471,-0.017659651461944
"497685",4.55911700827422,3.91400274126111,4.11247757170551,-0.198474830444401,-0.645114267013106,-0.446639436568705
"505452",10,4.36075338348385,5.85148878012737,-1.49073539664352,-5.63924661651615,-4.14851121987263
"508308",10,3.92349327566965,5.53918828875042,-1.61569501308077,-6.07650672433035,-4.46081171124958
"517707",4.66691076567128,4.03197791316741,4.23001264863241,-0.198034735465003,-0.634932852503868,-0.436898117038864
"523556",4.45994339347999,3.93900608624439,4.09919004696027,-0.16018396071588,-0.5209373072356,-0.360753346519719
"530863",4.36539566503933,4.5873538437682,4.51445710421278,0.0728967395554152,0.221958178728866,0.149061439173451
"62919",4.83199874632508,3.58222266377463,3.96515966602558,-0.382937002250948,-1.24977608255046,-0.866839080299508
"85273",10,6.70857707934436,9.82758155878276,-3.1190044794384,-3.29142292065564,-0.172418441217243
"149549",1e-08,0.342956042540847,0.180339212568108,0.162616829972739,0.342956032540847,0.180339202568108
"92029",0.151820934845762,0.574061077203106,0.394724324129215,0.179336753073891,0.422240142357344,0.242903389283453
"416628",1.77907660942454,1.77482902645683,1.77652529598324,-0.00169626952641466,-0.00424758296771155,-0.00255131344129689
"173032",7.63986877468746,1.8298026629396,3.44128789280984,-1.61148522987024,-5.81006611174786,-4.19858088187762
"495659",4.61631694588845,0.941207643373206,2.00416631428787,-1.06295867091467,-3.67510930251524,-2.61215063160057
"66537",6.89556476915651,2.54907271203991,3.8604286417032,-1.31135592966329,-4.3464920571166,-3.03513612745332
"459056",3.89398653097027,1.73485782063402,2.45964542066229,-0.724787600028271,-2.15912871033625,-1.43434111030798
"378615",5.34839770906146,2.84389483345596,3.57231456299293,-0.728419729536966,-2.50450287560549,-1.77608314606853
"381221",3.30646375999416,2.15652480445336,2.55433229383013,-0.397807489376765,-1.14993895554079,-0.752131466164027
"92711",2.10564095551074,1.72204721592456,1.84426127077413,-0.122214054849567,-0.38359373958618,-0.261379684736613
"323181",2.58949700159786,3.27631020142961,3.016330203705,0.259979997724609,0.686813199831757,0.426833202107148
"373173",2.43678238440341,3.41969621834945,3.04359813929653,0.376098079052922,0.982913833946043,0.606815754893121
"509125",1.67025096592848,1.40935791219918,1.50022028257034,-0.0908623703711673,-0.260893053729305,-0.170030683358138
"65155",2.96142961985338,2.18238092721238,2.44689859349797,-0.264517666285591,-0.779048692641,-0.514531026355408
"300140",10,8.6115169185275,10,-1.3884830814725,-1.3884830814725,0
"315557",1.62589555872226,1.54824750738428,1.57787206358482,-0.0296245562005415,-0.0776480513379729,-0.0480234951374314
"470061",3.29851757507371,2.04618818721975,2.48846456809597,-0.442276380876218,-1.25232938785396,-0.810053006977744
"512281",5.10316625864955,3.96733773710288,4.34086587302058,-0.373528135917705,-1.13582852154667,-0.762300385628965
"515619",10,5.46394004184432,8.71089503800591,-3.24695499616159,-4.53605995815568,-1.28910496199409
"40564",0.0442219636226795,0.321608867452329,0.188189985941235,0.133418881511094,0.27738690382965,0.143968022318556
"237697",8.23574917493521,7.43434114292989,7.64795254897206,-0.21361140604217,-0.801408032005324,-0.587796625963154
"275669",10,5.33375312566248,6.73774652368825,-1.40399339802578,-4.66624687433752,-3.26225347631175
"42356",10,10.0395946693224,10,0.039594669322419,0.039594669322419,0
"498711",10,10.0395946693224,10,0.039594669322419,0.039594669322419,0
"515490",3.03228653003915,2.89368690433689,2.94514508648436,-0.0514581821474684,-0.138599625702266,-0.0871414435547977
"549207",5.00316767178641,4.43684055332211,4.62472480010007,-0.187884246777958,-0.566327118464297,-0.37844287168634
"59338",8.13169708056,7.55526660547151,7.7088929498592,-0.153626344387695,-0.576430475088494,-0.422804130700799
"72121",5.26928979401593,4.28620521586064,4.60938761677338,-0.323182400912737,-0.983084578155293,-0.659902177242556
"84604",10,10.0395946693224,10,0.039594669322419,0.039594669322419,0
"92522",5.14658777005706,4.2225846911684,4.52601564912886,-0.303430957960463,-0.924003078888665,-0.620572120928203
"243363",2.10183431983863,1.51057358168721,1.73242149282371,-0.221847911136505,-0.591260738151421,-0.369412827014915
"386875",2.25517551817133,2.1889491483258,2.21089250582949,-0.0219433575036843,-0.066226369845531,-0.0442830123418467
"154438",0.982762395382004,1.25289295823945,1.14472166830559,0.108171289933859,0.27013056285745,0.161959272923591
"212790",5.35128368540044,2.42659715132176,3.26069235480049,-0.834095203478735,-2.92468653407868,-2.09059133059995
"309235",0.569226651673082,0.624206610672992,0.603165011874549,0.0210415987984436,0.0549799589999105,0.0339383602014669
"420280",3.52358762591107,1.87753795193718,2.43468147130882,-0.557143519371637,-1.64604967397389,-1.08890615460225
"205423",1.48297184587539,4.17968764516096,3.10413747661686,1.0755501685441,2.69671579928557,1.62116563074147
"142518",6.71794631129624,6.96654046292768,6.90401956391366,0.0625208990140171,0.248594151631433,0.186073252617416
"317382",4.92779085880224,4.04852250781519,4.33422070393122,-0.285698196116027,-0.879268350987044,-0.593570154871017
"326518",6.58173486582212,7.33178137041815,7.14232279203235,0.189458578385798,0.750046504596024,0.560587926210226
"451062",8.06852381676601,6.14335689577242,6.61986441328806,-0.476507517515649,-1.92516692099359,-1.44865940347794
"523274",3.38525495097195,5.3572428585919,4.69139490812843,0.665847950463474,1.97198790761995,1.30613995715648
"57509",7.58413704144634,6.41524852744194,6.7026644674767,-0.287415940034756,-1.1688885140044,-0.881472573969643
"86453",4.10805022818406,4.49682581960575,4.36947180264566,0.12735401696009,0.388775591421697,0.261421574461608
"205228",1.72879593215412,3.12384851311648,2.59808434639892,0.525764166717568,1.39505258096236,0.869288414244791
"166412",0.282417251907104,1.94972466404456,1.24358385733587,0.706140806708695,1.66730741213746,0.961166605428766
"433217",1e-08,0.0971246483758521,0.0476445967742921,0.04948005160156,0.0971246383758521,0.0476445867742921
"148627",10,5.7478177890243,8.79851168406284,-3.05069389503854,-4.2521822109757,-1.20148831593716
"316136",0.232745656206402,0.94134482013945,0.646207565485727,0.295137254653723,0.708599163933048,0.413461909279325
"174083",5.95165177488298,3.81027005625878,4.24990572657429,-0.43963567031551,-2.14138171862419,-1.70174604830868
"494201",0.0196304314330115,0.925240315706634,0.487447536689347,0.437792779017287,0.905609884273623,0.467817105256335
"309692",0.313287372284637,0.651250170274677,0.500601600421499,0.150648569853178,0.33796279799004,0.187314228136862
"218798",0.127928303817377,0.354845712827832,0.247150393784347,0.107695319043485,0.226917409010455,0.11922208996697
"62864",0.195182496453757,1.25669085844107,0.701899971330945,0.554790887110123,1.06150836198731,0.506717474877188
"85382",1.71508415187107,1.95817094505838,1.86036679395787,0.0978041511005052,0.243086793187313,0.145282642086808
"276838",2.30375735397071,1.91252459556851,2.07295218270575,-0.160427587137246,-0.391232758402202,-0.230805171264956
"31451",1.79103512788153,2.1831937173196,2.02105533171962,0.162138385599982,0.392158589438071,0.230020203838089
"555813",1.18654945571299,1.72931816799118,1.48637386544009,0.242944302551088,0.542768712278195,0.299824409727107
"564977",2.78164419613343,3.07041022022646,2.95828778875039,0.112122431476065,0.288766024093024,0.176643592616959
"252933",0.90275488633471,1.48555797755192,1.24601712276882,0.239540854783096,0.582803091217211,0.343262236434115
"499870",3.03026670794329,2.3446651422384,2.58849767637307,-0.243832534134667,-0.685601565704889,-0.441769031570223
"85215",0.322401856050097,1.38250581044973,0.906472122232952,0.476033688216781,1.06010395439964,0.584070266182856
"432691",1.80613266255508,1.46977664909489,1.59085072746766,-0.121074078372764,-0.336356013460184,-0.21528193508742
"198055",0.688459319517624,1.99913606386861,1.43634213581424,0.562793928054362,1.31067674435098,0.74788281629662
"22839",1.81368939926454,2.3591508593112,2.13127681839129,0.227874040919913,0.545461460046655,0.317587419126742
"322770",3.0356436224883,3.39681662336928,3.25499273970759,0.141823883661683,0.361173000880978,0.219349117219296
"346490",1.76334485827311,2.3772604431916,2.12078880440155,0.25647163879005,0.613915584918486,0.357443946128436
"422914",4.48933180946059,4.44694845684251,4.46111895107569,-0.0141704942331806,-0.0423833526180744,-0.0282128583848937
"89318",5.04750840886693,6.33277881713793,6.0314386403851,0.30134017675283,1.285270408271,0.983930231518173
"163864",0.329700546943666,0.762323733709815,0.602298491163085,0.160025242546731,0.432623186766149,0.272597944219419
"548687",7.62073000683774,1.77918146931551,3.37990332784359,-1.60072185852808,-5.84154853752224,-4.24082667899415
"82572",2.4072788742327,0.979630146928697,1.45374586331962,-0.474115716390927,-1.427648727304,-0.953533010913076
"121879",1e-08,1.03896603570661,0.551860111394446,0.487105924312159,1.03896602570661,0.551860101394446
"197609",1.98949766750951,1.80946627692673,1.88192181172086,-0.072455534794124,-0.180031390582778,-0.107575855788654
"235946",0.230751936835925,1.35885320623073,0.820715593227311,0.538137613003418,1.1281012693948,0.589963656391386
"358454",0.764508723103264,0.961694696277608,0.892262134969971,0.0694325613076369,0.197185973174344,0.127753411866707
"431136",1.18793381198399e-08,1.72581415237155,0.888913427799783,0.836900724571766,1.72581414049221,0.888913415920445
"71594",0.467379579383844,2.33097762866736,1.49184954473418,0.839128083933178,1.86359804928351,1.02446996535033
"126138",0.0570715019129139,1.24640791226083,0.714165516976258,0.532242395284572,1.18933641034792,0.657094015063344
"306105",0.445472502204184,0.367464549415494,0.39938900197389,-0.0319244525583963,-0.0780079527886904,-0.0460835002302941
"128404",0.65245627893839,0.92654137257235,0.807021641212223,0.119519731360127,0.27408509363396,0.154565362273833
"242067",2.29362612384725,1.47206406055048,1.78669020215882,-0.314626141608334,-0.821562063296767,-0.506935921688433
"327293",1e-08,0.352776243539941,0.165638454357589,0.187137789182352,0.352776233539941,0.165638444357589
"165593",1.62107763974593,2.34322978226819,2.09033872530261,0.252891056965577,0.722152142522263,0.469261085556686
"349776",0.412273039003292,2.24125012936045,1.56867903098133,0.672571098379119,1.82897709035716,1.15640599197804
"147488",4.61840440833862,6.71108615222139,6.21708737313886,0.493998779082528,2.09268174388277,1.59868296480024
"374650",1.54442263601536,2.23234449373318,1.95490357453942,0.277440919193763,0.687921857717828,0.410480938524065
"490289",5.74148352687219,3.55033113605555,4.24541512677403,-0.695083990718477,-2.19115239081664,-1.49606840009816
"468713",1.18725347498961,2.12718168754463,1.77766433213122,0.349517355413404,0.939928212555021,0.590410857141616
"60797",1.57400503721761,1.03337193835236,1.25268672660868,-0.21931478825632,-0.540633098865247,-0.321318310608927
"475507",1.52156373423777,0.923756727691774,1.15740818659784,-0.233651458906069,-0.597807006545995,-0.364155547639926
"400205",10,4.94960703751443,8.10395748209677,-3.15435044458234,-5.05039296248557,-1.89604251790323
"225501",0.87417662500135,0.759452384167964,0.809065683708743,-0.0496132995407785,-0.114724240833386,-0.0651109412926072
"148874",1.39330388559064,1.14526025493511,1.24693880641901,-0.1016785514839,-0.248043630655532,-0.146365079171632
"248645",0.233622933394022,1.05868060652601,0.63442769560199,0.424252910924016,0.825057673131985,0.400804762207968
"372191",1.3394037225028,1.08861406382136,1.18942218538312,-0.100808121561766,-0.250789658681441,-0.149981537119674
"480006",1.0268234353123,1.21608247454314,1.15050613421348,0.0655763403296599,0.189259039230845,0.123682698901185
"214814",0.216767804498295,0.201377745801585,0.208383167252328,-0.00700542145074384,-0.0153900586967099,-0.00838463724596603
"533682",0.923893981795387,1.18440645225002,1.08394537854047,0.100461073709551,0.260512470454635,0.160051396745084
"247113",0.78099648809626,1.47562524508583,1.18150517258884,0.294120072496996,0.694628756989571,0.400508684492576
"30290",2.26671849988892,3.83557465202054,3.2157807392147,0.619793912805847,1.56885615213162,0.949062239325774
"302962",5.66744723263443,3.09277540590654,3.87844520784006,-0.785669801933525,-2.57467182672789,-1.78900202479437
"532278",10,7.63500552861616,9.30084875668573,-1.66584322806957,-2.36499447138384,-0.699151243314267
"456447",0.157006630847443,0.35798199100735,0.254034924859789,0.10394706614756,0.200975360159906,0.0970282940123461
"274911",0.0866923740795893,0.408080520146105,0.293932933700132,0.114147586445973,0.321388146066515,0.207240559620542
"229908",2.37900592593881,1.30172573021679,1.70176661258479,-0.400040882368003,-1.07728019572202,-0.677239313354021
"438079",4.08748439013117,1.60371718550861,2.43614641125362,-0.832429225745011,-2.48376720462256,-1.65133797887755
"210811",0.958419423676345,1.35746487632471,1.19319461992345,0.164270256401256,0.399045452648362,0.234775196247106
"153417",3.46064264560393,4.62015715761601,4.25845019830069,0.361706959315313,1.15951451201208,0.797807552696765
"284853",0.0757009282090494,2.5206379405832,1.43646539357912,1.08417254700408,2.44493701237415,1.36076446537007
"387474",2.51795067260678,3.3989034230785,3.06463541088486,0.33426801219364,0.880952750471717,0.546684738278077
"63496",1.18793381198399e-08,1.52363728678217,0.764662451369747,0.758974835412421,1.52363727490283,0.764662439490409
"26360",3.34382326935156,2.28714127663018,2.66341694713738,-0.376275670507192,-1.05668199272137,-0.680406322214181
"479978",1e-08,0.762093478579108,0.382026472252892,0.380067006326216,0.762093468579108,0.382026462252892
"16366",0.117432403772157,1.34137493360527,0.838917489929356,0.502457443675913,1.22394252983311,0.721485086157199
"415782",1.55438336165198,0.950620241504522,1.19663490131701,-0.24601465981249,-0.603763120147456,-0.357748460334966
"303528",1.8688841431335,0.780165080940811,1.21015630212795,-0.429991221187137,-1.08871906219269,-0.658727841005553
"43320",1.51951864330957,0.972938069195818,1.19020148979231,-0.217263420596489,-0.546580574113755,-0.329317153517266
"155928",0.0511849985922994,0.180669219848631,0.117591157015118,0.0630780628335132,0.129484221256332,0.0664061584228189
"121784",0.160655247163903,0.17438265815046,0.167753687324072,0.00662897082638744,0.0137274109865563,0.00709844016016889
"578092",1.56024709395631,2.03760444079426,1.84790522295326,0.189699217841001,0.477357346837953,0.287658128996952
"164497",1.95678675329245,1.26491744695333,1.50721045863183,-0.242293011678498,-0.691869306339121,-0.449576294660623
"125695",0.174279511865402,0.396792503951874,0.313283202131537,0.0835093018203374,0.222512992086472,0.139003690266135
"168848",5.13332346110516,1.77504467808902,2.64446496791674,-0.86942028982772,-3.35827878301614,-2.48885849318842
"127457",6.36936488841584,3.19670952699122,4.19203841405691,-0.995328887065688,-3.17265536142462,-2.17732647435894
"236748",10,5.83312359978135,7.91773417384297,-2.08461057406162,-4.16687640021865,-2.08226582615703
"522256",3.73366264929318,2.66254834472744,3.06674943968115,-0.404201094953709,-1.07111430456573,-0.666913209612022
"548089",5.4064523983186,3.69890748641232,4.2494213590414,-0.550513872629085,-1.70754491190628,-1.1570310392772
"279230",1.74612564211681,0.905813988458163,1.24585518080534,-0.340041192347173,-0.840311653658647,-0.500270461311474
"316709",0.519748609248239,1.80444499780803,1.27670327875859,0.527741719049442,1.28469638855979,0.756954669510353
"417503",2.60878554971868,3.0366053121314,2.87963418754861,0.156971124582786,0.427819762412719,0.270848637829933
"427911",0.63619219251477,1.38242177954823,1.09670632211101,0.285715457437215,0.746229587033457,0.460514129596242
"441032",4.32953739391215,5.27768105808927,5.07971796012807,0.197963097961198,0.948143664177119,0.750180566215922
"424794",1e-08,0.375554619557764,0.176982570554979,0.198572049002785,0.375554609557764,0.176982560554979
"401540",3.26050604867875,2.56736941463866,2.82250447146825,-0.25513505682959,-0.693136634040087,-0.438001577210497
"490404",3.13795213712409,2.50477707719544,2.73386207734172,-0.229085000146282,-0.633175059928654,-0.404090059782372
"521717",1.96526672893735,1.94961386989666,1.95620009985229,-0.00658622995563674,-0.0156528590406921,-0.0090666290850554
"73093",0.772415428920668,1.34695463786365,1.11808737146511,0.22886726639854,0.574539208942979,0.345671942544438
"96627",3.05784027638132,2.60180683501023,2.76875035026322,-0.166943515252999,-0.456033441371096,-0.289089926118097
"224144",3.72923784903384,1.28722636003299,2.0369809185711,-0.749754558538105,-2.44201148900084,-1.69225693046274
"7237",3.01957389233644,0.859334147133249,1.61672511630395,-0.7573909691707,-2.16023974520319,-1.40284877603249
"39331",0.360738175760572,1.62319598640826,1.01345238674219,0.609743599666072,1.26245781064769,0.652714210981617
"37463",0.148226938832578,0.238847606297315,0.199354608505769,0.0394929977915458,0.0906206674647365,0.0511276696731907
"269657",1.18793381198399e-08,0.653782660617267,0.374751268066085,0.279031392551182,0.653782648737929,0.374751256186747
"412920",0.238546457425184,0.498455296416642,0.38951443571506,0.108940860701581,0.259908838991457,0.150967978289876
"132526",4.63743648750173,4.15012450965722,4.30697580931558,-0.156851299658357,-0.487311977844511,-0.330460678186154
"176448",2.59603245598408,2.47281325327903,2.5162225437836,-0.043409290504576,-0.123219202705056,-0.0798099122004801
"209672",1.60598158003894,1.77926863714458,1.70940733859454,0.0698612985500418,0.173287057105636,0.103425758555594
"21107",2.16754932293466,3.7963612903135,3.15908000734005,0.637281282973449,1.62881196737884,0.991530684405392
"280717",4.00872965708229,4.60517938717651,4.41130412585123,0.193875261325276,0.596449730094219,0.402574468768942
"339448",8.18412109429342,5.67762133411607,6.29179705564628,-0.61417572153021,-2.50649976017735,-1.89232403864714
"342040",2.49381549635148,2.60276164666172,2.56406918861478,0.0386924580469326,0.108946150310235,0.0702536922633028
"364021",9.71021441611368,4.99946956065285,6.12428352032094,-1.12481395966809,-4.71074485546082,-3.58593089579273
"501309",8.26797801749184,5.78614881416949,6.39073332172993,-0.604584507560435,-2.48182920332235,-1.87724469576192
"528059",9.41016922918321,4.97313290693857,6.03558759298823,-1.06245468604966,-4.43703632224464,-3.37458163619498
"532125",2.0647254940987,3.12222969025522,2.73561726684668,0.386612423408538,1.05750419615652,0.670891772747981
"549613",0.237582405787289,2.36921315278019,1.35452047736315,1.01469267541704,2.1316307469929,1.11693807157587
"438117",0.0905572986883886,0.170542775012049,0.137224057327245,0.0333187176848045,0.0799854763236608,0.0466667586388563
"65600",0.287612989770872,0.611015178220764,0.464988525253472,0.146026652967292,0.323402188449893,0.1773755354826
"161868",0.739868156203305,2.48823127247711,1.76637194725897,0.721859325218143,1.74836311627381,1.02650379105566
"525743",1.85944572095213,1.94349886283215,1.91044131398813,0.033057548844011,0.0840531418800152,0.0509955930360042
"178059",9.0549589199436,5.55017690745306,6.39639292014342,-0.846216012690367,-3.50478201249055,-2.65856599980018
"190713",4.73526001223411,3.49650706314973,3.87779838527522,-0.381291322125491,-1.23875294908438,-0.857461626958889
"7477",1.74331639043136,1.31706612675962,1.4694592669987,-0.152393140239082,-0.426250263671747,-0.273857123432665
"296859",0.861828705674518,1.67063870970144,1.32627000457161,0.34436870512983,0.808810004026924,0.464441298897094
"129501",1e-08,0.140984515671725,0.0678491055266865,0.0731354101450388,0.140984505671725,0.0678490955266865
"383617",0.0833119233654596,0.487473407779732,0.319767625385188,0.167705782394544,0.404161484414272,0.236455702019729
"251228",2.06965844738812,1.64940183314438,1.81311480232997,-0.163712969185586,-0.42025661424374,-0.256543645058154
"201939",4.93914052621426,2.79297208371666,3.39346359253611,-0.600491508819455,-2.1461684424976,-1.54567693367814
"7207",2.16179433986051,1.45236335662108,1.7175576493132,-0.265194292692115,-0.709430983239431,-0.444236690547315
"307948",6.23495188405436,1.76494537162807,2.90359722809256,-1.13865185646449,-4.4700065124263,-3.33135465596181
"528169",1.68347992326473,1.67391268766904,1.6776924386219,-0.00377975095285232,-0.00956723559568728,-0.00578748464283496
"524000",0.197632469858687,0.386844802167519,0.287479963354999,0.0993648388125198,0.189212332308832,0.0898474934963125
"372277",1.72893315037093,0.474349597857453,0.883626037565169,-0.409276439707716,-1.25458355251347,-0.845307112805759
"37300",3.26360506589559,2.31260595813399,2.64827943828246,-0.33567348014847,-0.950999107761604,-0.615325627613134
"138805",0.732145800012487,1.02741065522751,0.896229116368394,0.13118153885912,0.295264855215028,0.164083316355908
"560141",3.67815789911575,2.52126194998482,2.94941199743352,-0.428150047448705,-1.15689594913093,-0.728745901682228
"216224",2.41841504556271,2.70268184342926,2.59905532980209,0.103626513627172,0.284266797866547,0.180640284239375
"26616",0.327779291670641,0.841914000398729,0.647695353095706,0.194218647303023,0.514134708728088,0.319916061425065
"391245",0.599979871980387,0.777118163563891,0.702317103784712,0.0748010597791782,0.177138291583503,0.102337231804325
"11113",10,5.367657729537,6.53345367647716,-1.16579594694016,-4.632342270463,-3.46654632352284
"173752",2.88013604166574,3.38190473034327,3.18788205924407,0.194022671099198,0.501768688677535,0.307746017578337
"57374",9.15595157853294,5.70151604137674,6.56428211915086,-0.862766077774122,-3.4544355371562,-2.59166945938208
"163574",1.19634355223554,1.12022211654181,1.15043087952419,-0.0302087629823811,-0.0761214356937341,-0.045912672711353
"411977",0.189008724485917,0.635306292094273,0.442810738961742,0.192495553132531,0.446297567608356,0.253802014475825
"64569",0.453921760027818,1.15315608448586,0.82839217973984,0.324763904746017,0.69923432445804,0.374470419712023
"474675",0.300109733716671,0.404665220383844,0.350908292135666,0.0537569282481774,0.104555486667173,0.0507985584189953
"557505",2.26290878157206,2.49626907320795,2.41349709570791,0.0827719775000428,0.233360291635891,0.150588314135848
"38407",0.417548840219308,1.93136967698697,1.31131810556554,0.620051571421431,1.51382083676767,0.893769265346234
"62126",0.665305249876944,0.742778413760253,0.710998967561584,0.0317794461986685,0.0774731638833088,0.0456937176846404
"155409",3.33273089551533,2.36070665919581,2.70698318892854,-0.346276529732724,-0.972024236319517,-0.625747706586792
"353201",10,6.03694602763998,7.96839868257289,-1.93145265493292,-3.96305397236002,-2.03160131742711
"385224",3.81891756251531,1.72206304784313,2.42768022667337,-0.705617178830247,-2.09685451467218,-1.39123733584193
"49746",3.02045054107603,2.74747477488886,2.84785154762067,-0.100376772731805,-0.272975766187168,-0.172598993455362
"513221",5.16348451354524,3.74170992161796,4.19451735480109,-0.452807433183131,-1.42177459192728,-0.96896715874415
"179155",1.53768077028303,0.957418679073513,1.18927991590813,-0.231861236834615,-0.580262091209514,-0.348400854374899
"182907",5.22293891612786,3.78328941017708,4.2448143510921,-0.461524940915023,-1.43964950595078,-0.978124565035758
"245362",4.61722775911198,4.16754722115292,4.31556090406956,-0.14801368291664,-0.449680537959058,-0.301666855042418
"316438",9.89020689978663,5.07794935953173,6.22801541046241,-1.15006605093068,-4.8122575402549,-3.66219148932422
"318995",3.2574909877378,2.26348759189469,2.61525565441565,-0.351768062520959,-0.994003395843108,-0.642235333322149
"467152",1.62772081418903,1.35431180251668,1.44855055536403,-0.0942387528473472,-0.273409011672348,-0.179170258825
"472879",2.59625449699884,3.14981899235736,2.94188524769352,0.207933744663845,0.553564495358523,0.345630750694678
"567479",1e-08,0.299401419213901,0.131602935577047,0.167798483636854,0.299401409213901,0.131602925577047
"181001",3.28394731994661,2.4984983201826,2.78216996079857,-0.283671640615965,-0.785448999764003,-0.501777359148038
"351916",1e-08,0.169351248577953,0.083270955897989,0.0860802926799642,0.169351238577953,0.083270945897989
"563262",0.13665233189375,0.784153651509105,0.48334707247209,0.300806579037016,0.647501319615355,0.34669474057834
"445816",0.599973335040649,0.744002270778252,0.688046017871601,0.0559562529066501,0.144028935737603,0.0880726828309527
"105571",2.09385377977779,2.06946617296802,2.07925014607574,-0.00978397310771228,-0.0243876068097677,-0.0146036337020554
"423086",1.90406079819168,2.45533863079359,2.21878068703852,0.236557943755065,0.551277832601913,0.314719888846848
"91119",0.134568596990899,0.589806573302671,0.34664752630096,0.243159047001712,0.455237976311772,0.21207892931006
"469456",1e-08,0.162497924767626,0.078101376177166,0.0843965485904602,0.162497914767626,0.078101366177166
"282978",4.17273633322712,4.30221924346002,4.26095538138709,0.0412638620729266,0.1294829102329,0.0882190481599734
"284466",1.7239660732442,1.99793119755345,1.88798253220875,0.109948665344691,0.273965124309242,0.164016458964551
"497257",2.31525017940062,3.56969103068017,3.08665204514001,0.483038985540154,1.25444085127954,0.77140186573939
"341259",0.100046231693365,0.593338977253473,0.430769402643693,0.16256957460978,0.493292745560108,0.330723170950328
"223697",0.383878562611322,1.15371191225749,0.748217017131693,0.405494895125799,0.76983334964617,0.364338454520371
"395643",1.54918965281272,0.85458428535371,1.1191115241013,-0.264527238747593,-0.694605367459008,-0.430078128711415
"161283",0.91334568050918,1.04500924906794,0.997423653658885,0.0475855954090522,0.131663568558757,0.0840779731497051
"82650",0.0359825562701254,0.465823245487424,0.252002938892703,0.213820306594721,0.429840689217299,0.216020382622578
"339566",0.911230575514269,0.968891271453671,0.948998481574596,0.0198927898790754,0.0576606959394016,0.0377679060603262
"400635",0.872637214718461,1.05827924064238,0.972101391117043,0.0861778495253357,0.185642025923919,0.0994641763985828
"378537",0.144158460750615,0.515044690836158,0.335172295147901,0.179872395688257,0.370886230085542,0.191013834397286
"171754",1e-08,0.458063606565334,0.236946837780721,0.221116768784613,0.458063596565334,0.236946827780721
"212533",0.0698322953358532,0.13663077403398,0.104383813923671,0.032246960110309,0.0667984786981272,0.0345515185878182
"175915",1.87009831914168,2.37728010462559,2.16487668755811,0.212403417067485,0.507181785483916,0.294778368416431
"194573",2.66215198145953,2.96948509886785,2.85462160135071,0.114863497517134,0.307333117408318,0.192469619891184
"249467",2.48390053509995,3.1060787259639,2.87269601944485,0.233382706519043,0.622178190863942,0.388795484344899
"383698",0.7623841688979,1.49584693481087,1.20152736115648,0.294319573654385,0.733462765912967,0.439143192258582
"204261",1.06985917395613,1.08201726283644,1.07718003202992,0.00483723080652543,0.0121580888803157,0.00732085807379024
"326003",1.50246195999758,3.88806491974905,3.01151238130514,0.876552538443911,2.38560295975147,1.50905042130756
"415386",2.70003608456892,3.08776425075335,2.94313436264515,0.144629888108206,0.387728166184429,0.243098278076223
"5474",2.53342782406309,2.99070058227802,2.82289315910458,0.167807423173436,0.457272758214922,0.289465335041486
"298874",1e-08,0.44257655275194,0.233420320303839,0.2091562324481,0.44257654275194,0.233420310303839
"9695",0.077338945098256,1.09640476653536,0.594217612217143,0.502187154318216,1.0190658214371,0.516878667118887
"561660",0.151046966268579,0.370782425845173,0.258347920095689,0.112434505749484,0.219735459576595,0.107300953827111
"513215",4.02279195006612,4.37162707213759,4.25659466730607,0.115032404831518,0.34883512207147,0.233802717239953
"6569",5.98712721480813,3.54223352532688,4.02920141778149,-0.486967892454606,-2.44489368948125,-1.95792579702664
"508126",0.276134114677945,0.849092587296273,0.575189030487827,0.273903556808446,0.572958472618329,0.299054915809882
"211028",8.54593229297714,6.61724655330777,7.11667022386026,-0.499423670552491,-1.92868573966937,-1.42926206911688
"263466",2.46992027684972,3.84296257996825,3.299387833971,0.54357474599725,1.37304230311852,0.829467557121272
"293393",2.79597723802487,3.1614030068575,3.02404740747828,0.137355599379219,0.365425768832633,0.228070169453413
"37277",1.49949852035185,2.69303134912362,2.19021962003511,0.502811729088512,1.19353282877177,0.690721099683256
"404111",10,7.98589892224813,9.78328216160422,-1.79738323935609,-2.01410107775187,-0.216717838395775
"415761",3.09078902835988,2.19659880264017,2.49996570838493,-0.303366905744755,-0.894190225719707,-0.590823319974953
"440196",8.54593229297714,6.61724655330777,7.11667022386026,-0.499423670552491,-1.92868573966937,-1.42926206911688
"467662",2.72792971018983,3.58523136868247,3.24889379589316,0.336337572789302,0.857301658492637,0.520964085703335
"94976",8.86861198699015,6.24149875931574,6.91427534709496,-0.672776587779223,-2.62711322767442,-1.95433663989519
"377995",1.49239873654347,0.927932265074552,1.15316896855421,-0.225236703479661,-0.564466471468914,-0.339229767989253
"313600",0.290767208472183,1.86735133991342,1.22794912640136,0.639402213512062,1.57658413144123,0.937181917929172
"208441",1.81556701574967,1.71056713051425,1.74992151393039,-0.0393543834161334,-0.104999885235419,-0.0656455018192854
"263071",0.206277366352861,1.02099000261016,0.627190170111463,0.393799832498699,0.814712636257302,0.420912803758602
"306995",0.525497025369534,1.02977303683921,0.815849450798504,0.21392358604071,0.504276011469679,0.290352425428969
"269344",3.40078621312995,5.58275191909348,4.82573568303325,0.757016236060224,2.18196570596352,1.4249494699033
"292314",1.22138944869579,3.35007858992692,2.40647613302807,0.943602456898842,2.12868914123113,1.18508668433229
"365606",5.52622563773711,3.95033632318,4.46008044148706,-0.509744118307059,-1.5758893145571,-1.06614519625004
"164953",0.0840280668730354,0.0842197048061646,0.0841153009256336,0.000104403880530915,0.000191637933129124,8.7234052598209e-05
"333232",5.75835431459345,3.49566214153325,4.21364993900771,-0.71798779747446,-2.2626921730602,-1.54470437558574
"80301",1e-08,0.146580234638451,0.07540170682351,0.0711785278149407,0.146580224638451,0.07540169682351
"136362",0.746259743068715,1.71726816074824,1.30985950330249,0.407408657445749,0.971008417679529,0.56359976023378
"123434",0.203249696377051,1.37608275395572,0.9148337054682,0.46124904848752,1.17283305757867,0.711584009091149
"189449",2.68238011850686,2.40092768986795,2.50006140989276,-0.0991337200248048,-0.281452428638911,-0.182318708614106
"249165",1.68032046232558,1.4444231069964,1.53322579795475,-0.0888026909583512,-0.235897355329176,-0.147094664370824
"311046",0.592005193772882,1.5488766475354,1.12347544260597,0.425401204929434,0.956871453762518,0.531470248833084
"562027",0.582234642261656,1.81955311577412,1.24881804431374,0.570735071460382,1.23731847351246,0.666583402052079
"573386",10,7.49459347368844,8.88078284399349,-1.38618937030505,-2.50540652631156,-1.11921715600651
"37049",5.84928962416909,3.42205205382697,4.18931291447301,-0.767260860646043,-2.42723757034213,-1.65997670969608
"483843",10,6.61538965162861,8.59950012246258,-1.98411047083397,-3.38461034837139,-1.40049987753742
"75930",10,6.61538965162861,8.59950012246258,-1.98411047083397,-3.38461034837139,-1.40049987753742
"100497",0.0276815680152162,0.548719722651526,0.285743839290154,0.262975883361372,0.52103815463631,0.258062271274938
"406445",2.31450859638653,1.4536452690572,1.78083884916704,-0.327193580109843,-0.860863327329324,-0.533669747219481
"247266",0.503574446201038,0.602268050903981,0.566137751924193,0.0361302989797877,0.0986936047029425,0.0625633057231548
"121259",1.35518066692317,2.27601180633273,1.8908229289461,0.385188877386633,0.920831139409563,0.535642262022929
"574428",0.18138859951335,0.47567898808276,0.355960397087327,0.119718590995433,0.29429038856941,0.174571797573977
"226657",0.728132117389329,1.03456060342549,0.899811787237852,0.134748816187641,0.306428486036165,0.171679669848524
"379459",0.499545604943062,0.544325948866957,0.524091080238622,0.0202348686283346,0.0447803439238947,0.0245454752955601
"82676",0.549424440313866,1.78908639286532,1.27658829927359,0.512498093591732,1.23966195255146,0.727163858959723
"566925",1.15430478916608,1.40395861510944,1.30071610595672,0.103242509152724,0.24965382594336,0.146411316790636
"205225",0.367622594165082,0.614646799002646,0.503339542597804,0.111307256404842,0.247024204837564,0.135716948432722
"386123",1e-08,0.385420156604468,0.191651298591476,0.193768858012992,0.385420146604468,0.191651288591476
"487934",1.12193940755157,1.21747130125117,1.1799349278242,0.0375363734269711,0.0955318936995964,0.0579955202726252
"117132",0.14123010458416,0.264240003985989,0.200577583533144,0.063662420452845,0.123009899401828,0.0593474789489833
"303330",3.87273343106917,5.25937948447336,4.98278351580803,0.276595968665335,1.38664605340419,1.11005008473885
"323439",2.17945922261424,3.30707265759187,2.89511862596314,0.411954031628735,1.12761343497763,0.715659403348892
"324010",2.19154495974846,3.08081553984671,2.76104311223743,0.319772427609282,0.88927058009825,0.569498152488968
"387182",3.02372033497605,2.68182934358436,2.80591901373784,-0.124089670153486,-0.341890991391691,-0.217801321238205
"92209",0.200088553227719,0.745305969920934,0.442775173615622,0.302530796305312,0.545217416693216,0.242686620387903
"273039",0.194038441238189,0.605624266804172,0.431197306062318,0.174426960741855,0.411585825565983,0.237158864824129
"123781",1.72066839492826,2.75916239751473,2.30995104905613,0.449211348458599,1.03849400258647,0.589282654127867
"404855",0.825579920944506,1.79505299413892,1.38038079723936,0.414672196899563,0.969473073194419,0.554800876294855
"458604",1.11219336488459,3.05075487569038,2.21827212627168,0.832482749418698,1.9385615108058,1.1060787613871
"484996",1e-08,0.194409736679099,0.0989098985036584,0.0954998381754411,0.1944097266791,0.0989098885036584
"502050",0.318251970330159,0.991475055405062,0.645870313365333,0.345604742039729,0.673223085074903,0.327618343035174
"567524",0.53039680856706,0.164451824881275,0.292536826798455,-0.12808500191718,-0.365944983685785,-0.237859981768605
"153276",2.79472662391415,5.7601402644244,4.75581247257074,1.00432779185366,2.96541364051026,1.9610858486566
"363496",2.48197913188579,3.43984788799296,3.07158050926468,0.368267378728279,0.957868756107162,0.589601377378883
"8327",0.64632773824798,1.54941911798976,1.18930390947064,0.360115208519112,0.903091379741776,0.542976171222664
"113313",3.18204841877299,3.02292190556959,3.08245308730101,-0.0595311817314195,-0.159126513203402,-0.0995953314719826
"116480",10,6.02210767333343,9.20615337593925,-3.18404570260581,-3.97789232666657,-0.793846624060752
"129341",10,8.54339582257687,10,-1.45660417742313,-1.45660417742313,0
"133172",10,6.08687042643855,9.19610090385751,-3.10923047741896,-3.91312957356145,-0.803899096142493
"188672",5.63205292461984,3.62015498096054,4.25519921943247,-0.635044238471926,-2.01189794365929,-1.37685370518737
"198513",6.71367927165892,2.59407068726014,3.8152501172601,-1.22117942999997,-4.11960858439878,-2.89842915439881
"201604",10,6.08687042643855,9.19610090385751,-3.10923047741896,-3.91312957356145,-0.803899096142493
"217073",10,5.4654992434363,6.63517912108953,-1.16967987765323,-4.5345007565637,-3.36482087891047
"217413",10,4.03367886463593,5.88229963059239,-1.84862076595645,-5.96632113536407,-4.11770036940761
"22345",10,8.54339582257687,10,-1.45660417742313,-1.45660417742313,0
"226447",10,8.54339582257687,10,-1.45660417742313,-1.45660417742313,0
"228760",10,8.54339582257687,10,-1.45660417742313,-1.45660417742313,0
"248686",3.10982328363201,2.74215531643825,2.87625199495839,-0.134096678520139,-0.36766796719376,-0.233571288673621
"254938",10,5.43000415667469,8.84718351832788,-3.41717936165319,-4.56999584332531,-1.15281648167212
"272843",10,4.41807802179273,6.16457539302052,-1.74649737122779,-5.58192197820727,-3.83542460697948
"27872",10,4.9184714203496,8.46711137963976,-3.54863995929016,-5.0815285796504,-1.53288862036024
"283134",6.4923644179927,2.63455598955459,3.77358727661505,-1.13903128706046,-3.85780842843812,-2.71877714137766
"288940",10,4.88228728361501,8.41726642566833,-3.53497914205332,-5.11771271638499,-1.58273357433167
"295592",10,5.43000415667469,8.84718351832788,-3.41717936165319,-4.56999584332531,-1.15281648167212
"313658",10,4.83493487190513,6.45433645767472,-1.61940158576959,-5.16506512809487,-3.54566354232528
"314423",10,8.54339582257687,10,-1.45660417742313,-1.45660417742313,0
"327150",10,3.47912811597648,5.44561941393812,-1.96649129796164,-6.52087188402352,-4.55438058606188
"333603",10,5.34050525060064,8.76023275957419,-3.41972750897355,-4.65949474939936,-1.23976724042581
"369256",10,6.58546028999731,9.49273914963935,-2.90727885964204,-3.41453971000269,-0.507260850360646
"37462",10,8.54339582257687,10,-1.45660417742313,-1.45660417742313,0
"384516",10,5.07710283709558,6.55804617964424,-1.48094334254866,-4.92289716290442,-3.44195382035576
"394067",7.41458291649842,1.80161049260115,3.33286641458975,-1.5312559219886,-5.61297242389727,-4.08171650190867
"394419",10,6.08687042643855,9.19610090385751,-3.10923047741896,-3.91312957356145,-0.803899096142493
"410397",3.43010600971375,2.07062849067073,2.53395450324308,-0.46332601257235,-1.35947751904302,-0.896151506470672
"426273",10,5.31088966410092,6.58148017662079,-1.27059051251988,-4.68911033589908,-3.41851982337921
"4279",10,4.54333479210541,6.10391480143942,-1.56058000933401,-5.45666520789459,-3.89608519856058
"431386",10,6.8981524634777,9.6665391475475,-2.76838668406981,-3.1018475365223,-0.333460852452497
"433100",10,4.57111359437601,6.20339422823129,-1.63228063385528,-5.42888640562399,-3.79660577176871
"435995",10,6.25730673658366,9.20171381350582,-2.94440707692217,-3.74269326341634,-0.798286186494179
"439238",5.69912826992635,3.29199528205602,4.02918637888032,-0.737191096824307,-2.40713298787034,-1.66994189104603
"450961",10,8.54339582257687,10,-1.45660417742313,-1.45660417742313,0
"479889",6.64785284745473,2.31991993646153,3.55573844007092,-1.23581850360939,-4.32793291099321,-3.09211440738382
"499723",9.96061345108544,5.71770167706536,6.77833106182097,-1.06062938475561,-4.24291177402009,-3.18228238926448
"513984",10,7.25762767040395,10,-2.74237232959605,-2.74237232959605,0
"5196",10,5.02777968467846,6.46170739196808,-1.43392770728963,-4.97222031532154,-3.53829260803192
"537255",10,6.8981524634777,9.6665391475475,-2.76838668406981,-3.1018475365223,-0.333460852452497
"542771",10,8.54339582257687,10,-1.45660417742313,-1.45660417742313,0
"554258",3.18183710865731,1.83025125879816,2.25632904403298,-0.426077785234818,-1.35158584985915,-0.925508064624331
"578385",10,8.54339582257687,10,-1.45660417742313,-1.45660417742313,0
"71754",10,5.07710283709558,6.55804617964424,-1.48094334254866,-4.92289716290442,-3.44195382035576
"74436",3.04818689277486,3.30322028275072,3.20573631343277,0.0974839693179486,0.255033389975861,0.157549420657912
"88498",10,4.83493487190513,6.45433645767472,-1.61940158576959,-5.16506512809487,-3.54566354232528
"179550",0.589479899558097,0.8380980766362,0.73261514038372,0.105482936252479,0.248618177078103,0.143135240825624
"342110",1e-08,0.196516886748069,0.0974422359075152,0.0990746508405536,0.196516876748069,0.0974422259075153
"10346",0.65976430739028,0.513151446047053,0.563539539383057,-0.0503880933360041,-0.146612861343227,-0.0962247680072227
"557240",1.08751777506537,2.03055233591863,1.66054959191056,0.370002744008063,0.943034560853258,0.573031816845195
"4673",0.120995701492509,0.610894787245969,0.352381888961116,0.258512898284853,0.48989908575346,0.231386187468607
"118135",5.39391350589132,5.66706354121067,5.60486404904564,0.0621994921650391,0.273150035319356,0.210950543154317
"295012",3.55348246060716,4.78357191046613,4.37376277776145,0.409809132704677,1.23008944985897,0.820280317154295
"506407",0.838764759166692,1.68353700771356,1.32998545091266,0.353551556800896,0.844772248546866,0.49122069174597
"202033",1.34512182846018,0.920986520405348,1.08523125618119,-0.164244735775844,-0.424135308054829,-0.259890572278985
"238308",2.30403983296425,1.35394692288665,1.70725734958586,-0.353310426699214,-0.950092910077599,-0.596782483378384
"275218",0.194065991856292,0.84282473301847,0.536365793176669,0.306458939841801,0.648758741162178,0.342299801320377
"103384",0.0217648752859192,0.22041759525303,0.126061659380387,0.0943559358726433,0.198652719967111,0.104296784094468
"71548",4.53613440742374,1.22838590821158,2.275414999679,-1.04702909146742,-3.30774849921216,-2.26071940774473
"29656",0.599892954886719,0.85737740216498,0.748816112691104,0.108561289473876,0.25748444727826,0.148923157804384
"404800",0.252709644249958,1.01461704992713,0.709124045491153,0.30549300443598,0.761907405677175,0.456414401241194
"326626",10,6.4177506794714,8.39174480975421,-1.97399413028282,-3.5822493205286,-1.60825519024579
"323989",1e-08,0.231756414269714,0.123934418619279,0.107821995650434,0.231756404269714,0.123934408619279
"565171",0.426970701075169,0.598193505004366,0.533731279738837,0.064462225265529,0.171222803929196,0.106760578663667
"382665",1.7014079004579,1.24007132986053,1.39889725267465,-0.158825922814115,-0.461336570597366,-0.302510647783251
"398535",6.14205194961122,2.40576385431684,3.47832365553218,-1.07255980121535,-3.73628809529438,-2.66372829407903
"312778",3.52045956442351,2.09810297535067,2.59249423626705,-0.494391260916378,-1.42235658907284,-0.927965328156463
"22797",3.74807827649463,2.14705262468083,2.72078781984811,-0.573735195167278,-1.6010256518138,-1.02729045664652
"172553",3.03382166993751,0.749733379337265,1.50540383504256,-0.755670455705297,-2.28408829060025,-1.52841783489495
"426804",1e-08,0.313423122652319,0.186356023174793,0.127067099477526,0.313423112652319,0.186356013174793
"257732",1.83980489484289,1.81923322937597,1.82750179401938,-0.00826856464341819,-0.0205716654669243,-0.0123031008235062
"450618",0.714035564960357,1.450107487993,1.16005995888349,0.290047529109514,0.736071923032647,0.446024393923133
"533824",4.18062807072273,3.61095030743713,3.78878274175121,-0.177832434314076,-0.5696777632856,-0.391845328971524
"406495",0.141790123793653,0.488728296436707,0.302579582901055,0.186148713535652,0.346938172643054,0.160789459107402
"118734",0.205048057300816,0.439278753320667,0.315656863645741,0.123621889674926,0.234230696019851,0.110608806344925
"19428",1.02618252356063,1.23791738974855,1.15388429660228,0.0840330931462623,0.211734866187916,0.127701773041654
"27406",0.690944880699463,0.547536265340684,0.584117987606434,-0.0365817222657503,-0.143408615358779,-0.106826893093029
"313572",1.72382980721194,1.30011500820075,1.44141868396508,-0.141303675764329,-0.423714799011189,-0.28241112324686
"335152",2.05622038131366,1.39468842142571,1.63531846113096,-0.240630039705255,-0.661531959887957,-0.420901920182702
"194158",0.166073820978238,0.940398410324066,0.553848044363648,0.386550365960418,0.774324589345828,0.38777422338541
"108377",0.505668339730779,0.703804297924524,0.607999005432244,0.0958052924922801,0.198135958193745,0.102330665701465
"265644",1.16890172725237,2.80731249040125,2.1274376981579,0.679874792243351,1.63841076314888,0.958535970905524
"342831",0.89179089839493,1.65899806325886,1.32442315474984,0.334574908509018,0.767207164863928,0.43263225635491
"302619",0.622292393337406,1.37059242101021,1.07722515333005,0.293367267680159,0.748300027672802,0.454932759992643
"466072",0.0668389542610433,0.308259708540123,0.185114061397926,0.123145647142197,0.24142075427908,0.118275107136883
"376699",1.21141692512524,2.78286427239711,2.11523093936933,0.667633333027776,1.57144734727187,0.903814014244091
"138768",1.28825101708761,1.57247047602649,1.44813022239218,0.124340253634312,0.284219458938879,0.159879205304567
"233082",1.36971957049414,2.20352853206286,1.86719909552842,0.33632943653444,0.833808961568717,0.497479525034276
"75204",1.18793381198399e-08,1.2159654393699,0.623748060004571,0.592217379365326,1.21596542749056,0.623748048125233
"36950",0.0497669456259139,0.0793517266802356,0.065007065287295,0.0143446613929406,0.0295847810543217,0.0152401196613811
"18484",0.162401549670844,0.383224377898037,0.270518993342615,0.112705384555422,0.220822828227193,0.108117443671771
"303098",1.93498440675411,0.649268832857534,1.13058769755976,-0.481318864702226,-1.28571557389657,-0.804396709194348
"240142",0.215519712852176,0.440449647399597,0.32260545477332,0.117844192626277,0.22492993454742,0.107085741921144
"404884",1.67748450932864,1.45518994827888,1.53827793241362,-0.0830879841347483,-0.222294561049768,-0.139206576915019
"432658",3.1734461710251,1.58770450976863,2.09064027424099,-0.502935764472362,-1.58574166125647,-1.08280589678411
"442684",4.94739162360202,3.75035368267992,4.12919833361595,-0.378844650936036,-1.1970379409221,-0.818193289986064
"7571",1.35666273963963,1.78797574793508,1.6245069599682,0.163468787966874,0.431313008295452,0.267844220328577
"472777",2.34608829851681,3.92344669038297,3.30489924222554,0.618547448157435,1.57735839186616,0.958810943708726
"405017",0.74916119699774,1.33881274010245,1.10605912817215,0.232753611930299,0.589651543104713,0.356897931174414
"313095",0.113687384479012,0.09283905009131,0.102408811072592,-0.00956976098128172,-0.0208483343877019,-0.0112785734064202
"447089",1.07160266049315,0.616243740652092,0.803310171068979,-0.187066430416887,-0.455358919841058,-0.268292489424171
"488946",2.24858198648931,1.08759056020665,1.49127891138049,-0.403688351173837,-1.16099142628266,-0.757303075108827
"493487",1.10459288552175,1.67912504194554,1.42446297056634,0.254662071379198,0.574532156423785,0.319870085044587
"78105",0.163961064882089,1.75971497296744,1.00621638288429,0.753498590083153,1.59575390808535,0.842255318002201
"287972",0.0123237615037379,0.0585404736310434,0.0370550877740971,0.0214853858569463,0.0462167121273055,0.0247313262703593
"566571",0.470684709231112,0.611757557022295,0.545963356486114,0.0657942005361812,0.141072847791183,0.0752786472550016
"182909",0.806385162846573,0.662248302581461,0.720125943278992,-0.0578776406975311,-0.144136860265112,-0.0862592195675804
"179654",3.83047380705062,2.8668680491336,3.13016327596714,-0.263295226833538,-0.963605757917024,-0.700310531083487
"183715",0.730403359932211,2.73101461086487,2.24448460310516,0.486530007759715,2.00061125093266,1.51408124317294
"424873",0.680009652748744,1.62961601443549,1.24399071616512,0.385625298270374,0.949606361686747,0.563981063416373
"566141",1.13729853454172,2.30533912944768,1.80043087959196,0.504908249855722,1.16804059490596,0.663132345050242
"141689",5.11118285445258,3.96015011696425,4.32456766601458,-0.364417549050335,-1.15103273748833,-0.786615188437995
"360814",3.35960699722394,5.08068939937216,4.49707595000124,0.583613449370919,1.72108240214822,1.13746895277731
"410248",2.62018818159831,3.43085092616128,3.12271916872272,0.30813175743856,0.810662744562972,0.502530987124412
"469639",1.67135015924317,2.19627147762105,1.97851046391395,0.217761013707103,0.524921318377875,0.307160304670772
"570684",3.10352791914693,2.49878424640672,2.7191169927405,-0.220332746333787,-0.604743672740215,-0.384410926406428
"237244",9.249148669333,5.33647870953981,6.29506645073527,-0.958587741195455,-3.91266995979318,-2.95408221859773
"248376",4.63427792301454,4.25442057406988,4.37788522942221,-0.12346465535233,-0.37985734894466,-0.25639269359233
"573976",10,8.32798289063981,9.79203879259713,-1.46405590195732,-1.67201710936019,-0.207961207402867
"79619",0.183164090905336,1.05406175515,0.721852066008477,0.332209689141524,0.870897664244664,0.53868797510314
"353218",2.87547905506066,1.89075814306357,2.21851769236879,-0.327759549305217,-0.98472091199709,-0.656961362691873
"108313",9.08469923048037,6.02090601771193,6.78896273184902,-0.768056714137086,-3.06379321276844,-2.29573649863136
"108699",10,7.6976898884238,9.52057401218175,-1.82288412375795,-2.3023101115762,-0.479425987818249
"119825",2.77679756348296,3.61910622685123,3.28862749669213,0.3304787301591,0.84230866336827,0.51182993320917
"124828",1.99580427015636,1.19180348649996,1.46225733638493,-0.270453849884977,-0.804000783656401,-0.533546933771424
"131841",3.01777111326293,3.0964907496555,3.06675143047964,0.0297393191758566,0.0787196363925693,0.0489803172167127
"143442",10,5.18970868030272,6.51807624224177,-1.32836756193904,-4.81029131969728,-3.48192375775823
"146456",5.00332538823751,4.56625116895354,4.71276387842744,-0.1465127094739,-0.43707421928397,-0.290561509810069
"302119",8.59622001098517,6.29341178114976,6.88345155025518,-0.590039769105419,-2.3028082298354,-1.71276846072998
"370971",10,5.18970868030272,6.51807624224177,-1.32836756193904,-4.81029131969728,-3.48192375775823
"401542",3.50895764524142,1.98150039039147,2.4966814197256,-0.515181029334137,-1.52745725484995,-1.01227622551581
"446296",10,5.18970868030272,6.51807624224177,-1.32836756193904,-4.81029131969728,-3.48192375775823
"446507",9.25151089804904,5.73323300929817,6.61976336580103,-0.88653035650286,-3.51827788875087,-2.63174753224802
"491295",3.1997068676328,3.37775051827145,3.30843982986844,0.0693106884030112,0.178043650638649,0.108732962235638
"516237",9.85308872367698,5.58316927886036,6.64286674469277,-1.05969746583241,-4.26991944481662,-3.21022197898421
"537161",8.84982002087347,6.00370800398639,6.72650166779005,-0.72279366380366,-2.84611201688708,-2.12331835308342
"565842",10,5.18970868030272,6.51807624224177,-1.32836756193904,-4.81029131969728,-3.48192375775823
"128728",5.7548613671796,2.75076162434754,3.64938240892359,-0.898620784576051,-3.00409974283205,-2.105478958256
"32323",1.38121086887702,3.77103754906273,2.8367273281606,0.934310220902129,2.38982668018571,1.45551645928359
"362827",1.5681064500827,1.78320293626939,1.7026852488372,0.0805176874321838,0.215096486186685,0.134578798754501
"512891",0.122768408024625,0.194523533229814,0.160207270449314,0.0343162627804998,0.071755125205189,0.0374388624246892
"525691",2.68631642703197,0.897395690552851,1.50674403130591,-0.609348340753059,-1.78892073647912,-1.17957239572606
"52281",1.07057510988699,1.60932965618628,1.37500156444497,0.234328091741302,0.538754546299287,0.304426454557985
"302631",0.107861713074743,0.321114287645691,0.218608578226552,0.102505709419139,0.213252574570948,0.110746865151808
"332926",1.54994670354768,0.671840398034246,0.982666170086388,-0.310825772052142,-0.878106305513431,-0.567280533461289
"486516",0.117278256581867,0.563031330300691,0.325547421098047,0.237483909202645,0.445753073718824,0.208269164516179
"133140",5.98769726328375,3.04961068851757,3.94953009895127,-0.899919410433695,-2.93808657476618,-2.03816716433248
"526483",3.71397500604001,1.62070205981054,2.29893539272374,-0.678233332913195,-2.09327294622946,-1.41503961331627
"88908",10,2.98480333429334,5.24067959672875,-2.25587626243541,-7.01519666570666,-4.75932040327125
"471091",0.789807427514478,0.679610177183971,0.723803732811626,-0.0441935556276553,-0.110197250330507,-0.0660036947028522
"252670",0.136717399081627,0.258150194675193,0.197483660958939,0.0606665337162542,0.121432795593566,0.0607662618773119
"466763",2.71811419601035,2.31832047078304,2.45938772880012,-0.141067258017086,-0.399793725227311,-0.258726467210225
"445825",0.365528391570157,0.400211606525224,0.386064377057618,0.0141472294676056,0.0346832149550673,0.0205359854874617
"423008",1e-08,0.842455692954026,0.386211521969702,0.456244170984324,0.842455682954026,0.386211511969702
"442456",0.0515073510328081,0.193200586438567,0.126422111755215,0.0667784746833521,0.141693235405759,0.0749147607224067
"246459",1.58652691574045,1.42536708598241,1.49718644602592,-0.071819360043502,-0.161159829758038,-0.0893404697145359
"188310",0.79044988248656,1.17525440412283,0.995238494903906,0.180015909218923,0.384804521636269,0.204788612417346
"563805",0.11961633134241,0.180475360762459,0.151588641234761,0.0288867195276973,0.0608590294200481,0.0319723098923508
"211620",0.0765456827844704,0.693795040403454,0.416394325667995,0.277400714735459,0.617249357618983,0.339848642883524
"486023",1.26588844695631,1.28308286168569,1.27616389714049,0.00691896454519592,0.017194414729379,0.0102754501841831
"248324",1.12489416380189,0.578287125854625,0.802709972128418,-0.224422846273792,-0.546607037947262,-0.32218419167347
"351948",0.533778515192388,0.972238772054965,0.780470497629392,0.191768274425573,0.438460256862577,0.246691982437004
"152144",1.06489472681976,1.22101786193702,1.15863976389047,0.0623780980465478,0.156123135117255,0.0937450370707071
"275468",0.507044175611702,1.06449355034171,0.821887992905999,0.242605557435709,0.557449374730005,0.314843817294297
"453718",2.55325390195274,3.10403026809196,2.89499048958573,0.209039778506226,0.550776366139212,0.341736587632985
"375535",1e-08,0.364022393358491,0.182906805786456,0.181115587572035,0.364022383358491,0.182906795786456
"215470",1.1243001051032,1.32165746445983,1.23994405983253,0.0817134046272967,0.197357359356625,0.115643954729329
"79581",0.202194661910433,0.491683226279481,0.336014049036665,0.155669177242816,0.289488564369049,0.133819387126233
"46864",1.44430710641146,0.768611355248461,1.0142634203208,-0.245652065072344,-0.675695751162998,-0.430043686090654
"88997",0.130036424997597,0.454453495158778,0.284142742424646,0.170310752734131,0.324417070161181,0.15410631742705
"515029",0.0758998937011247,0.242909601439109,0.161197225447208,0.0817123759919007,0.167009707737984,0.0852973317460831
"269356",2.7268687685436,2.88396917399465,2.82605847456169,0.0579106994329579,0.157100405451047,0.0991897060180893
"15217",6.60293019416415,2.42665385726472,3.65713295406051,-1.23047909679578,-4.17627633689942,-2.94579724010364
"99105",10,5.59444361601295,7.66107155802515,-2.0666279420122,-4.40555638398705,-2.33892844197485
"132841",0.874763930391524,0.676457452649016,0.757365517998143,-0.0809080653491272,-0.198306477742508,-0.117398412393381
"201385",0.426961599856842,1.96342938396619,1.31640392725888,0.647025456707311,1.53646778410935,0.889442327402034
"338203",3.86896620116873,5.24116709983522,4.96719298946206,0.273974110373162,1.3722008986665,1.09822678829333
"236065",1.47937900368942,1.10419204026388,1.25985696122991,-0.155664920966038,-0.375186963425544,-0.219522042459506
"22197",2.16332144260215,1.23890029011572,1.56530409647891,-0.326403806363196,-0.924421152486431,-0.598017346123235
"527593",10,4.96863465811813,6.93052724982699,-1.96189259170885,-5.03136534188187,-3.06947275017301
"194872",0.670311871782261,1.01053625823429,0.860657198285186,0.149879059949103,0.340224386452029,0.190345326502926
"245742",1.26305127299576,1.06803751450863,1.14622453860029,-0.0781870240916605,-0.195013758487134,-0.116826734395474
"567760",1.04263863434406,2.1629787885573,1.72297814691066,0.440000641646634,1.12034015421324,0.680339512566605
"389024",2.7302707633239,2.79898384948178,2.77373855787536,0.025245291606423,0.0687130861578815,0.0434677945514585
"394268",3.05354222512535,5.44410246429577,4.63852951699969,0.805572947296077,2.39056023917041,1.58498729187434
"403504",2.51486973117266,3.45443471057471,3.09486373727537,0.359570973299339,0.939564979402052,0.579994006102714
"507713",0.602055527622851,0.901457512233288,0.775908725132362,0.125548787100925,0.299401984610437,0.173853197509512
"277807",0.186091852855681,0.352984026482579,0.291702555379724,0.0612814711028553,0.166892173626899,0.105610702524044
"10937",3.92941371128924,1.58261592018411,2.34801683211964,-0.765400911935529,-2.34679779110513,-1.5813968791696
"213052",1.18793381198399e-08,1.3040572995987,0.780592968044873,0.523464331553828,1.30405728771936,0.780592956165535
"475038",2.54949010499444,2.74633412797723,2.67833581275406,0.0679983152231656,0.196844022982785,0.12884570775962
"391305",1.1892043711273,1.42849847743086,1.32769572505729,0.100802752373576,0.239294106303567,0.138491353929991
"18087",1.5651818230031,1.98574611189786,1.82228141555579,0.163464696342071,0.42056428889476,0.257099592552689
"220294",2.87995028004779,4.10380648966127,3.72998000857235,0.373826481088917,1.22385620961348,0.850029728524561
"229163",2.65739473130456,2.31415349657186,2.42661750652419,-0.112464009952338,-0.343241234732705,-0.230777224780367
"32055",0.14608148547976,0.431094102919743,0.291687058558586,0.139407044361157,0.285012617439983,0.145605573078826
"264304",0.192722660866058,0.664453868538349,0.45427340381222,0.210180464726129,0.471731207672291,0.261550742946162
"140718",0.915631618415417,1.0159267411741,0.968606646204016,0.0473200949700832,0.100295122758682,0.052975027788599
"17852",0.00272209355375645,0.622434497267364,0.353117007603651,0.269317489663713,0.619712403713608,0.350394914049894
"324041",5.95047478568758,3.12988100696097,4.00105539145986,-0.871174384498889,-2.82059377872661,-1.94941939422772
"56716",5.09806927786541,3.59216926842145,4.07178478048766,-0.4796155120662,-1.50590000944396,-1.02628449737776
"350014",1.98395288973101,1.59990184417069,1.74505287438815,-0.145151030217458,-0.384051045560313,-0.238900015342854
"70811",0.775688072455407,0.321887898252741,0.462501983094718,-0.140614084841977,-0.453800174202666,-0.31318608936069
"255412",5.39711854248035,2.82633674739118,3.58233707474117,-0.756000327349988,-2.57078179508916,-1.81478146773918
"293743",0.615151154216987,1.23059677844975,0.978653352013647,0.251943426436107,0.615445624232767,0.36350219779666
"296793",8.04793430787302,5.23741888538272,5.89524557593941,-0.657826690556687,-2.81051542249029,-2.15268873193361
"314050",0.000395519265383758,0.234327727227028,0.128568371381903,0.105759355845125,0.233932207961645,0.12817285211652
"531718",0.0203468426030173,0.217400189526524,0.129424043850776,0.087976145675748,0.197053346923507,0.109077201247759
"372253",0.628211282180685,0.659450291041355,0.644772287763982,0.0146780032773728,0.0312390088606699,0.0165610055832971
"366606",2.1321125709265,1.55337271975599,1.77166364368649,-0.218290923930493,-0.578739851170503,-0.36044892724001
"244268",0.111875178395311,0.160994873749468,0.137137163469758,0.02385771027971,0.049119695354157,0.025261985074447
"174613",1.18793381198399e-08,1.12606812699362,0.5779550168732,0.548113110120424,1.12606811511429,0.577955004993862
"568735",0.644835786797186,0.561141155828817,0.599911218287067,-0.0387700624582504,-0.0836946309683698,-0.0449245685101194
"187193",0.431677212810715,0.329961124641895,0.373395644440436,-0.0434345197985416,-0.10171608816882,-0.0582815683702782
"463526",0.256615969645441,0.443545918717377,0.346617255539157,0.0969286631782204,0.186929949071936,0.0900012858937158
"53937",1e-08,0.172290668616565,0.0985434864656367,0.0737471821509283,0.172290658616565,0.0985434764656367
"131818",0.192030370134001,0.329329211003784,0.263144543277366,0.0661846677264186,0.137298840869783,0.0711141731433642
"408799",0.039884375155701,0.347177325231398,0.193283189542348,0.15389413568905,0.307292950075697,0.153398814386647
"444838",7.73171523870946,1.28939287994765,7.73171523870946,-6.44232235876181,-6.44232235876181,0
"483292",0.21455448683447,1.43048060769903,0.851569853004525,0.578910754694501,1.21592612086456,0.637015366170054
"17636",5.93712717519282,2.76293906770171,3.70388287542687,-0.940943807725164,-3.17418810749112,-2.23324429976595
"454216",3.78234799639224,2.13317373082896,2.71853693876534,-0.585363207936374,-1.64917426556328,-1.06381105762691
"554772",9.42765024007305,4.51334011714223,5.67302566520995,-1.15968554806773,-4.91431012293082,-3.7546245748631
"93917",10,5.5645861822309,7.55745086252828,-1.99286468029738,-4.4354138177691,-2.44254913747172
"32783",0.180305840583833,0.207662708890527,0.1942404914682,0.0134222174223267,0.0273568683066935,0.0139346508843668
"56869",1e-08,0.559849554075329,0.340641516578794,0.219208037496535,0.559849544075329,0.340641506578794
"509759",0.046159609905734,0.503816231957894,0.271396240262476,0.232419991695417,0.45765662205216,0.225236630356742
"172329",0.816269522199848,1.43819000226261,1.18568402743737,0.252505974825235,0.62192048006276,0.369414505237524
"242443",0.711343323296498,1.37712107401727,1.11521973331976,0.261901340697502,0.665777750720769,0.403876410023266
"547037",1.84076320534013,3.15305247919808,2.69001703264349,0.463035446554598,1.31228927385795,0.849253827303352
"366055",3.32048356400901,2.21067425509405,2.59598229420318,-0.385308039109126,-1.10980930891496,-0.724501269805832
"200463",2.19642510959055,1.56693506598951,1.80773035319094,-0.240795287201433,-0.629490043601044,-0.388694756399611
"342283",6.57651051158987,2.63877531012279,3.81723071463793,-1.17845540451514,-3.93773520146708,-2.75927979695194
"369101",6.67220007693894,2.53361843814762,3.76324354464884,-1.22962510650122,-4.13858163879132,-2.9089565322901
"55035",2.21490820940503,1.32389537129093,1.65053246989204,-0.326637098601108,-0.891012838114103,-0.564375739512995
"275554",3.16689155536194,1.90927849847739,2.31891176747799,-0.409633269000597,-1.25761305688455,-0.847979787883951
"569423",1.77112653884117,1.5317955220992,1.6198078544006,-0.0880123323013997,-0.23933101674197,-0.15131868444057
"573772",1.49027844869816,1.72798591777712,1.63597090446519,0.0920150133119222,0.237707469078952,0.14569245576703
"469243",0.184532072726555,0.167664251940056,0.175621159366628,-0.00795690742657118,-0.0168678207864989,-0.00891091335992772
"467439",3.22484512778709,2.73275080878441,2.91686133948564,-0.184110530701229,-0.492094319002681,-0.307983788301452
"130410",1.04764418105449,0.805250038620368,0.912429774659494,-0.107179736039127,-0.242394142434123,-0.135214406394996
"519742",0.207154599190783,0.285139792169777,0.244836043628723,0.0403037485410539,0.0779851929789946,0.0376814444379407
"386673",2.08049840106463,1.72159293284245,1.86179537866243,-0.140202445819976,-0.35890546822217,-0.218703022402194
"184766",0.448427198267828,0.703466721312104,0.613648872910228,0.0898178484018763,0.255039523044276,0.1652216746424
"216773",1.6399585621018,1.98076317113153,1.84455241814333,0.136210752988196,0.340804609029725,0.204593856041529
"424844",0.984331456575273,0.288365941644978,0.509026098405903,-0.220660156760925,-0.695965514930295,-0.47530535816937
"457124",0.723193762533149,1.39876181262648,1.13943110319041,0.259330709436071,0.67556805009333,0.416237340657259
"1282",0.500283539876851,0.456902004228702,0.475055997887042,-0.0181539936583399,-0.0433815356481496,-0.0252275419898096
"246885",0.227623046549195,0.290207651550347,0.269368416885198,0.0208392346651491,0.0625846050011522,0.0417453703360031
"216947",3.68867526841591,1.46770143360244,2.1541219115687,-0.686420477966268,-2.22097383481347,-1.5345533568472
"385102",2.0331256185123,1.65659189880362,1.80009991328538,-0.143508014481757,-0.376533719708674,-0.233025705226916
"81934",2.4844428756203,2.41174713561673,2.43623841376915,-0.0244912781524236,-0.0726957400035655,-0.0482044618511419
"346979",0.0678159125861418,0.196732522614915,0.136302781216718,0.0604297413981974,0.128916610028773,0.0684868686305759
"330599",0.16824028940012,0.187558145403239,0.178457959520968,0.00910018588227152,0.0193178560031189,0.0102176701208474
"213320",1.68812591980715,1.98207596166734,1.86596039499479,0.116115566672548,0.293950041860191,0.177834475187643
"533862",1.96225656329297,3.19539623060881,2.72332328231959,0.472072948289224,1.23313966731584,0.761066719026618
"268848",0.448427807896667,0.715244595542418,0.616268904940687,0.0989756906017313,0.266816787645752,0.167841097044021
"188884",0.288502461195599,0.370448713665582,0.337860377829299,0.0325883358362837,0.0819462524699834,0.0493579166336996
"226978",1.57053107746332,1.7452745370998,1.68104325499565,0.0642312821041484,0.174743459636484,0.110512177532335
"228050",1.61439806730818,4.10915803642882,3.13127906322169,0.977878973207123,2.49475996912063,1.51688099591351
"84499",0.264229664427141,2.05754832350319,1.32507645897244,0.732471864530751,1.79331865907605,1.0608467945453
"235852",0.889442067799082,0.614728030964008,0.724622560625731,-0.109894529661723,-0.274714036835074,-0.164819507173351
"203694",0.421776837286838,0.843372595860674,0.675237742172816,0.168134853687859,0.421595758573836,0.253460904885978
"570375",2.76223966010328,1.56522954446297,1.90562903364562,-0.340399489182656,-1.19701011564031,-0.856610626457654
"397900",1e-08,0.966903504775984,0.628227282030806,0.338676222745178,0.966903494775984,0.628227272030806
"403585",0.178692223434602,0.418052928142129,0.318521855324975,0.0995310728171545,0.239360704707527,0.139829631890373
"545685",0.328837383874657,1.21592675923306,0.829052819835415,0.386873939397646,0.887089375358405,0.500215435960758
"530881",2.31396858705476,1.39988575464902,1.75641467921799,-0.356528924568967,-0.914082832405741,-0.557553907836773
"285559",0.0270478633717192,1.23392664186651,0.697428388154092,0.536498253712416,1.20687877849479,0.670380524782373
"538043",1.91083110876134,1.7278625581902,1.79963325652757,-0.0717706983373665,-0.18296855057114,-0.111197852233774
"34696",0.00810190707297835,0.288180095769651,0.161648973371418,0.126531122398233,0.280078188696672,0.15354706629844
"419721",1.45312336896231,1.65721935527483,1.58297772105008,0.0742416342247496,0.20409598631252,0.129854352087771
"534027",1.63656213247783,2.51287460570198,2.20384663479313,0.309027970908848,0.876312473224154,0.567284502315305
"507305",0.525241015816134,0.903293543481191,0.743910563874606,0.159382979606585,0.378052527665057,0.218669548058472
"356661",0.0839792237994515,0.491215907965547,0.325449953554721,0.165765954410825,0.407236684166095,0.24147072975527
"197207",0.0425557570339707,0.273615290496704,0.154877357871868,0.118737932624836,0.231059533462733,0.112321600837897
"88817",0.916823299134194,1.10472459253343,1.01603272634698,0.0886918661864511,0.187901293399232,0.0992094272127814
"123894",9.26479793038786,5.53066659288433,6.43233772767806,-0.901671134793729,-3.73413133750353,-2.8324602027098
"346217",5.386532115582,3.54314888912663,4.12484391572752,-0.581695026600891,-1.84338322645537,-1.26168819985448
"358226",4.36029985249692,4.67585202297829,4.5700559906734,0.105796032304887,0.315552170481373,0.209756138176486
"572122",2.20104252151118,3.48898972568834,3.00205603822321,0.486933687465125,1.28794720417716,0.801013516712031
"302222",0.173337909102421,1.87545534866548,1.00277255066382,0.872682798001655,1.70211743956305,0.829434641561399
"377512",0.213619005653982,3.34384495922635,1.97720964155228,1.36663531767407,3.13022595357236,1.7635906358983
"339405",0.04490910979699,0.185665821065731,0.118984168943673,0.0666816521220586,0.140756711268741,0.0740750591466829
"116447",2.86399038077812,2.47021812906383,2.61049599003551,-0.140277860971679,-0.39377225171429,-0.253494390742611
"40667",0.159300868137762,0.272750882688708,0.216436754303144,0.0563141283855641,0.113450014550946,0.0571358861653818
"262667",1.99804183251203,1.66180550078967,1.79047385303932,-0.128668352249648,-0.336236331722358,-0.207567979472711
"572509",3.02981442045891,2.44025810529312,2.64955341665515,-0.209295311362029,-0.589556315165787,-0.380261003803758
"382170",3.57453768432056,2.99100093625079,3.15661642368251,-0.165615487431723,-0.58353674806977,-0.417921260638046
"390509",1.31019810677669,3.29413512778434,2.5836032817846,0.710531845999734,1.98393702100765,1.27340517500791
"142261",0.0216160597059131,0.037787899103252,0.0295317041713016,0.00825619493195041,0.0161718393973389,0.00791564446538852
"314301",0.494316364250325,0.646060004628457,0.574057269665776,0.0720027349626806,0.151743640378132,0.0797409054154513
"305076",0.823160405945688,0.619177717061481,0.698670068877357,-0.0794923518158762,-0.203982688884206,-0.12449033706833
"158769",2.18685596533293,3.44474916199563,2.97019680651171,0.47455235548392,1.2578931966627,0.783340841178775
"261620",1.42950281104403,2.24968684842598,1.92043688843608,0.329249959989906,0.820184037381959,0.490934077392053
"333147",1.03028969205929,0.990748237152695,1.00603718626168,-0.015288949108984,-0.0395414549065938,-0.0242525057976097
"272052",3.76615306340177,1.57397224444746,2.30549717930429,-0.731524934856829,-2.19218081895431,-1.46065588409748
"377356",1.73918233117452,1.77212292058481,1.75920168839937,0.0129212321854448,0.0329405894102943,0.0200193572248495
"39834",0.346790440863991,1.52848653267693,0.950205206215356,0.578281326461575,1.18169609181294,0.603414765351365
"463390",0.0803435108830689,0.251321448048244,0.168109453752525,0.0832119942957192,0.170977937165175,0.0877659428694558
"560242",1.44544403504788,0.882109628929737,1.10370071342848,-0.221591084498741,-0.563334406118142,-0.3417433216194
"374067",0.253800005492459,1.12724561399587,0.705240904785336,0.422004709210537,0.873445608503414,0.451440899292877
"376220",0.382590495718485,1.13647730384765,0.815941026839824,0.320536277007821,0.75388680812916,0.433350531121339
"8586",0.246304731256494,1.35568619759548,0.856849816425882,0.498836381169601,1.10938146633899,0.610545085169388
"147402",0.30229227238943,0.365756812379498,0.34188772128448,0.0238690910950175,0.0634645399900677,0.0395954488950502
"389866",0.296180186190965,0.398839895040649,0.345265384496629,0.0535745105440197,0.102659708849683,0.0490851983056635
"154193",0.10896684179831,0.211098438412386,0.166512277632446,0.04458616077994,0.102131596614076,0.0575454358341361
"210178",6.60725891342426,2.62667116211949,3.81585352508668,-1.18918236296719,-3.98058775130478,-2.79140538833758
"296070",5.03434248707694,2.78146483410165,3.42908950921058,-0.647624675108928,-2.25287765297529,-1.60525297786636
"73205",3.77876832424765,1.84776273107638,2.52041717625051,-0.672654445174124,-1.93100559317126,-1.25835114799714
"531956",0.0725921710656284,0.30179998445716,0.200809670385915,0.100990314071245,0.229207813391531,0.128217499320286
"168292",0.270135564217241,0.785771445581927,0.542916539517698,0.242854906064229,0.515635881364686,0.272780975300457
"559743",2.08824559299315,3.62855864170343,3.03393534196113,0.594623299742303,1.54031304871028,0.945689748967979
"575811",10,8.64224303198364,10,-1.35775696801636,-1.35775696801636,0
"342222",0.548293633444688,0.285157974480989,0.390673333180851,-0.105515358699862,-0.263135658963698,-0.157620300263836
"134035",0.119044443786568,0.445547970382732,0.278468594117291,0.167079376265441,0.326503526596164,0.159424150330723
"74810",1e-08,0.463510272356711,0.22093207884833,0.242578193508381,0.463510262356711,0.22093206884833
"78665",0.0402620410281327,0.322001434873608,0.186844772851776,0.135156662021832,0.281739393845476,0.146582731823644
"266341",3.0086492634,2.33438496217589,2.57613796799639,-0.241753005820503,-0.674264301224107,-0.432511295403604
"9484",0.132973870236252,0.368800153506299,0.287503373705459,0.0812967798008394,0.235826283270046,0.154529503469207
"133444",0.447884982583892,1.30826560210458,0.91478532936863,0.393480272735955,0.860380619520693,0.466900346784738
"27260",0.240807080708727,0.905796256236769,0.658059849365337,0.247736406871433,0.664989175528042,0.41725276865661
"15240",3.1039564043091,1.91935994184201,2.32046926103219,-0.401109319190176,-1.18459646246709,-0.783487143276915
"475298",1.54824393141511,0.868198529230684,1.13066096350149,-0.262462434270805,-0.680045402184423,-0.417582967913618
"241221",0.285200211762884,1.03311049879216,0.734082527064734,0.299027971727431,0.747910287029281,0.44888231530185
"101956",0.124945394172584,0.762828226049825,0.46023761418955,0.302590611860275,0.637882831877241,0.335292220016966
"423788",1e-08,0.230126911781343,0.126314395575974,0.103812516205368,0.230126901781343,0.126314385575974
"488273",0.0492249223764613,0.789606589436096,0.43946199141064,0.350144598025456,0.740381667059635,0.390237069034178
"362751",0.8529876530264,0.573359718804839,0.683481608355194,-0.110121889550355,-0.279627934221561,-0.169506044671206
"426996",1e-08,0.368159883203467,0.190146667760974,0.178013215442493,0.368159873203467,0.190146657760974
"435355",0.552143733984186,1.23853711953491,0.987310388955901,0.251226730579009,0.686393385550723,0.435166654971714
"247432",0.778926488714655,0.660948361686292,0.707615386737932,-0.0466670250516397,-0.117978127028363,-0.0713111019767231
"198689",0.496889359106395,1.21072482920152,0.89176343583979,0.318961393361728,0.713835470095123,0.394874076733395
"385791",0.476761919233086,1.91846587142217,1.24705752908615,0.671408342336026,1.44170395218909,0.770295609853061
"294591",0.512174882192701,0.989447248661303,0.789625543070481,0.199821705590821,0.477272366468601,0.27745066087778
"69189",1.47327965738252,2.569308143662,2.10226452862034,0.467043615041655,1.09602848627948,0.628984871237823
"77911",4.08230485645289,3.78862604668797,3.88216912244526,-0.0935430757572906,-0.293678809764923,-0.200135734007633
"562562",1.27609504219243,0.483216102210652,0.811145718942479,-0.327929616731827,-0.792878939981777,-0.46494932324995
"480582",4.63546690910215,2.52872304551734,3.10046598936229,-0.571742943844952,-2.10674386358481,-1.53500091973985
"398536",0.0641644220814254,0.140897792649071,0.103313571715751,0.0375842209333199,0.0767333705676454,0.0391491496343255
"494654",1.05487367426609,1.35007086290959,1.24718177836423,0.102889084545363,0.295197188643501,0.192308104098139
"65032",2.99335747915382,2.76221003074442,2.84696695519335,-0.0847569244489326,-0.231147448409401,-0.146390523960469
"214692",5.2205422117966,3.67434323132107,4.16427075189758,-0.489927520576512,-1.54619898047553,-1.05627145989901
"249038",2.74362142792501,2.947907574048,2.87281606900138,0.0750915050466214,0.204286146122985,0.129194641076364
"265185",4.34073450522958,4.34271248426686,4.34280523112333,-9.27468564713152e-05,0.00197797903728603,0.00207072589375734
"276908",5.40117673286415,3.40937213262257,4.02964483968378,-0.620272707061213,-1.99180460024158,-1.37153189318037
"288458",5.06656090140057,3.85677290301632,4.24266949546753,-0.385896592451207,-1.20978799838425,-0.823891405933042
"304863",9.86498959639349,4.78920869960489,6.00357789034273,-1.21436919073784,-5.0757808967886,-3.86141170605076
"350624",1.37249631671999,1.9898780164174,1.75753095595203,0.232347060465371,0.617381699697404,0.385034639232033
"527337",6.71034711347303,1.89016537589256,3.19753985200223,-1.30737447610966,-4.82018173758047,-3.51280726147081
"161867",1e-08,0.411736377096494,0.216536248676949,0.195200128419545,0.411736367096494,0.216536238676949
"170437",5.62623180544788,2.49731479299695,3.40149335319103,-0.904178560194087,-3.12891701245093,-2.22473845225685
"217079",2.79115242525086,2.88387432499915,2.84872457848633,0.0351497465128219,0.0927218997482919,0.05757215323547
"514460",10,9.13810782123416,10,-0.861892178765837,-0.861892178765837,0
"522006",5.24905075939795,3.42782431280984,4.00173534348144,-0.573911030671597,-1.82122644658811,-1.24731541591651
"455923",1.36741687500688,1.9145622398452,1.71098730240407,0.203574937441126,0.547145364838312,0.343570427397186
"57800",1.04983811926706,0.443478571795538,0.667988351386443,-0.224509779590905,-0.606359547471522,-0.381849767880617
"172603",0.958465132436873,1.36517656444851,1.1994560988006,0.165720465647915,0.406711432011641,0.240990966363727
"420991",0.402179148849341,1.17783761483456,0.83368049691055,0.344157117924007,0.775658465985216,0.431501348061209
"33253",1.25746255627966,1.50816705875209,1.39959993547821,0.108567123273883,0.250704502472431,0.142137379198549
"339575",0.231215799028734,0.436699422921924,0.333002407161151,0.103697015760773,0.20548362389319,0.101786608132417
"296976",1e-08,0.228972563704493,0.123245504034648,0.105727059669844,0.228972553704493,0.123245494034648
"113239",2.40946061334504,1.087931387513,1.55342490061505,-0.465493513102051,-1.32152922583204,-0.856035712729984
"316290",1e-08,0.750865929954623,0.375251283349306,0.375614646605318,0.750865919954623,0.375251273349306
"424647",0.815004367413555,0.811429843344671,0.810048007368202,0.00138183597646946,-0.00357452406888359,-0.00495636004535305
"273407",1.1388594696469,2.42519783713374,1.91198510841272,0.513212728721015,1.28633836748684,0.773125638765824
"522789",1.74718556865754,3.56303746669334,2.88521551592827,0.677821950765068,1.8158518980358,1.13802994727074
"366961",2.42215962651862,1.7297184956601,2.01138930812861,-0.281670812468507,-0.692441130858523,-0.410770318390016
"560672",2.37316935659175,1.12763425176936,1.56930850835362,-0.441674256584258,-1.24553510482239,-0.803860848238135
"457360",0.623494204379939,0.885092725322865,0.777327362519474,0.107765362803391,0.261598520942926,0.153833158139535
"40016",0.668202672490239,0.487879991921953,0.556046259458444,-0.0681662675364904,-0.180322680568286,-0.112156413031796
"287938",0.923873056405048,1.2814620883795,1.13941251399268,0.142049574386816,0.357589031974452,0.215539457587636
"159348",3.44614280333385,1.48062431019188,2.10144767871973,-0.62082336852785,-1.96551849314197,-1.34469512461412
"283099",3.19141573963153,1.83623957197658,2.28398878356781,-0.447749211591234,-1.35517616765496,-0.907426956063726
"485178",1.54696875595597,1.51566747780116,1.52713284039299,-0.011465362591826,-0.031301278154815,-0.019835915562989
"217108",1.21540802389866,1.17151208142433,1.18866043004648,-0.0171483486221431,-0.0438959424743213,-0.0267475938521782
"159909",0.551658381091359,0.382007889030892,0.453402957378097,-0.0713950683472048,-0.169650492060466,-0.0982554237132615
"514445",0.422579622669308,0.26637985950574,0.343415543909926,-0.0770356844041852,-0.156199763163567,-0.0791640787593822
"546452",0.748333135248218,0.400904872200075,0.555104394543682,-0.154199522343607,-0.347428263048143,-0.193228740704536
"440385",0.536860016242871,0.533883966371156,0.532845680485527,0.00103828588562893,-0.0029760498717154,-0.00401433575734433
"455590",2.88893935593351,1.49415830469057,1.90629121317478,-0.412132908484217,-1.39478105124295,-0.98264814275873
"77327",0.544300559667782,0.557306854703357,0.552505310921709,0.00480154378164876,0.0130062950355758,0.00820475125392706
"219969",3.7494718223452,1.73674754110267,2.40980919520526,-0.673061654102596,-2.01272428124253,-1.33966262713994
"544866",0.311314224457201,0.37681226819655,0.341976852079992,0.0348354161165578,0.0654980437393491,0.0306626276227913
"406081",5.80292693433374,2.03894387090717,3.03367459237027,-0.994730721463099,-3.76398306342657,-2.76925234196347
"450077",1e-08,0.270212031082558,0.141738262767844,0.128473768314714,0.270212021082558,0.141738252767844
"565136",1e-08,0.714812015869162,0.370822510953173,0.343989504915989,0.714812005869162,0.370822500953173
"365772",0.0811264392699156,1.14436727966678,0.744022720188437,0.400344559478345,1.06324084039687,0.662896280918521
"147687",2.16517624518674,1.31522073163075,1.62320336147798,-0.307982629847237,-0.849955513555997,-0.54197288370876
"248646",0.339153155754137,0.8105396695955,0.641613883949514,0.168925785645985,0.471386513841362,0.302460728195377
"73138",0.393427043823661,0.962386627981907,0.727871728659929,0.234514899321978,0.568959584158246,0.334444684836267
"336439",1e-08,0.54939975492242,0.270416441067851,0.278983313854569,0.54939974492242,0.270416431067851
"71035",5.71250760699067,2.63503747710936,3.5127487957142,-0.877711318604839,-3.07747012988131,-2.19975881127647
"96369",2.31024490544483,1.3007923419128,1.67707921903763,-0.376286877124831,-1.00945256353203,-0.633165686407195
"463383",0.496555591181557,1.06411934971287,0.81944161638598,0.244677733326895,0.567563758531317,0.322886025204422
"195399",1.18472604574789,2.08250805474851,1.74130637136016,0.341201683388344,0.897782009000618,0.556580325612274
"144623",1.03079562474998,1.05329623419633,1.04479990259672,0.00849633159961605,0.0225006094463491,0.0140042778467331
"435523",0.00722313549723478,0.0870283908953058,0.0498671902822869,0.0371612006130189,0.079805255398071,0.0426440547850521
"191534",0.727390158712629,1.46765036970526,1.17836392872208,0.289286440983179,0.740260210992635,0.450973770009456
"186963",2.23215098341459,1.90701379213323,2.00218962366938,-0.0951758315361533,-0.325137191281358,-0.229961359745205
"459122",10,3.34735474649514,5.39411010276306,-2.04675535626791,-6.65264525350486,-4.60588989723694
"10794",3.19939272311421,2.68289211905875,2.87562203486924,-0.192729915810494,-0.516500604055466,-0.323770688244972
"472011",6.39724508209713,2.88675568340987,3.96174003909796,-1.07498435568809,-3.51048939868726,-2.43550504299917
"49733",3.59907303896607,1.79281418625109,2.40389818414346,-0.611083997892361,-1.80625885271498,-1.19517485482262
"63401",5.42584964310086,3.76103836908239,4.29521982105553,-0.53418145197314,-1.66481127401847,-1.13062982204533
"518825",0.546343124049381,0.992596871332995,0.800743853277584,0.191853018055411,0.446253747283614,0.254400729228203
"412999",1e-08,0.161182560868706,0.075993143261393,0.085189417607313,0.161182550868706,0.075993133261393
"446506",1.40331994853431,1.8704893861611,1.69710501279598,0.173384373365122,0.467169437626797,0.293785064261675
"543967",0.0623399944413957,0.750749956575889,0.454023478824432,0.296726477751458,0.688409962134494,0.391683484383036
"438760",0.0449986055466177,0.154978420849246,0.0989864196081865,0.0559920012410596,0.109979815302628,0.0539878140615688
"71183",0.0409318474400903,0.244820344198595,0.143428865120176,0.101391479078419,0.203888496758505,0.102497017680086
"312383",0.488725199272837,0.465163172197496,0.475490030136162,-0.0103268579386665,-0.0235620270753418,-0.0132351691366753
"369831",0.03718743815049,0.219875529128369,0.133024928148662,0.0868506009797068,0.182688090977879,0.0958374899981717
"65483",1.32248754758755,1.29813188724201,1.30815572183484,-0.0100238345928283,-0.0243556603455459,-0.0143318257527176
"140992",0.114922621659738,0.194508693019843,0.15485109964077,0.0396575933790733,0.0795860713601056,0.0399284779810323
"138696",0.0878156683659235,0.525835163917285,0.362989560270507,0.162845603646779,0.438019495551362,0.275173891904583
"5726",1.88934395574576,0.680011141810857,1.13840597557572,-0.458394833764867,-1.2093328139349,-0.750937980170036
"151929",0.694348219588071,2.08455627081809,1.46565872552933,0.618897545288761,1.39020805123002,0.771310505941259
"161541",0.00668822547186851,0.0314829509835695,0.0192739075877913,0.0122090433957782,0.0247947255117009,0.0125856821159228
"127566",5.72600217649951,2.73394534770842,3.60056222541818,-0.866616877709762,-2.99205682879109,-2.12543995108133
"531491",0.031518357638006,0.0337962311569464,0.0327200379734524,0.00107619318349406,0.00227787351894049,0.00120168033544643
"402960",0.0364672328924856,0.0765451391734644,0.0575191590926233,0.0190259800808411,0.0400779062809787,0.0210519262001377
"360451",2.6541014155333,2.03672588186064,2.23636511762812,-0.19963923576748,-0.617375533672661,-0.417736297905181
"252954",0.107523522106697,0.365060738793304,0.233086662083236,0.131974076710068,0.257537216686607,0.125563139976539
"165267",2.95697863880473,5.76083303105656,4.7957741595469,0.965058871509668,2.80385439225183,1.83879552074216
"187447",1.54489023811086,2.54411334595011,2.12524157610628,0.41887176984383,0.999223107839244,0.580351337995413
"337169",1.83437120321069,3.81278576393177,3.04993268723287,0.762853076698897,1.97841456072108,1.21556148402219
"448428",1.44146660854835,2.62844879488986,2.13153137323818,0.496917421651678,1.1869821863415,0.690064764689825
"511537",0.123872410655025,2.15203352411111,1.32995244813247,0.822081075978635,2.02816111345608,1.20608003747745
"74345",0.654371579852579,3.17924447349497,2.14268905872258,1.03655541477239,2.52487289364239,1.48831747887
"380340",0.221399408426292,0.18819585124734,0.204279615168288,-0.0160837639209475,-0.0332035571789518,-0.0171197932580043
"264921",1.74852187870856,1.92914280512671,1.85702022827366,0.072122576853052,0.180620926418154,0.108498349565102
"72922",1.09082333637922,1.5876293177107,1.36410502817914,0.223524289531563,0.496805981331478,0.273281691799914
"368468",1e-08,0.256959318055826,0.129642792411394,0.127316525644432,0.256959308055826,0.129642782411394
"146227",0.716710059855079,1.12328614974412,0.936715996777368,0.186570152966748,0.406576089889037,0.220005936922289
"345765",0.503633711328496,0.491259332366924,0.495412530458545,-0.00415319809162062,-0.0123743789615718,-0.00822118086995122
"571894",6.17455182040104,2.29712909690687,3.37793903416201,-1.08080993725514,-3.87742272349417,-2.79661278623904
"311814",1e-08,0.0492504373341216,0.0279615039449569,0.0212889333891647,0.0492504273341216,0.0279614939449569
"162638",1.44214227962817,1.0971581660137,1.24028919046283,-0.143131024449132,-0.344984113614465,-0.201853089165334
"364987",1.41848744726936,0.752356988284041,0.988098033447274,-0.235741045163233,-0.666130458985316,-0.430389413822083
"84330",1.6508015063716,2.19460997999004,2.01559188239748,0.179018097592561,0.543808473618446,0.364790376025885
"164277",0.19856805720167,0.131431731598923,0.162968755009,-0.0315370234100767,-0.0671363256027468,-0.0355993021926701
"139443",1.52544007902248,1.07725012949801,1.26025168963236,-0.183001560134358,-0.448189949524471,-0.265188389390112
"118715",2.31701886593435,3.11351664916823,2.82099695216545,0.292519697002786,0.796497783233881,0.503978086231095
"213071",1.27055750094124,2.08899058670085,1.76957085533889,0.319419731361964,0.818433085759616,0.499013354397652
"223570",9.1116347705839,5.69454851388336,6.5250617845135,-0.830513270630139,-3.41708625670054,-2.5865729860704
"440317",4.66977367572852,4.18233439353052,4.33968702158799,-0.157352628057478,-0.487439282198002,-0.330086654140525
"473027",8.88970800644094,5.80807952646833,6.56060293493618,-0.752523408467844,-3.0816284799726,-2.32910507150476
"532713",0.138220724650099,0.890072461319614,0.469074188191226,0.420998273128389,0.751851736669515,0.330853463541127
"43796",0.199536300342932,0.85434532981862,0.712568477013224,0.141776852805396,0.654809029475688,0.513032176670292
"437812",0.0669455309021603,0.333693294782289,0.209116208583014,0.124577086199275,0.266747763880128,0.142170677680853
"174118",1.77216544421418,1.92690332852184,1.86598976584,0.0609135626818396,0.154737884307664,0.0938243216258245
"367093",0.236774538348351,0.893781774693972,0.603373228127913,0.290408546566058,0.657007236345621,0.366598689779563
"517830",1.13453449374277,0.737658982290876,0.880733805549992,-0.143074823259115,-0.396875511451898,-0.253800688192782
"484882",0.985958680146087,1.32488476603122,1.18971127770242,0.1351734883288,0.338926085885134,0.203752597556334
"406507",3.7757736877999,2.9293066066792,3.17050360602612,-0.241196999346915,-0.846467081120695,-0.60527008177378
"370470",4.83160205365838,3.32539705739921,3.78196681323725,-0.45656975583804,-1.50620499625917,-1.04963524042113
"472714",1.97740777276729,1.45396569183649,1.65361760403204,-0.199651912195542,-0.523442080930795,-0.323790168735253
"538780",0.0971261525757237,0.415949498715869,0.25371759206555,0.162231906650319,0.318823346140145,0.156591439489826
"141135",0.0987380894815139,0.0935492668424335,0.0960594898781407,-0.00251022303570712,-0.00518882263908038,-0.00267859960337326
"256187",1.18505906612392,1.14448037239938,1.16033559889584,-0.0158552264964615,-0.0405786937245405,-0.0247234672280789
"265908",0.0147358255346209,0.23734062392048,0.135344935135262,0.101995688785219,0.22260479838586,0.120609109600641
"450117",0.201934968494518,0.763899574472131,0.451332648407533,0.312566926064598,0.561964605977613,0.249397679913015
"24750",3.0390723933174,2.25746237154168,2.52899619361115,-0.271533822069467,-0.781610021775719,-0.510076199706252
"88407",5.56074458198509,4.35734564380403,4.61271011829358,-0.255364474489545,-1.20339893818106,-0.948034463691512
"417562",0.0917080550452342,0.253455853848719,0.175065898186646,0.0783899556620728,0.161747798803484,0.0833578431414117
"500483",4.11324501840212,3.4183921719853,3.63201985967303,-0.213627687687727,-0.694852846416818,-0.481225158729091
"37616",10,4.51680744296827,6.09512136918687,-1.5783139262186,-5.48319255703173,-3.90487863081313
"422302",4.79133100187159,4.25457745028273,4.42960010274453,-0.175022652461799,-0.536753551588856,-0.361730899127056
"546947",5.44717699159439,3.57416784550149,4.16421843866213,-0.590050593160641,-1.8730091460929,-1.28295855293226
"386647",2.79848188405531,0.980325690813766,1.62096616454944,-0.640640473735669,-1.81815619324155,-1.17751571950588
"377519",0.148626533028102,0.749899412009248,0.472658914212854,0.277240497796394,0.601272878981146,0.324032381184752
"364784",0.0700637643086375,0.375443029265441,0.232858616109925,0.142584413155516,0.305379264956804,0.162794851801287
"181745",0.170700461981793,0.0766160509624633,0.120168030953459,-0.0435519799909953,-0.0940844110193299,-0.0505324310283346
"410723",0.755649931417584,1.10839030698003,0.944888489649197,0.163501817330834,0.352740375562447,0.189238558231613
"396385",1.18793381198399e-08,0.687630916671101,0.400438333335746,0.287192583335355,0.687630904791763,0.400438321456408
"239640",10,2.26016444237054,4.71931553351741,-2.45915109114687,-7.73983555762945,-5.28068446648259
"482999",0.805431415510516,0.628240908009753,0.698994666123573,-0.0707537581138199,-0.177190507500762,-0.106436749386942
"287299",2.93570807782229,2.71764779370188,2.79668023440177,-0.0790324406998959,-0.218060284120409,-0.139027843420513
"524759",4.49837708140747,4.09721378006453,4.22811339028101,-0.130899610216479,-0.401163301342939,-0.27026369112646
"165132",1.93340644715359,1.87627423454159,1.89868764119272,-0.0224134066511323,-0.0571322126119989,-0.0347188059608665
"178572",5.95006962103839,4.16733222430649,4.54458315441851,-0.377250930112015,-1.7827373967319,-1.40548646661988
"10343",1.85123569850178,1.76501344896785,1.79850698065016,-0.0334935316823091,-0.0862222495339251,-0.052728717851616
"113293",5.51561941093151,3.3976387029699,4.06238734566809,-0.664748642698183,-2.11798070796161,-1.45323206526343
"142730",8.64254909060231,5.76933226306485,6.48724670344295,-0.717914440378103,-2.87321682753747,-2.15530238715936
"393586",10,4.78542821735585,6.08471647989213,-1.29928826253628,-5.21457178264415,-3.91528352010787
"429435",5.19633877263797,3.74592692395874,4.20959004275965,-0.463663118800914,-1.45041184867923,-0.986748729878318
"471485",2.66419455737471,2.64871289399171,2.65423919346,-0.00552629946829741,-0.0154816633830031,-0.00995536391470564
"576529",4.99008103566848,4.05119384642336,4.35553503045832,-0.304341184034962,-0.938887189245127,-0.634546005210165
"96871",8.15607580146577,6.39472393576089,6.84104706333162,-0.446323127570727,-1.76135186570488,-1.31502873813415
"288747",0.543767230417338,1.09512502167632,0.858294470511374,0.236830551164946,0.551357791258981,0.314527240094035
"117463",3.86066654429116,3.16508943854297,3.36281142057521,-0.197721982032238,-0.695577105748185,-0.497855123715947
"247350",1.93912741871774,1.47912552665389,1.64806866351189,-0.168943136858001,-0.460001892063853,-0.291058755205852
"94664",0.822711102892426,1.46605442135325,1.20445873126444,0.261595690088813,0.643343318460826,0.381747628372013
"317829",1.37812594010493,1.18398220117317,1.26239840847993,-0.0784162073067525,-0.194143738931751,-0.115727531624999
"178817",2.43737799798169,3.51859464029281,3.10721043739032,0.411384202902489,1.08121664231112,0.669832439408634
"193347",0.0360401594392625,1.68309277089962,0.924332973351265,0.758759797548357,1.64705261146036,0.888292813912003
"529419",1.94091293726321,4.09293801826269,3.25215559256076,0.84078242570193,2.15202508099948,1.31124265529755
"550328",2.40881542745833,3.51038977445768,3.08863637299151,0.421753401466172,1.10157434699935,0.679820945533182
"387390",0.318321185298207,0.279700449568052,0.298051972410503,-0.018351522842451,-0.0386207357301548,-0.0202692128877038
"492959",1e-08,0.165184685905371,0.0980724803925445,0.0671122055128267,0.165184675905371,0.0980724703925445
"548158",3.01861088748032,3.18936143055542,3.12368480216803,0.0656766283873904,0.170750543075098,0.105073914687707
"304920",0.166527860853001,0.347189455323202,0.264549087320769,0.0826403680024328,0.180661594470201,0.0980212264677679
"106011",1e-08,0.235293306836685,0.117564859106066,0.117728447730619,0.235293296836685,0.117564849106066
"118842",1.59898766553543,3.04696496185312,2.50684331389077,0.54012164796235,1.44797729631769,0.907855648355345
"421634",0.101341534576353,0.545848795597762,0.358113688473923,0.187735107123839,0.444507261021409,0.256772153897571
"80732",0.24605767612085,0.723556473130556,0.50142477075111,0.222131702379447,0.477498797009706,0.25536709463026
"459299",0.719466749753416,0.497361781758598,0.574728920616853,-0.0773671388582556,-0.222104967994819,-0.144737829136563
"398217",0.174209696091143,0.85954731083635,0.529896797118851,0.329650513717499,0.685337614745207,0.355687101027708
"89470",2.26567820331242,1.84877075153266,1.96921918041666,-0.120448428884,-0.416907451779755,-0.296459022895756
"208816",0.341801002063479,0.279455372690697,0.309454809178268,-0.0299994364875715,-0.0623456293727822,-0.0323461928852107
"8382",1.07834323019029,2.53597831183876,1.93528337003403,0.600694941804725,1.45763508164847,0.856940139843746
"451428",2.02206448870272,2.0643839646462,2.0471654429887,0.0172185216575045,0.0423194759434766,0.0251009542859721
"281626",4.77740570322688,3.49827085899236,3.72788743243499,-0.229616573442633,-1.27913484423452,-1.04951827079189
"326374",0.0996356061389833,0.956591283108455,0.636150188226949,0.320441094881505,0.856955676969471,0.536514582087966
"116456",0.107783674632465,0.0855674113816037,0.0965611318360247,-0.010993720454421,-0.022216263250861,-0.01122254279644
"351401",1.45502169186561,2.01674319419848,1.79801133425667,0.218731859941817,0.561721502332876,0.342989642391059
"77622",0.342793265904762,0.334652690403574,0.337822090222533,-0.0031693998189587,-0.00814057550118719,-0.00497117568222849
"108709",4.53419483770075,1.49342490739292,2.50537468237221,-1.01194977497929,-3.04076993030783,-2.02882015532855
"201163",3.87230897452693,1.91583179329826,2.59217250066746,-0.676340707369197,-1.95647718122867,-1.28013647385948
"350282",1.32331210296621,1.54400110388302,1.46825511274539,0.0757459911376253,0.220689000916804,0.144943009779179
"347920",0.221548549342616,0.392870358778017,0.303551533991014,0.0893188247870027,0.171321809435401,0.0820029846483988
"69395",1.26631433687738,2.9397530575752,2.3498337861456,0.589919271429594,1.67343872069781,1.08351944926822
"263648",0.357450163349307,1.11458176224838,0.793500019300011,0.321081742948365,0.75713159889907,0.436049855950705
"522087",0.842749032934898,0.653613143028391,0.729261862468841,-0.0756487194404496,-0.189135889906507,-0.113487170466057
"136402",1.76588508384857,1.64792311619242,1.69089186121424,-0.0429687450218195,-0.117961967656149,-0.0749932226343291
"92712",5.18383049610382,3.07751098182268,3.44539573905304,-0.367884757230367,-2.10631951428114,-1.73843475705078
"5519",0.0393853093621936,0.219635527553212,0.135761287828671,0.0838742397245419,0.180250218191019,0.0963759784664769
"522505",1.23539314831692,1.1230499728208,1.16780376589843,-0.0447537930776267,-0.112343175496115,-0.0675893824184886
"325516",1e-08,0.886449278903593,0.438259089988131,0.448190188915462,0.886449268903593,0.438259079988131
"308516",2.3299783297975,0.595991014848909,1.27021719513624,-0.674226180287328,-1.73398731494859,-1.05976113466126
"121897",0.4066902470349,0.512664082920896,0.466112322050936,0.0465517608699599,0.105973835885996,0.0594220750160365
"211486",3.07753737982067,2.19727228131022,2.50258143168326,-0.305309150373039,-0.880265098510441,-0.574955948137402
"425131",0.429026186199035,0.483391533932578,0.459622150347418,0.0237693835851605,0.0543653477335426,0.0305959641483822
"21172",3.50308738176449,2.40338434621561,2.80401747995844,-0.400633133742831,-1.09970303554888,-0.699069901806045
"284750",2.8039968168248,2.21907014368396,2.41976136242024,-0.200691218736284,-0.584926673140839,-0.384235454404556
"200961",0.76835108852868,0.141029204318124,0.76835108852868,-0.627321884210556,-0.627321884210556,0
"533443",0.0842095410404212,0.0746576547071159,0.078945132984352,-0.00428747827723611,-0.00955188633330534,-0.00526440805606923
"161513",0.0790058358594835,0.797656559679447,0.404524969441306,0.393131590238141,0.718650723819963,0.325519133581822
"403869",0.485141167078555,0.597317685120253,0.557035306475143,0.0402823786451098,0.112176518041698,0.0718941393965885
"114560",10,3.86922322121124,5.79313160476813,-1.9239083835569,-6.13077677878876,-4.20686839523187
"159257",10,3.89825971556765,5.68996398990783,-1.79170427434018,-6.10174028443235,-4.31003601009217
"240845",10,4.12407940199656,5.80182774384681,-1.67774834185026,-5.87592059800344,-4.19817225615319
"34752",10,4.47311601649202,7.9047977929055,-3.43168177641348,-5.52688398350798,-2.0952022070945
"489634",10,6.35588549602878,10,-3.64411450397122,-3.64411450397122,0
"218673",0.309060919941371,0.800707477714213,0.572718490245406,0.227988987468807,0.491646557772842,0.263657570304035
"9901",0.216960369745013,0.475262210384304,0.374086552451541,0.101175657932764,0.258301840639291,0.157126182706528
"275525",0.0373927630997723,0.295063746290646,0.17183622526261,0.123227521028036,0.257670983190874,0.134443462162837
"360472",1.38442856420006,3.34662458284638,2.61452416115467,0.732100421691713,1.96219601864632,1.23009559695461
"421952",0.115018058383536,0.794387475208832,0.485102940668503,0.30928453454033,0.679369416825296,0.370084882284966
"489718",0.793653289341369,0.79939733894982,0.796942931885627,0.00245440706419275,0.00574404960845132,0.00328964254425856
"157818",0.616326470719336,0.953175574197731,0.809075245658582,0.144100328539149,0.336849103478395,0.192748774939246
"406531",1e-08,0.268687474573411,0.136408744300423,0.132278730272989,0.268687464573411,0.136408734300423
"56115",0.439775663055022,0.642707066160922,0.565023792074249,0.0776832740866726,0.2029314031059,0.125248129019227
"526438",0.281412027873862,0.354936017336949,0.327457599501846,0.0274784178351031,0.0735239894630874,0.0460455716279842
"102867",1.16094350473802,2.03156079757214,1.70839648100401,0.323164316568124,0.870617292834118,0.547452976265993
"16359",0.715953307267051,1.43962492261883,1.15256875675523,0.287056165863599,0.723671615351781,0.436615449488182
"175667",0.0617631237190754,0.62670883445037,0.389967357967676,0.236741476482694,0.564945710731295,0.328204234248601
"264268",0.189918003308635,0.572725278345329,0.398252111694467,0.174473166650862,0.382807275036694,0.208334108385833
"551061",0.428458756510677,0.869779474273104,0.693076882200682,0.176702592072422,0.441320717762428,0.264618125690006
"136912",2.14682370783932,1.10062777090237,1.46751702484429,-0.366889253941917,-1.04619593693695,-0.679306682995036
"115082",0.914703112981166,1.37741531870615,1.19019426812885,0.187221050577295,0.462712205724984,0.275491155147689
"259554",0.0015331885522089,0.772001287599872,0.428148955311503,0.343852332288369,0.770468099047663,0.426615766759294
"139553",1e-08,0.196099752136284,0.105809529221264,0.0902902229150207,0.196099742136284,0.105809519221264
"537990",0.617496893373703,2.06774144433593,1.43469073676893,0.633050707567002,1.45024455096223,0.817193843395226
"164681",1.59386818160995,1.77809233673515,1.70685256115782,0.0712397755773344,0.184224155125197,0.112984379547862
"220535",5.56811577522925,2.74577320916778,3.57046890200497,-0.824695692837194,-2.82234256606147,-1.99764687322427
"223039",1.07191056439584,0.824076165650401,0.919698837839631,-0.0956226721892295,-0.24783439874544,-0.152211726556211
"252443",1e-08,0.579023456907739,0.28395175865516,0.295071698252578,0.579023446907739,0.28395174865516
"165278",0.920516899395502,0.786771378217735,0.845216152328659,-0.0584447741109241,-0.133745521177767,-0.0753007470668431
"56198",1e-08,0.371577708617491,0.202306976924978,0.169270731692513,0.371577698617491,0.202306966924978
"180072",10,5.38809819000712,8.67449752099663,-3.28639933098951,-4.61190180999288,-1.32550247900337
"18159",10,3.87706544195323,7.59160575382014,-3.71454031186691,-6.12293455804677,-2.40839424617986
"216965",10,3.86064574654722,5.81738241282561,-1.95673666627839,-6.13935425345278,-4.18261758717439
"224529",10,6.20490617313793,9.18335918061109,-2.97845300747317,-3.79509382686207,-0.816640819388907
"255963",10,6.11577394818379,9.1191680826217,-3.00339413443792,-3.88422605181621,-0.880831917378297
"259998",5.73794367513901,3.44215661817187,4.16855112072414,-0.726394502552268,-2.29578705696714,-1.56939255441487
"288743",10,6.57727551068652,9.47642302517711,-2.89914751449058,-3.42272448931348,-0.523576974822893
"290260",5.74731515545928,3.17926596595664,3.97421911257698,-0.794953146620341,-2.56804918950264,-1.7730960428823
"300453",10,4.5050773039159,8.10300297144355,-3.59792566752765,-5.4949226960841,-1.89699702855645
"315334",10,4.5050773039159,8.10300297144355,-3.59792566752765,-5.4949226960841,-1.89699702855645
"365291",10,7.93186930681486,10,-2.06813069318514,-2.06813069318514,0
"392061",10,5.54821173669724,8.66261344356594,-3.1144017068687,-4.45178826330276,-1.33738655643406
"570203",10,4.80392685814472,8.30243248581205,-3.49850562766733,-5.19607314185528,-1.69756751418795
"91474",6.20498894084591,1.94272934331138,3.06338547032954,-1.12065612701816,-4.26225959753453,-3.14160347051637
"73206",10,1.76405345762044,10,-8.23594654237956,-8.23594654237956,0
"256527",0.51720973935548,1.26542115292394,0.919844387321524,0.345576765602419,0.748211413568462,0.402634647966043
"198254",1e-08,0.121993425923474,0.0648311183680156,0.0571623075554589,0.121993415923474,0.0648311083680156
"408888",0.093535232804843,1.83523270338693,1.07858390208793,0.756648801298995,1.74169747058208,0.985048669283089
"295013",3.76395020133841,1.43462169049084,2.16804753236125,-0.733425841870417,-2.32932851084757,-1.59590266897716
"124177",1.27479890287681,1.23831904978582,1.25286623349685,-0.0145471837110376,-0.0364798530909971,-0.0219326693799595
"148666",2.38138693519893,1.77059507539766,2.01616694928985,-0.245571873892186,-0.610791859801269,-0.365219985909083
"424649",10,4.16328331505581,5.56655072588761,-1.4032674108318,-5.83671668494419,-4.43344927411239
"524414",3.95235585240942,1.90572980367295,2.61170556311584,-0.705975759442896,-2.04662604873647,-1.34065028929358
"356023",0.269815492487669,0.308777959783555,0.29421493388846,0.0145630258950942,0.0389624672958857,0.0243994414007915
"488226",0.15513454989729,0.152189770090537,0.153586237323109,-0.00139646723257186,-0.00294477980675351,-0.00154831257418164
"272721",0.0480886576314074,0.431665650005884,0.241885260255198,0.189780389750685,0.383576992374476,0.193796602623791
"107028",10,8.68902738724647,10,-1.31097261275353,-1.31097261275353,0
"121403",10,10.9339203162179,10,0.933920316217931,0.933920316217931,0
"123769",1.8929507912842,2.55265671395099,2.31395559119692,0.238701122754075,0.659705922666796,0.421004799912721
"148342",10,9.07271492383192,10,-0.927285076168079,-0.927285076168079,0
"179169",10,14.7047961094707,10,4.70479610947075,4.70479610947075,0
"199954",8.54532752766345,6.19060270840906,6.78765675147786,-0.597054043068798,-2.35472481925439,-1.75767077618559
"220272",0.441014691227293,2.40117661129194,1.59382397668147,0.807352634610468,1.96016192006465,1.15280928545418
"233159",3.51856696996419,5.30025617326526,4.68482678122959,0.615429392035669,1.78168920330108,1.16625981126541
"236602",10,2.48156832577051,4.19049941483375,-1.70893108906324,-7.51843167422949,-5.80950058516625
"243491",10,9.5559354873503,10,-0.4440645126497,-0.4440645126497,0
"244524",4.00472369277523,3.65210948978728,3.76185043814076,-0.109740948353482,-0.352614202987945,-0.242873254634462
"254141",9.80146166297801,4.83984886518076,6.04070418366436,-1.2008553184836,-4.96161279779725,-3.76075747931365
"254285",10,8.3634383454281,10,-1.6365616545719,-1.6365616545719,0
"254599",1.88744155552227,2.3987116712795,2.21852391591576,0.180187755363742,0.511270115757229,0.331082360393487
"263840",3.41738688116666,4.98286357699826,4.453932139755,0.528931437243252,1.56547669583159,1.03654525858834
"267931",10,3.61729229928186,5.15915928512556,-1.5418669858437,-6.38270770071814,-4.84084071487444
"270760",7.82799538691381,6.87061333090633,7.11966681705423,-0.249053486147897,-0.957382056007474,-0.708328569859577
"295192",1.77154526993968,2.13134904474064,2.01180960704147,0.11953943769917,0.359803774800961,0.240264337101791
"300214",10,14.7047961094707,10,4.70479610947075,4.70479610947075,0
"304391",10,14.7047961094707,10,4.70479610947075,4.70479610947075,0
"328728",0.472262463458446,2.2476836335461,1.53191246336782,0.715771170178273,1.77542117008765,1.05964999990938
"333101",10,9.5559354873503,10,-0.4440645126497,-0.4440645126497,0
"336102",8.34753121948981,6.808952144633,7.21017666069736,-0.401224516064355,-1.53857907485681,-1.13735455879245
"342686",8.34753121948981,6.808952144633,7.21017666069736,-0.401224516064355,-1.53857907485681,-1.13735455879245
"387331",1.39576583532083,3.72647205771536,2.82009364177127,0.906378415944087,2.33070622239452,1.42432780645044
"390223",10,7.20503247339991,9.85564901876692,-2.65061654536702,-2.79496752660009,-0.144350981233076
"4092",10,8.47430572038553,10,-1.52569427961447,-1.52569427961447,0
"412875",7.84696900127599,6.96188542534147,7.19270550761755,-0.230820082276075,-0.885083575934522,-0.654263493658447
"413609",3.5964591769004,4.95047054770345,4.49133762601835,0.459132921685099,1.35401137080305,0.894878449117948
"413828",3.70470912836656,5.26204816353251,4.7220286472481,0.540019516284409,1.55733903516595,1.01731951888154
"420609",10,9.75591995075973,10,-0.244080049240271,-0.244080049240271,0
"45075",10,14.7047961094707,10,4.70479610947075,4.70479610947075,0
"466120",10,14.7047961094707,10,4.70479610947075,4.70479610947075,0
"486117",10,7.9748264849833,10,-2.0251735150167,-2.0251735150167,0
"518218",4.55386041151471,2.28463325922239,2.91266800791387,-0.62803474869148,-2.26922715229233,-1.64119240360084
"542473",10,1.87821729732891,10,-8.12178270267109,-8.12178270267109,0
"54249",7.32481415805283,7.76112734708019,7.64612274195348,0.115004605126716,0.436313189027366,0.321308583900651
"542672",3.67210442338119,5.31947876368528,4.74601763697342,0.573461126711861,1.64737434030409,1.07391321359223
"542719",2.1131894117964,1.78758849172892,1.89390412332464,-0.10631563159572,-0.325600920067479,-0.21928528847176
"572964",1.59520660245058,2.96619837748728,2.46363197471286,0.50256640277442,1.3709917750367,0.868425372262277
"576341",9.98695337521866,3.7367531056025,5.13469161717106,-1.39793851156856,-6.25020026961616,-4.8522617580476
"579484",10,14.7047961094707,10,4.70479610947075,4.70479610947075,0
"94310",4.15561540498506,3.41260600129223,3.64261248448527,-0.230006483193044,-0.743009403692829,-0.513002920499785
"9965",3.57881760632498,4.84690744400887,4.41888997906355,0.428017464945323,1.26808983768389,0.84007237273857
"133988",0.0363368718406346,0.173440602156102,0.107903731643331,0.0655368705127709,0.137103730315467,0.071566859802696
"337134",0.0621255595892858,0.330059764644806,0.207304888164184,0.122754876480623,0.267934205055521,0.145179328574898
"121657",0.475646335111093,1.01744426808251,0.786696933778533,0.230747334303974,0.541797932971414,0.31105059866744
"248308",0.432790658150602,1.9105927260168,1.31045858801946,0.600134137997343,1.4778020678662,0.87766792986886
"500207",0.353261089273879,1.99885403907986,1.31965303337614,0.679201005703719,1.64559294980598,0.96639194410226
"514286",5.74813420992023,3.65332760077275,4.32257351256911,-0.669245911796357,-2.09480660914748,-1.42556069735112
"552618",2.92347760809595,3.29269478267841,3.15151027801001,0.141184504668399,0.369217174582457,0.228032669914058
"350761",0.343175897102639,1.53032826064261,0.969342536569599,0.560985724073008,1.18715236353997,0.62616663946696
"100286",1.00473858887722,1.29041007895976,1.17519043320991,0.115219645749849,0.285671490082546,0.170451844332697
"274594",1.39902033532922,1.25654765080053,1.31535907830099,-0.058811427500461,-0.142472684528692,-0.0836612570282314
"463687",0.260095118928455,0.70867796409651,0.530528490017531,0.178149474078978,0.448582845168055,0.270433371089076
"240868",2.69098362621037,2.56416768272373,2.60940967859783,-0.0452419958740937,-0.12681594348664,-0.0815739476125459
"346609",0.00922838090259903,0.460942460015894,0.251545002785748,0.209397457230145,0.451714079113295,0.242316621883149
"181947",1.65775902383223,0.591976359475478,0.958292026018154,-0.366315666542677,-1.06578266435675,-0.699466997814071
"216365",1.36657929554055,0.909682641893234,1.08084410392403,-0.1711614620308,-0.45689665364732,-0.28573519161652
"93491",0.0887308417371097,0.444201916779682,0.270639799985849,0.173562116793833,0.355471075042572,0.181908958248739
"205198",0.616022394794038,0.759628821476551,0.703484684851433,0.0561441366251182,0.143606426682513,0.0874622900573944
"330842",0.0948506111158817,0.710747622146454,0.434185964346233,0.276561657800221,0.615897011030573,0.339335353230352
"26271",5.16294805025739,3.73132394541517,4.18880223036216,-0.457478284946994,-1.43162410484222,-0.974145819895224
"275524",7.82166513196763,6.8107860700327,7.06928022726476,-0.258494157232064,-1.01087906193494,-0.752384904702871
"280710",3.36846050722639,1.47950431043404,2.06466231156166,-0.585158001127623,-1.88895619679236,-1.30379819566473
"426704",5.20447715219023,3.75344710685332,4.2163104026505,-0.462863295797185,-1.45103004533691,-0.988166749539727
"461410",1.32325466539273,2.06234500219131,1.77549452303694,0.28685047915437,0.739090336798577,0.452239857644207
"494866",8.92713335860961,5.66947003719149,6.47950713276169,-0.810037095570197,-3.25766332141812,-2.44762622584792
"539580",1.30542156452094,2.01201484845186,1.74324659775985,0.268768250692007,0.706593283930918,0.437825033238911
"487237",0.071618643283512,1.29829840999166,0.79278094148426,0.505517468507403,1.22667976670815,0.721162298200748
"117364",5.18491820157992,3.50710886946998,4.03106657095535,-0.523957701485373,-1.67780933210994,-1.15385163062457
"224911",0.866220530589361,1.43212130312146,1.20470286646493,0.227418436656529,0.565900772532097,0.338482335875568
"541842",0.0239517819478889,0.155598617734646,0.0940963964492277,0.0615022212854184,0.131646835786757,0.0701446145013388
"267744",1e-08,1.01059910881583,0.524718620645112,0.485880488170718,1.01059909881583,0.524718610645112
"120210",2.38483624726093,0.811058636201818,1.31333274275359,-0.502274106551777,-1.57377761105911,-1.07150350450734
"343041",6.10812882783638,2.9297686975532,3.89452622472895,-0.964757527175743,-3.17836013028318,-2.21360260310744
"32625",0.981869509487685,2.91501153489672,2.25672193088165,0.658289604015071,1.93314202540904,1.27485242139397
"227603",2.25377410126513,1.35852337323519,1.690166285341,-0.331642912105817,-0.895250728029939,-0.563607815924122
"472755",2.22210305677446,1.01854028001467,1.43385282453742,-0.415312544522756,-1.20356277675979,-0.788250232237037
"115568",0.502629932614373,1.56850441194092,1.04830292493649,0.520201487004428,1.06587447932655,0.54567299232212
"490167",2.27305559569909,2.9707060322247,2.71376444472614,0.256941587498561,0.697650436525612,0.440708849027051
"227570",0.679073311170399,0.898189533900596,0.805759817163969,0.0924297167366269,0.219116222730196,0.12668650599357
"172986",2.90973500563946,2.70528725609249,2.77871733707687,-0.0734300809843749,-0.204447749546968,-0.131017668562593
"443382",0.0111416276159979,0.100225642633942,0.0603794666056014,0.0398461760283403,0.0890840150179438,0.0492378389896035
"460879",0.504079998637942,1.34388101047674,0.952532254017131,0.39134875645961,0.8398010118388,0.44845225537919
"265873",0.759440932863906,0.657600556002497,0.697395647539705,-0.0397950915372081,-0.101840376861409,-0.0620452853242009
"245106",0.0758214873444155,0.28060496980961,0.183758983475831,0.0968459863337787,0.204783482465194,0.107937496131416
"87440",1.8935718211317,0.79472395583349,1.10232256449463,-0.307598608661142,-1.09884786529821,-0.791249256637065
"41669",0.0844396766670111,0.392065493408337,0.238177290682053,0.153888202726284,0.307625816741326,0.153737614015042
"113292",0.85688017096979,1.5794863683526,1.28363337757805,0.295852990774549,0.722606197382812,0.426753206608263
"90273",1.41453554645981,0.93020019174646,1.11519835029322,-0.18499815854676,-0.484335354713352,-0.299337196166592
"511560",5.14848394746476,2.68061406994339,3.39108543591228,-0.71047136596889,-2.46786987752138,-1.75739851155249
"452586",0.00272209355375645,0.557979701180256,0.306807780001836,0.251171921178419,0.555257607626499,0.30408568644808
"252382",0.293618612710466,0.918483699418059,0.604977851133133,0.313505848284927,0.624865086707594,0.311359238422667
"119816",0.230870366313553,0.773683732569414,0.513799205609792,0.259884526959622,0.542813366255861,0.282928839296239
"25496",5.90790972953903,2.27777312320414,3.27171649547622,-0.993943372272087,-3.6301366063349,-2.63619323406281
"159688",3.68384379678889,2.93003384862464,3.14651779055186,-0.216483941927224,-0.753809948164257,-0.537326006237033
"100384",0.207789027458835,1.76319984181011,1.03376922079314,0.729430621016963,1.55541081435127,0.82598019333431
"226721",1e-08,0.198440508609018,0.0908090510442331,0.107631457564785,0.198440498609018,0.0908090410442331
"36551",1.68095467564856,2.52937695774347,2.17045064992096,0.358926307822507,0.84842228209491,0.489495974272403
"522539",0.86892659801158,1.39468041956233,1.18645495304286,0.208225466519472,0.525753821550748,0.317528355031276
"392160",1e-08,0.376623619098681,0.169532032317708,0.207091586780973,0.376623609098681,0.169532022317708
"424859",0.463709666008504,0.224707040765225,0.343385614029068,-0.118678573263842,-0.239002625243279,-0.120324051979436
"158039",0.0742898287869897,0.139390516122146,0.108623267834907,0.0307672482872393,0.0651006873351561,0.0343334390479168
"313790",0.200666215515292,0.241521596031781,0.221729348807276,0.0197922472245049,0.0408553805164893,0.0210631332919844
"517223",0.239094954231172,1.02149638078395,0.669961852027151,0.351534528756802,0.78240142655278,0.430866897795978
"227521",1.3119074093548,1.00084786060094,1.12141169321087,-0.120563832609921,-0.311059548753852,-0.19049571614393
"337422",0.826175832561007,0.908628557950501,0.872323331634273,0.0363052263162288,0.0824527253894942,0.0461474990732654
"219504",3.05608534265834,2.33906720546581,2.59221740763002,-0.253150202164205,-0.717018137192531,-0.463867935028326
"249498",2.70620760242444,2.83734817360355,2.7889756783888,0.048372495214752,0.131140571179109,0.0827680759643572
"12441",0.265403825198751,0.2400046984148,0.252574829786799,-0.0125701313719982,-0.0253991267839507,-0.0128289954119525
"144863",2.16338805881048,1.18901363741046,1.54047738673458,-0.351463749324119,-0.974374421400023,-0.622910672075905
"445731",0.0717721041494008,0.423144373294311,0.253642893889376,0.169501479404935,0.35137226914491,0.181870789739976
"187983",0.776996277631479,2.93209340663716,1.94866916644041,0.98342424019675,2.15509712900568,1.17167288880893
"334143",1.41053882455876,3.33813999714472,2.60587754133454,0.732262455810186,1.92760117258596,1.19533871677578
"363515",4.32977091102442,1.00799637249792,1.97989309046378,-0.971896717965858,-3.3217745385265,-2.34987782056064
"125555",0.810878684825908,1.53895338254325,1.23457689617178,0.304376486371474,0.728074697717346,0.423698211345872
"226212",0.358020664831273,1.65411580757466,1.17234141177407,0.481774395800584,1.29609514274338,0.814320746942799
"40924",5.14996828597221,4.1184275701071,4.45001034352322,-0.331582773416128,-1.03154071586511,-0.699957942448984
"553024",2.11339964780049,4.02995398114658,3.2752049492276,0.754749031918977,1.91655433334609,1.16180530142711
"482100",1e-08,0.154381644729805,0.0690422128048571,0.0853394319249479,0.154381634729805,0.0690422028048571
"128896",1.43120256403183,1.36481382566835,1.38779769081632,-0.0229838651479752,-0.0663887383634836,-0.0434048732155083
"161253",9.01698727565125,5.8655392184759,6.63854309565008,-0.773003877174173,-3.15144805717534,-2.37844418000117
"166392",2.0805068976458,3.67460479041056,3.06396225727359,0.61064253313697,1.59409789276476,0.983455359627786
"248560",0.972402749767866,2.34921879970732,1.80715802824976,0.54206077145756,1.37681604993945,0.834755278481892
"484407",2.722912314693,2.93065099609871,2.85352576949825,0.0771252266004594,0.207738681405714,0.130613454805255
"86419",3.83267039263204,4.77646681189508,4.46342291392231,0.313043897972772,0.943796419263041,0.630752521290269
"520829",0.750372931631588,0.730433940579026,0.738489152462658,-0.00805521188363278,-0.0199389910525629,-0.0118837791689301
"151789",2.42147441686123,1.78271552961945,2.04319311782287,-0.260477588203416,-0.638758887241778,-0.378281299038361
"14896",0.931372163669087,0.436890009382806,0.618322649699179,-0.181432640316373,-0.49448215428628,-0.313049513969907
"49417",2.08108954461243,3.37349741909742,2.89531278709627,0.478184632001143,1.29240787448499,0.814223242483846
"62682",2.02073143819453,1.26921615448132,1.53358525513699,-0.264369100655668,-0.751515283713209,-0.487146183057541
"323477",2.41782486925855,1.15821599174874,1.60922821940495,-0.451012227656214,-1.25960887750981,-0.808596649853592
"163887",1.36263319329858,0.934189329331938,1.09712842757418,-0.162939098242238,-0.428443863966646,-0.265504765724409
"463405",0.0214985897502931,0.916054147412232,0.48973968109367,0.426314466318562,0.894555557661939,0.468241091343377
"572258",0.532152262940653,0.639380859303054,0.587715213904293,0.0516656453987616,0.107228596362402,0.0555629509636403
"56078",0.257113184651924,1.31684736697079,0.851186072415438,0.465661294555348,1.05973418231886,0.594072887763515
"201036",0.036974374370103,0.106481638087181,0.0745888570284271,0.0318927810587536,0.0695072637170777,0.0376144826583242
"439701",0.242541820656992,0.333502549846048,0.300030105258193,0.0334724445878551,0.0909607291890567,0.0574882846012016
"200468",0.333964708824513,0.623309784606799,0.491650761111293,0.131659023495506,0.289345075782287,0.15768605228678
"122716",1.01729488983768,0.662183555535951,0.813463143776579,-0.151279588240628,-0.35511133430173,-0.203831746061102
"537882",0.798580896347607,0.962258565596548,0.906644876976741,0.0556136886198064,0.163677669248941,0.108063980629134
"422488",0.202440922438898,0.524289637137767,0.390133168036447,0.13415646910132,0.32184871469887,0.18769224559755
"92900",1.79998186807293,1.52321591564816,1.6241208040448,-0.100904888396639,-0.276765952424776,-0.175861064028137
"334168",4.56970149758124,2.76073634406446,3.26727408901177,-0.506537744947316,-1.80896515351678,-1.30242740856947
"76275",0.689063541904466,1.7158292642311,1.28151813294214,0.434311131288957,1.02676572232664,0.592454591037679
"4117",1e-08,0.181435121906684,0.0889724406899821,0.0924626812167019,0.181435111906684,0.0889724306899821
"370879",0.486852968862351,0.340271230834287,0.399894166804569,-0.0596229359702816,-0.146581738028063,-0.0869588020577818
"62363",1.09019831882532,1.23269449929129,1.17550307198907,0.0571914273022198,0.142496180465966,0.0853047531637461
"269340",0.36870848790144,0.927296605629775,0.709986129281895,0.21731047634788,0.558588117728335,0.341277641380456
"242145",0.924767680146616,1.49898674686667,1.26369395560507,0.235292791261598,0.574219066720055,0.338926275458457
"26864",0.697212774076674,1.75593299244145,1.31735524426877,0.438577748172685,1.05872021836478,0.620142470192094
"570800",3.51014019893189,5.22181121164024,4.6365624247459,0.585248786894342,1.71167101270836,1.12642222581401
"536081",0.763506935287327,1.50612206071036,1.19706205042907,0.309060010281288,0.742615125423028,0.43355511514174
"370805",1e-08,0.496626298425556,0.256669264300618,0.239957034124938,0.496626288425556,0.256669254300618
"254062",4.66330230138233,5.22723814986364,5.10783204160577,0.119406108257866,0.56393584848131,0.444529740223444
"462826",0.220899895281246,1.03770575454905,0.697032723193812,0.340673031355238,0.816805859267804,0.476132827912566
"68823",2.07674012815917,1.46666848216327,1.69347998817508,-0.226811506011808,-0.610071645995906,-0.383260139984098
"213201",0.646077204539482,1.10215213677034,0.897271629570982,0.204880507199355,0.456074932230855,0.2511944250315
"214670",0.0659965320883172,0.921242723742138,0.506517641950828,0.41472508179131,0.85524619165382,0.440521109862511
"234105",0.200939451805544,0.333849447623473,0.271622548128345,0.0622268994951282,0.132909995817929,0.0706830963228007
"33348",0.300666658539441,0.683533306446889,0.505188043009053,0.178345263437836,0.382866647907448,0.204521384469611
"391814",1e-08,0.204711166474055,0.102289461830526,0.10242170464353,0.204711156474055,0.102289451830526
"363747",0.04765248007688,1.29564368270906,0.747832598682196,0.547811084026868,1.24799120263218,0.700180118605316
"318002",0.566527709144483,0.34890366955577,0.417799446769909,-0.0688957772141385,-0.217624039588713,-0.148728262374575
"277199",1.40138798108998,1.86880957588968,1.69124669867734,0.177562877212343,0.467421594799699,0.289858717587356
"366035",4.43077862890275,2.31576589878876,2.85188708770493,-0.536121188916178,-2.115012730114,-1.57889154119782
"475530",0.260918542548949,2.1802749818235,1.37391477226119,0.806360209562315,1.91935643927456,1.11299622971224
"23980",0.0472404255164468,0.241133731309508,0.148265790605645,0.0928679407038639,0.193893305793062,0.101025365089198
"331932",0.0760433118771343,0.341296463378066,0.214879452042704,0.126417011335363,0.265253151500932,0.138836140165569
"555184",0.328025755032829,1.22720970196738,0.841314606261687,0.385895095705697,0.899183946934555,0.513288851228858
"68826",1e-08,0.788768980400291,0.409034044281309,0.379734936118982,0.788768970400291,0.409034034281309
"350096",0.282413733561255,0.641919761368492,0.480572053348326,0.161347708020165,0.359506027807236,0.198158319787071
"140448",0.504034458318688,0.626681048529094,0.580083479015414,0.0465975695136794,0.122646590210405,0.0760490206967259
"325243",0.053495494533982,0.967790517656403,0.522253377794039,0.445537139862364,0.914295023122421,0.468757883260057
"152416",0.0905018533602529,1.42767544789756,0.846924649985195,0.580750797912367,1.33717359453731,0.756422796624942
"245557",1e-08,0.340198081422751,0.172162570745369,0.168035510677382,0.340198071422751,0.172162560745369
"566631",4.03055969078237,4.85413771228241,4.58320073624983,0.27093697603259,0.823578021500041,0.552641045467452
"78416",0.127187642192097,0.208939342790865,0.169860365699658,0.0390789770912068,0.081751700598768,0.0426727235075612
"299173",0.140130520239004,1.07734674946772,0.6112306760266,0.466116073441124,0.93721622922872,0.471100155787596
"144619",3.49799527066693,3.19497663869448,3.28121748056582,-0.0862408418713367,-0.30301863197245,-0.216777790101113
"234031",1.09852875313697,1.37880377220357,1.26035589193417,0.118447880269404,0.280275019066607,0.161827138797203
"265075",2.61516950395783,2.42446329186501,2.49023976622456,-0.065776474359545,-0.190706212092821,-0.124929737733276
"73140",1e-08,0.41214315637699,0.217807295675334,0.194335860701656,0.41214314637699,0.217807285675334
"488045",1e-08,0.799610637449398,0.343068216668348,0.45654242078105,0.799610627449398,0.343068206668348
"353538",0.938103132096237,2.19730549972354,1.69957959022316,0.497725909500377,1.2592023676273,0.761476458126922
"207957",6.20566233464396,2.93163676570689,3.92671454699901,-0.995077781292126,-3.27402556893708,-2.27894778764495
"16502",3.64532623855551,1.22090065713275,1.91893568583887,-0.698035028706113,-2.42442558142276,-1.72639055271665
"182683",10,4.24267561769337,7.8494941147964,-3.60681849710303,-5.75732438230663,-2.1505058852036
"299217",10,2.42048078274937,4.74440036023031,-2.32391957748093,-7.57951921725063,-5.25559963976969
"323197",3.75556574461905,1.48622338266734,2.19820785642747,-0.711984473760133,-2.26934236195171,-1.55735788819158
"342232",10,5.43817915126936,8.55973009081756,-3.1215509395482,-4.56182084873064,-1.44026990918244
"494185",10,2.52947720818787,4.96012121287342,-2.43064400468556,-7.47052279181213,-5.03987878712658
"427507",0.192846268046537,0.502919459313901,0.368086461310979,0.134832998002922,0.310073191267365,0.175240193264442
"97541",1.30245128751203,1.24308817884549,1.26760675188475,-0.0245185730392534,-0.0593631086665316,-0.0348445356272782
"356424",0.0563275614341913,1.67105562053618,0.952435792320889,0.718619828215289,1.61472805910199,0.896108230886698
"423461",1.66287637512838,3.02251085008669,2.54378815165892,0.478722698427776,1.35963447495831,0.880911776530538
"307780",0.817239324469143,0.738372146953404,0.770540104956847,-0.0321679580034424,-0.0788671775157382,-0.0466992195122958
"294803",0.207641884000889,0.427252672887506,0.316050787923039,0.111201884964467,0.219610788886617,0.10840890392215
"340329",0.245163850355429,1.04783519135531,0.706488276938545,0.341346914416762,0.802671340999878,0.461324426583116
"366269",0.910589230581179,0.976781923550963,0.94715981014815,0.0296221134028131,0.0661926929697838,0.0365705795669707
"326173",0.0745750132489881,0.281846189979654,0.183426986102957,0.098419203876697,0.207271176730666,0.108851972853969
"570311",5.26587993969185,6.18579316327512,5.96897138604263,0.216821777232481,0.919913223583267,0.703091446350785
"508539",0.10355397634293,0.311268690643911,0.212706736506917,0.0985619541369938,0.207714714300981,0.109152760163987
"284483",2.02670906432101,1.28204582406699,1.54476697580278,-0.262721151735795,-0.744663240254022,-0.481942088518227
"26591",2.88920074514915,2.62887986747276,2.72303657245224,-0.0941567049794769,-0.260320877676388,-0.166164172696911
"26416",1.06303427246057,0.655427735117944,0.79076312781998,-0.135335392702037,-0.407606537342622,-0.272271144640585
"372353",6.06694821664697,3.51040037758154,4.01964668848162,-0.509246310900079,-2.55654783906542,-2.04730152816535
"103097",5.88372218780433,2.53570369660885,3.50896837813279,-0.973264681523937,-3.34801849119548,-2.37475380967155
"368185",1.54184852378706,1.28976308453948,1.37665554270067,-0.0868924581611872,-0.252085439247578,-0.16519298108639
"488279",0.140829638672274,2.20913005086292,1.32016664981963,0.888963401043295,2.06830041219065,1.17933701114735
"506452",2.67299005519169,2.55966860472701,2.59956415383885,-0.0398955491118396,-0.113321450464677,-0.0734259013528376
"524017",3.54220254300598,2.25156887005647,2.72322078382263,-0.471651913766161,-1.29063367294951,-0.818981759183347
"55239",0.939395366496028,2.77890837077943,2.02631465489024,0.752593715889192,1.8395130042834,1.08691928839421
"556509",0.158568085205164,1.46396924328484,0.985513995975509,0.478455247309335,1.30540115807968,0.826945910770346
"95980",4.14317908046424,4.92524178602912,4.66358166666978,0.261660119359345,0.78206270556488,0.520402586205535
"234818",1.87011894882588,0.829237443175253,1.24137366068641,-0.412136217511156,-1.04088150565063,-0.628745288139471
"172101",4.29128922196207,4.78468158311206,4.61597642561902,0.168705157493035,0.493392361149989,0.324687203656954
"282382",1.87871864404469,1.22622531046593,1.44582399529837,-0.219598684832439,-0.652493333578758,-0.432894648746319
"308614",10,7.18352007899323,9.07655683078492,-1.89303675179169,-2.81647992100677,-0.923443169215084
"94192",3.86005888331901,1.26567012152978,2.05375275434504,-0.788082632815258,-2.59438876178923,-1.80630612897397
"358064",2.1421104903606,1.25704089759616,1.57090629414263,-0.313865396546472,-0.88506959276444,-0.571204196217968
"507238",0.94909194515684,0.943444253182531,0.945921367361671,-0.00247711417914043,-0.00564769197430914,-0.00317057779516872
"501367",0.386696701751629,0.725559279256536,0.612087054498127,0.113472224758409,0.338862577504908,0.225390352746498
"104828",0.375826275868831,0.991091233384635,0.744619659895468,0.246471573489167,0.615264957515803,0.368793384026636
"186866",1.36384823255048,2.1275577575001,1.90271554869724,0.224842208802854,0.763709524949618,0.538867316146764
"205571",0.093751177663218,0.492672359852864,0.287201432929562,0.205470926923302,0.398921182189646,0.193450255266344
"254686",1.28855035183199,0.985319594064081,1.10434959371232,-0.119029999648237,-0.303230757767904,-0.184200758119667
"130356",1.26431397554617,1.27384577219585,1.26974286381462,0.00410290838122673,0.00953179664967885,0.00542888826845211
"429032",0.746208285185573,1.0384475773517,0.906407317817635,0.132040259534064,0.292239292166126,0.160199032632062
"198213",8.35272789124529,5.94573355321134,6.54233929138743,-0.596605738176085,-2.40699433803395,-1.81038859985786
"370845",3.10294498011761,2.72051459396218,2.86140190939186,-0.140887315429671,-0.382430386155422,-0.241543070725751
"309398",0.287419097618972,0.235799785582336,0.254066437873907,-0.0182666522915709,-0.0516193120366351,-0.0333526597450642
"339750",0.577114191650396,1.06753101566683,0.858378529121265,0.209152486545568,0.490416824016438,0.281264337470869
"320065",10,3.85876183660272,5.26446147761197,-1.40569964100926,-6.14123816339728,-4.73553852238803
"410256",0.660585706064282,0.960564078765906,0.831260810384828,0.129303268381078,0.299978372701624,0.170675104320547
"386052",2.58058379966547,1.18002895061606,1.69273589619837,-0.512706945582315,-1.40055484904941,-0.887847903467094
"246213",1.42249310606703,2.55688516077362,2.17295666459397,0.383928496179644,1.13439205470659,0.750463558526943
"117694",0.359017320225907,0.580714473191049,0.481217957179285,0.0994965160117639,0.221697152965141,0.122200636953378
"232324",1.85867575221646,0.674008479133148,1.11660946154184,-0.442600982408693,-1.18466727308331,-0.742066290674617
"8266",3.36657220401275,1.74785066637897,2.27488698057285,-0.527036314193883,-1.61872153763378,-1.0916852234399
"284922",0.854357143277613,2.40760410394717,1.76628827194963,0.641315831997541,1.55324696066956,0.911931128672016
"137699",2.81321863649885,6.28449521157556,5.06843075356105,1.21606445801452,3.47127657507671,2.25521211706219
"206342",3.20936697061192,5.85280930151355,4.92815476081086,0.924654540702686,2.64344233090163,1.71878779019894
"2665",2.03033104911853,4.3879106817027,3.44246320134885,0.94544748035385,2.35757963258417,1.41213215223032
"383929",3.37967502488979,5.61574402170458,4.8317598276769,0.783984194027674,2.23606899681479,1.45208480278712
"384799",2.05905787485272,3.85187385678353,3.1477261018335,0.704147754950031,1.79281598193081,1.08866822698077
"402715",2.05905787485272,3.85187385678353,3.1477261018335,0.704147754950031,1.79281598193081,1.08866822698077
"416337",3.97412565310605,5.168572793567,4.77096669085714,0.39760610270986,1.19444714046095,0.796841037751089
"562328",1e-08,0.295710874128612,0.146721061368346,0.148989812760266,0.295710864128612,0.146721051368346
"285844",1.11403844327888,0.555730901290868,0.725464436370129,-0.169733535079261,-0.558307541988013,-0.388574006908752
"501324",2.92505478274671,2.45153639732576,2.61920924311053,-0.167672845784768,-0.473518385420951,-0.305845539636183
"546763",0.290976894855736,0.555316717250415,0.442124822969394,0.113191894281021,0.264339822394679,0.151147928113658
"541743",0.741444193679921,0.471338866431544,0.564619181072302,-0.0932803146407571,-0.270105327248376,-0.176825012607619
"52173",0.332258406928111,0.891499163766519,0.678963505729983,0.212535658036535,0.559240756838408,0.346705098801873
"281038",3.83415086201645,1.49525695630316,2.25851535091431,-0.763258394611146,-2.33889390571329,-1.57563551110215
"341078",0.54344623643731,1.92687395211913,1.3407865254029,0.586087426716233,1.38342771568182,0.797340288965589
"88204",2.75589547263729,1.29957970970546,1.86399609230328,-0.564416382597821,-1.45631576293183,-0.891899380334008
"304572",2.19437217749185,1.8304442961941,1.9416147876028,-0.1111704914087,-0.363927881297751,-0.252757389889051
"254929",4.24281196332631,3.59215138629619,3.79389010421171,-0.201738717915521,-0.650660577030118,-0.448921859114597
"5332",4.01223038083486,3.75338660373698,3.83125441810681,-0.0778678143698359,-0.258843777097877,-0.180975962728041
"107417",0.504010940044569,1.34140843126386,0.985310589348275,0.356097841915588,0.837397491219294,0.481299649303706
"313240",1.07501052126101,1.07824630019654,1.0769951708391,0.00125112935744154,0.00323577893553795,0.00198464957809641
"266328",3.0486946513039,1.95149839333254,2.33496282151266,-0.38346442818012,-1.09719625797136,-0.713731829791243
"380291",1.83173379689311,2.07984881884967,1.97889443577174,0.100954383077928,0.248115021956564,0.147160638878636
"127379",0.55810840267703,3.22614870081173,2.14980747779341,1.07634122301832,2.6680402981347,1.59169907511638
"140771",2.59629034729554,6.21869745078174,4.97607786439515,1.24261958638659,3.62240710348621,2.37978751709962
"193806",1.25272404690058,4.72946419784825,3.32554184570764,1.40392235214061,3.47674015094767,2.07281779880705
"269562",1.66770745410674,2.47319553034434,2.13480117385646,0.338394356487879,0.805488076237599,0.46709371974972
"481721",1.40748646823692,2.59161698929964,2.10223423564909,0.489382753650553,1.18413052106272,0.694747767412167
"416567",2.48282774915406,1.48304414098436,1.87322655269386,-0.390182411709502,-0.999783608169702,-0.6096011964602
"213546",4.4038300543541,4.5954408496396,4.53132327441273,0.0641175752268763,0.191610795285507,0.12749322005863
"258596",7.74626939368676,6.2147012367694,6.59937455451618,-0.384673317746777,-1.53156815691736,-1.14689483917058
"295817",10,4.16048496922495,5.86670957152478,-1.70622460229983,-5.83951503077505,-4.13329042847522
"357395",4.48030987859694,4.27197752812838,4.34016977953031,-0.0681922514019311,-0.208332350468565,-0.140140099066634
"387636",2.45587787163349,3.23606664004219,2.9437618163075,0.292304823734694,0.780188768408697,0.487883944674003
"441570",9.32148755799075,5.46090381950085,6.38839785688769,-0.927494037386837,-3.8605837384899,-2.93308970110306
"449929",7.63494704265549,6.51997488180056,6.80067099750316,-0.280696115702599,-1.11497216085492,-0.834276045152325
"545651",9.33703114550214,5.45452555554545,6.38704886348602,-0.932523307940572,-3.8825055899567,-2.94998228201612
"460898",0.477879130722675,1.34408795022416,0.941909677508641,0.402178272715519,0.866208819501486,0.464030546785967
"301184",0.710604638580007,2.18414074021404,1.51408223471444,0.670058505499601,1.47353610163403,0.803477596134432
"213679",1.40339526771241,2.74462853585776,2.37541293227792,0.369215603579844,1.34123326814535,0.972017664565504
"3426",5.72604431974371,3.13704167629854,3.93217099755372,-0.795129321255179,-2.58900264344516,-1.79387332218998
"345845",1.87844871815176,1.7457249764698,1.79769248863913,-0.0519675121693361,-0.132723741681961,-0.080756229512625
"371110",1.24555077397522,1.12364448424966,1.17236854447192,-0.0487240602222583,-0.121906289725556,-0.0731822295032973
"483665",9.33600068694285,5.23997899031532,6.24813387512245,-1.00815488480713,-4.09602169662752,-3.0878668118204
"54451",0.109589524721473,1.19332359182747,0.645405681376404,0.547917910451068,1.083734067106,0.53581615665493
"107499",8.18159940313648,6.20148608885345,6.70263130900029,-0.501145220146831,-1.98011331428302,-1.47896809413619
"153144",2.2462471760845,3.34865299731465,2.93231997528282,0.416333022031828,1.10240582123014,0.686072799198317
"249783",2.2880300523542,3.05331179138629,2.77596049054134,0.277351300844943,0.765281739032085,0.487930438187142
"329149",3.86264437037413,4.73309043904088,4.44570903475069,0.287381404290192,0.87044606866675,0.583064664376558
"565500",1.11425185308387,2.49069315620055,1.93765194526964,0.553041210930911,1.37644130311668,0.823400092185772
"155204",5.5717119953288,2.50742772692684,3.36314858071473,-0.855720853787884,-3.06428426840195,-2.20856341461407
"415268",3.15406175337265,1.38972563166897,1.9000487661779,-0.510323134508935,-1.76433612170368,-1.25401298719475
"3723",0.0241109386769305,0.0273008195798187,0.0257451840121323,0.00155563556768636,0.00318988090288821,0.00163424533520184
"89802",0.540287894964523,0.515806433083978,0.524772412476458,-0.00896597939248012,-0.0244814618805448,-0.0155154824880647
"307702",0.0708076324456189,1.30249579372404,0.755063634606181,0.547432159117859,1.23168816127842,0.684256002160562
"552333",0.253578789050059,0.355665737382226,0.317976071382413,0.0376896659998129,0.102086948332168,0.0643972823323549
"270901",0.851998154503968,0.715971727796929,0.772307643524556,-0.056335915727627,-0.136026426707039,-0.079690510979412
"447994",0.557856028351486,0.887330047621149,0.745626142242322,0.141703905378827,0.329474019269663,0.187770113890836
"71719",0.635805235438079,3.30784074514987,2.6119899018734,0.695850843276471,2.67203550971179,1.97618466643532
"443179",0.107268180503672,0.833778647429934,0.500167319990469,0.333611327439466,0.726510466926263,0.392899139486797
"526764",0.639215222619224,0.908943208761449,0.794868357717203,0.114074851044246,0.269727986142225,0.155653135097979
"167702",1.06521992959416,1.33845683149359,1.23896213106521,0.0994947004283799,0.273236901899434,0.173742201471054
"259990",3.37971536785151,1.67705187087798,2.23244960153129,-0.555397730653308,-1.70266349697353,-1.14726576632022
"29617",0.87566978724264,1.52815763439594,1.26200416648925,0.266153467906693,0.6524878471533,0.386334379246607
"500602",0.747691889497664,0.501737451398101,0.591891238442419,-0.0901537870443183,-0.245954438099563,-0.155800651055245
"422630",1.09118727185817,1.24126399562036,1.18169521135927,0.0595687842610879,0.150076723762188,0.0905079395011001
"200081",0.353317765150057,0.806967254424898,0.643068896622775,0.163898357802123,0.453649489274841,0.289751131472718
"484086",3.72239589403271,2.33288681546302,2.83714769019416,-0.504260874731136,-1.38950907856969,-0.885248203838553
"44954",1.9909216631347,1.52326491356609,1.69676501183545,-0.173500098269365,-0.467656749568609,-0.294156651299244
"101376",1.49573576665481,0.892932207278004,1.12728089699039,-0.23434868971239,-0.602803559376803,-0.368454869664413
"552479",0.305161836698617,0.175322180051353,0.216042706261283,-0.0407205262099302,-0.129839656647264,-0.0891191304373342
"99665",3.51059898147689,3.37235049226107,3.41136530117598,-0.0390148089149118,-0.138248489215815,-0.0992336803009031
"426165",1.23223212460252,0.866608999335713,0.995442545072682,-0.128833545736969,-0.365623125266808,-0.236789579529838
"470673",1.69491955681446,2.38970854975216,2.10107669972343,0.28863185002873,0.694788992937707,0.406157142908977
"17637",1e-08,0.394044202859409,0.211255535757506,0.182788667101903,0.394044192859409,0.211255525757506
"235779",0.954604833132934,2.84135712512706,2.06898882055242,0.772368304574639,1.88675229199412,1.11438398741948
"549876",0.116355417499639,1.30689195328786,0.791980031298684,0.514911921989172,1.19053653578822,0.675624613799045
"277711",1.73608161640906,0.525200399145009,0.933303758306849,-0.408103359161839,-1.21088121726405,-0.802777858102211
"559744",0.965009772257989,0.676797514358466,0.8022706697393,-0.125473155380834,-0.288212257899523,-0.162739102518688
"215150",0.183119615709529,0.628100410272252,0.418029643563364,0.210070766708888,0.444980794562723,0.234910027853835
"249572",5.68118423813446,2.25074597657186,3.22540394213662,-0.974657965564756,-3.4304382615626,-2.45578029599785
"162912",2.8328323237224,2.60453472519164,2.68557770171747,-0.08104297652583,-0.228297598530765,-0.147254622004935
"219039",3.62463557993365,1.76986549718852,2.39271551753416,-0.622850020345644,-1.85477008274513,-1.23192006239948
"60384",2.77961111631485,3.11141863482584,2.98680541401539,0.124613220810447,0.331807518510986,0.207194297700539
"22079",2.11606616316648,1.05358588900999,1.42477229582396,-0.371186406813975,-1.0624802741565,-0.691293867342522
"215788",2.31102642333361,3.75356332884188,3.19455942639788,0.559003902444003,1.44253690550828,0.883533003064275
"285224",0.0121088386724617,1.7461511369222,0.922734078365376,0.823417058556821,1.73404229824974,0.910625239692915
"462577",1.09421281560028,2.46608007052198,1.92727287105472,0.53880719946726,1.37186725492169,0.833060055454434
"173218",0.299230779247889,1.78835306570101,1.14296737723348,0.645385688467539,1.48912228645312,0.843736597985586
"188237",4.45027848245788,4.83474442031946,4.70559848934277,0.129145930976697,0.384465937861583,0.255320006884886
"204645",4.45027848245788,4.83474442031946,4.70559848934277,0.129145930976697,0.384465937861583,0.255320006884886
"231499",5.02524617468524,4.07758752644241,4.38628171660793,-0.308694190165522,-0.947658648242828,-0.638964458077306
"255335",2.57166506087322,2.50769435573621,2.530402681305,-0.0227083255687957,-0.0639707051370113,-0.0412623795682157
"347394",1.15311241192953,1.51382187126883,1.38886433496517,0.12495753630366,0.360709459339298,0.235751923035638
"534927",4.99972404056222,3.91904303916956,4.26686555537386,-0.347822516204296,-1.08068100139266,-0.73285848518836
"553826",3.74530046566925,5.17403527772498,4.6852596488845,0.488775628840487,1.42873481205574,0.939959183215251
"129281",1e-08,3.983097657994,2.74628593396709,1.23681172402691,3.983097647994,2.74628592396709
"505150",1.06626204298048,2.63507990596684,2.00858699214048,0.626492913826357,1.56881786298635,0.942324949159998
"536129",1.57193387247663,2.15840212651485,1.92329040571108,0.23511172080377,0.586468254038222,0.351356533234451
"194610",0.301137174183742,0.427167087970081,0.377330336054608,0.0498367519154734,0.126029913786339,0.0761931618708659
"39326",0.213959119203083,0.381193076244168,0.297172231558027,0.0840208446861407,0.167233957041085,0.083213112354944
"326270",0.904391339752416,1.49182168441992,1.24433650036826,0.247485184051657,0.587430344667499,0.339945160615842
"37044",0.979290855489641,1.64440406848773,1.43383883829786,0.210565230189863,0.665113212998084,0.454547982808221
"120856",3.73732395308209,5.08505425130933,4.62935350405367,0.455700747255657,1.34773029822724,0.892029550971583
"121188",2.30184112814353,3.55861077624045,3.05770963582874,0.500901140411705,1.25676964809692,0.755868507685213
"145513",0.853374840273945,2.52943374509302,1.82059122855617,0.708842516536848,1.67605890481907,0.967216388282226
"148037",3.11013178555826,6.05804959106651,5.02718084067639,1.03086875039012,2.94791780550825,1.91704905511813
"175547",0.82696108864839,2.69300972780172,1.89235929860495,0.800650429196765,1.86604863915333,1.06539820995656
"188040",1.70272621842963,4.15533338734272,3.17632510623937,0.979008281103345,2.45260716891309,1.47359888780975
"211064",0.878118853728762,2.40141929431081,1.76965643717936,0.631762857131449,1.52330044058204,0.891537583450596
"213581",1.5395275143246,4.8817961299212,3.49348277200779,1.38831335791341,3.3422686155966,1.95395525768319
"224549",5.84589261230319,9.05644564726068,8.19020706388565,0.866238583375027,3.21055303495748,2.34431445158246
"289432",0.350066595673248,1.95916550769972,1.17871775778697,0.780447749912752,1.60909891202647,0.828651162113722
"367928",0.94322916536771,2.71021880264068,1.94232720790101,0.767891594739671,1.76698963727297,0.999098042533303
"400636",10,11.0379505425641,10,1.03795054256415,1.03795054256415,0
"453764",0.988978405789569,3.0434333424118,2.11431404515442,0.929119297257384,2.05445493662223,1.12533563936485
"519817",10,11.0379505425641,10,1.03795054256415,1.03795054256415,0
"525203",2.12009161471137,2.87470524965828,2.5972829807968,0.277422268861479,0.754613634946913,0.477191366085434
"552475",4.78729784044197,3.90030209966253,4.18832889200253,-0.288026792340005,-0.886995740779442,-0.598968948439437
"556496",0.87411912046753,2.05202493836999,1.58955505494224,0.462469883427752,1.17790581790246,0.715435934474712
"56875",0.501634694398991,3.98753671974552,2.35913505692222,1.62840166282329,3.48590202534653,1.85750036252323
"77313",0.222692568980929,1.8392166692873,1.07997130015494,0.759245369132354,1.61652410030637,0.857278731174013
"552226",1.06340498082071,1.01960547445938,1.03583648124556,-0.0162310067861764,-0.0437995063613252,-0.0275684995751488
"218470",1.96230616771094,0.676328111081368,1.16420721842339,-0.487879107342021,-1.28597805662957,-0.798098949287551
"175611",0.946646205586808,1.49601525456061,1.26727736324995,0.228737891310658,0.549369048973803,0.320631157663145
"234946",4.29187178063513,3.52343838516693,3.76639133902041,-0.242952953853476,-0.768433395468197,-0.52548044161472
"440592",4.60276103801284,3.36538836600494,3.75319759467,-0.38780922866506,-1.23737267200789,-0.849563443342832
"308960",0.146938639320366,0.77937815108544,0.486640142864749,0.292738008220691,0.632439511765074,0.339701503544383
"428875",2.88581270933035,3.22031399200642,3.09276352398933,0.127550468017097,0.334501282676079,0.206950814658982
"253757",0.171487104657294,0.475135234779361,0.317688489582562,0.157446745196799,0.303648130122067,0.146201384925268
"137167",0.11437247158533,0.263968180132332,0.194573678667247,0.0693945014650852,0.149595708547002,0.0802012070819169
"535804",1.15826175367247,3.80568619380466,2.79975808236881,1.00592811143584,2.64742444013218,1.64149632869634
"569915",1.0614281824858,2.73428330108435,2.05065022714993,0.683633073934418,1.67285511859855,0.989222044664133
"517970",1.05454744032637,0.776197163058605,0.899409502242391,-0.123212339183786,-0.278350277267767,-0.155137938083981
"179012",0.101584458928849,0.569560310359476,0.370673517603954,0.198886792755522,0.467975851430627,0.269089058675105
"478686",1.12121204716237,1.56525046958052,1.37143213554684,0.193818334033682,0.444038422418156,0.250220088384474
"304513",0.200446633329847,0.142964628700896,0.171091778752749,-0.0281271500518527,-0.0574820046289501,-0.0293548545770974
"380870",2.90624290433381,2.81282620965751,2.8469284656874,-0.03410225602989,-0.0934166946762964,-0.0593144386464064
"506655",0.465107773587573,0.587104291234184,0.546558919391815,0.0405453718423694,0.121996517646611,0.0814511458042421
"9063",0.133385186859729,0.819689603142427,0.496704577686332,0.322985025456095,0.686304416282698,0.363319390826603
"515641",0.10358039716011,1.18186175531802,0.753892018845097,0.427969736472922,1.07828135815791,0.650311621684988
"112112",1e-08,0.300084914147018,0.157479810441625,0.142605103705392,0.300084904147018,0.157479800441625
"482919",0.241605968516727,0.855462671367904,0.559141699754559,0.296320971613345,0.613856702851177,0.317535731237832
"117125",4.55170040844826,4.67941262773281,4.65475067121266,0.0246619565201414,0.127712219284541,0.1030502627644
"312601",2.07001140624498,3.1382782450979,2.75158042359814,0.38669782149976,1.06826683885292,0.681569017353157
"302627",0.402428536559967,0.471647527130156,0.441497103655206,0.0301504234749505,0.0692189905701896,0.0390685670952391
"410485",2.76755920963852,0.885335701919359,1.53679800284855,-0.651462300929195,-1.88222350771916,-1.23076120678996
"302561",0.819181893751401,0.884395956996107,0.855796881664152,0.028599075331955,0.0652140632447057,0.0366149879127506
"33365",0.300062463160361,0.706968202260067,0.519110861140831,0.187857341119236,0.406905739099706,0.219048397980471
"224710",1e-08,0.330435705181865,0.160364877133773,0.170070828048092,0.330435695181865,0.160364867133773
"190701",0.635532415200305,0.514030029442024,0.570404227527016,-0.0563741980849914,-0.121502385758281,-0.0651281876732894
"460512",0.0842128121079438,0.343991648562237,0.214910693483375,0.129080955078862,0.259778836454293,0.130697881375431
"529467",3.24670036256355,2.21184561040439,2.57235046456655,-0.360504854162155,-1.03485475215915,-0.674349897996998
"372135",0.35664067261368,0.872929476974316,0.619684434458233,0.253245042516082,0.516288804360636,0.263043761844553
"421581",0.112265119328264,0.349575503605007,0.242741850151288,0.10683365345372,0.237310384276744,0.130476730823024
"379815",0.130483320099429,0.111974611484343,0.120285817710246,-0.00831120622590265,-0.0185087086150858,-0.0101975023891832
"503076",1.17380785135431,0.977730210433678,1.0543931429029,-0.076662932469226,-0.196077640920628,-0.119414708451402
"407560",0.182727011844305,0.863520291116492,0.523862457271236,0.339657833845256,0.680793279272187,0.341135445426931
"237563",0.401226196128476,0.973281995258422,0.728211135387085,0.245070859871337,0.572055799129946,0.326984939258609
"333471",1.5721701245367,2.14231657959311,1.91081631891616,0.231500260676953,0.570146455056407,0.338646194379453
"11017",0.27444301516867,1.16462999951636,0.788065187166262,0.376564812350094,0.890186984347686,0.513622171997593
"20775",1.04278581542337,2.04715266584695,1.64861196524679,0.398540700600162,1.00436685042358,0.605826149823421
"9993",0.383804912424843,1.0142878409847,0.686976988558803,0.327310852425897,0.630482928559856,0.30317207613396
"11946",1e-08,0.440152656243819,0.217187848070665,0.222964808173154,0.440152646243819,0.217187838070665
"19877",0.400740973060984,0.909590381399296,0.703720943401049,0.205869437998247,0.508849408338312,0.302979970340065
"189230",0.635498890456583,0.70677577962083,0.67926186316291,0.0275139164579198,0.0712768891642465,0.0437629727063267
"220750",0.791584061193871,0.668109248930038,0.717502992370219,-0.0493937434401804,-0.123474812263833,-0.0740810688236527
"97235",9.59660323068275,5.01806735714118,6.13406204294119,-1.11599468580001,-4.57853587354157,-3.46254118774156
"256216",1.08693998431885,1.08094154436034,1.08329857829628,-0.00235703393593156,-0.00599843995850868,-0.00364140602257712
"219709",10,5.89011544381843,7.7512738693336,-1.86115842551517,-4.10988455618157,-2.2487261306664
"32804",3.43273486442733,2.11326832114782,2.57117176306133,-0.45790344191351,-1.31946654327951,-0.861563101365995
"478975",8.91781093123188,4.72582450026503,5.71736224976301,-0.991537749497978,-4.19198643096685,-3.20044868146887
"352341",8.35838316514908,6.02596770663144,6.60943044953985,-0.583462742908416,-2.33241545851765,-1.74895271560923
"420731",2.82710926763202,2.62021469200221,2.69397637652264,-0.073761684520429,-0.206894575629806,-0.133132891109377
"336358",2.96326626182692,0.854158834573472,1.57867760178356,-0.724518767210083,-2.10910742725345,-1.38458866004337
"497419",0.514204484606231,1.10966346043403,0.882278097142078,0.22738536329195,0.595458975827797,0.368073612535847
"306413",10,7.75870958204218,10,-2.24129041795782,-2.24129041795782,0
"316171",10,9.72720110315093,10,-0.272798896849073,-0.272798896849073,0
"453375",10,4.12464919396797,5.74582865535831,-1.62117946139034,-5.87535080603203,-4.25417134464169
"501968",5.67354723243718,2.77188606150513,3.64110137837965,-0.869215316874514,-2.90166117093205,-2.03244585405753
"503584",9.18654599336995,5.75460965207676,6.61969472879969,-0.865085076722933,-3.43193634129319,-2.56685126457026
"428844",2.4143384575116,1.42385750202154,1.7995938187869,-0.37573631676536,-0.990480955490066,-0.614744638724705
"21813",0.311042521855254,0.685329408499923,0.512456392716306,0.172873015783618,0.37428688664467,0.201413870861052
"256939",3.57207214017725,2.32318741696396,2.77463619823853,-0.451448781274566,-1.24888472321329,-0.797435941938725
"4233",2.82572806703127,3.08200149447143,2.9857952061673,0.0962062883041273,0.256273427440163,0.160067139136036
"251347",3.6305010723228,1.38818194228786,2.07719846347553,-0.689016521187668,-2.24231913003494,-1.55330260884728
"36579",1.04171804075693,0.387782563408206,0.621344826607913,-0.233562263199707,-0.653935477348721,-0.420373214149014
"422634",4.95084460550367,3.60626673273614,4.0192883104039,-0.413021577667764,-1.34457787276753,-0.931556295099767
"462979",0.00884298112255855,0.0419783935532576,0.0263081499193623,0.0156702436338954,0.0331354124306991,0.0174651687968037
"90997",0.0705472245168447,0.171527141329602,0.119942087065142,0.0515850542644601,0.100979916812758,0.0493948625482974
"548545",0.0256765609955244,0.194879006114763,0.114805097913885,0.0800739082008779,0.169202445119239,0.0891285369183606
"401328",2.81764613245399,2.6344142675194,2.7007608270422,-0.0663465595228012,-0.183231864934598,-0.116885305411797
"219746",2.30059189764483,1.01601790611187,1.45812949317897,-0.442111587067095,-1.28457399153296,-0.842462404465867
"20459",1.51549646436776,0.982820756228719,1.19328815055514,-0.210467394326424,-0.532675708139044,-0.322208313812621
"534372",0.0485532782426862,0.245150644852079,0.15751833629569,0.0876323085563889,0.196597366609393,0.108965058053004
"105537",1.17051192435603,0.867391120602656,0.975092634025429,-0.107701513422773,-0.303120803753378,-0.195419290330606
"508732",0.0177441573353476,0.304381830185619,0.176422018031891,0.127959812153727,0.286637672850271,0.158677860696544
"391752",0.389145024008845,1.05845679485169,0.773022608257194,0.285434186594501,0.66931177084285,0.383877584248349
"204325",2.0467382279577,2.70622203032207,2.47388329956127,0.2323387307608,0.65948380236437,0.42714507160357
"402406",1e-08,0.358757912521503,0.180338355728496,0.178419556793007,0.358757902521503,0.180338345728496
"292529",0.0160489091208306,0.331827783954089,0.187133571140874,0.144694212813215,0.315778874833259,0.171084662020044
"201614",9.60907277222429,4.96312909630233,6.09483741194754,-1.13170831564521,-4.64594367592196,-3.51423536027675
"314027",5.72190858635099,3.58159600137246,4.2618680000562,-0.680271998683736,-2.14031258497853,-1.46004058629479
"422546",0.717563443610625,1.26795681358677,1.00538443070411,0.262572382882663,0.550393369976147,0.287820987093484
"501430",0.0612312718917142,0.65467539005129,0.399349368499014,0.255326021552277,0.593444118159576,0.338118096607299
"576746",2.18214040286521,1.72030262658392,1.90184337398259,-0.18154074739867,-0.461837776281293,-0.280297028882623
"193714",0.187945840301182,0.706791267215266,0.476766776896763,0.230024490318503,0.518845426914084,0.288820936595581
"515570",0.134563687613565,0.820255141702858,0.504670034836526,0.315585106866332,0.685691454089293,0.370106347222961
"159405",0.3040548586592,0.717445347069145,0.525332310143196,0.192113036925949,0.413390488409945,0.221277451483997
"235736",0.444803853012848,1.99204641465107,1.34106200778715,0.650984406863917,1.54724256163822,0.896258154774301
"200647",0.443290745522422,0.86923486542682,0.656661683867024,0.212573181559795,0.425944119904398,0.213370938344602
"198723",0.0616411177041132,0.0686234465420782,0.065365964509836,0.00325748203224224,0.00698232883796505,0.00372484680572281
"352551",1e-08,0.655882101717228,0.29557114296943,0.360310958747798,0.655882091717228,0.29557113296943
"95225",0.120318500277466,0.502827763475065,0.351176428289735,0.15165133518533,0.382509263197599,0.230857928012269
"45091",0.705253391675119,0.351896646034008,0.504222625953946,-0.152325979919938,-0.353356745641111,-0.201030765721173
"27530",2.06526300904379,1.06283067291022,1.38614500208871,-0.323314329178484,-1.00243233613356,-0.67911800695508
"33244",0.579032421379833,1.19555754625786,0.915376137517677,0.280181408740183,0.616525124878027,0.336343716137844
"301609",3.10287849003137,2.36068482555857,2.62186883507975,-0.261184009521179,-0.742193664472798,-0.48100965495162
"510153",1.51222289727087,2.57710678323593,2.13247337493618,0.444633408299745,1.06488388596506,0.620250477665316
"296518",0.191259366219663,0.57254501951563,0.407041858110636,0.165503161404994,0.381285653295967,0.215782491890973
"10537",1e-08,0.831084754271088,0.442509921791156,0.388574832479933,0.831084744271088,0.442509911791156
"118508",10,4.34247476982158,5.92894394386726,-1.58646917404569,-5.65752523017842,-4.07105605613274
"130458",10,10.0911108492337,10,0.091110849233683,0.091110849233683,0
"151495",2.16911458283807,3.13586217337142,2.77375218312248,0.36210999024894,0.966747590533359,0.604637600284418
"162441",6.72023631929317,7.55167424537844,7.34007573595908,0.21159850941936,0.831437926085275,0.619839416665915
"200005",10,10.0911108492337,10,0.091110849233683,0.091110849233683,0
"238458",0.482854002809152,1.76634256210461,1.15392007270228,0.61242248940233,1.28348855929546,0.671066069893133
"248133",10,10.0911108492337,10,0.091110849233683,0.091110849233683,0
"251457",4.65186644539761,4.40972146251377,4.49025394188671,-0.0805324793729332,-0.242144982883841,-0.161612503510908
"279703",4.73211308915503,3.70172189428488,4.02841098323965,-0.326689088954768,-1.03039119487015,-0.703702105915383
"286354",6.06006628164416,8.39764767656887,7.78195754762279,0.615690128946077,2.33758139492471,1.72189126597863
"294144",0.50151447650878,3.18875238955707,2.03856577080136,1.15018661875571,2.68723791304829,1.53705129429258
"304317",8.4258116472479,6.39899287324373,6.9127309425819,-0.513738069338172,-2.02681877400416,-1.51308070466599
"321584",1.61312840035961,4.62783389596241,3.39947746885006,1.22835642711235,3.0147054956028,1.78634906849045
"421029",1.84667981520377,4.21514361148222,3.26326009309737,0.951883518384855,2.36846379627845,1.4165802778936
"484150",6.21078461449373,7.94236577729806,7.4880994396583,0.454266337639763,1.73158116280433,1.27731482516457
"500964",9.63151341680164,5.49357691182216,6.51606916543579,-1.02249225361363,-4.13793650497948,-3.11544425136585
"526570",4.18016724056696,4.56551897888378,4.43788064860659,0.127638330277194,0.385351738316817,0.257713408039623
"547440",7.09316172471623,7.26662628899949,7.22301761646922,0.0436086725302669,0.173464564283258,0.129855891752991
"562024",2.65561290316861,2.18773589161335,2.35147453276785,-0.163738641154499,-0.467877011555256,-0.304138370400757
"62112",1.9474278196258,3.38613756114521,2.84119812414483,0.544939437000389,1.43870974151941,0.893770304519022
"127199",0.192447666602525,1.47710079381943,0.906312527612739,0.57078826620669,1.2846531272169,0.713864861010214
"76935",0.0268552619729501,0.0559598930430305,0.0419896994576691,0.0139701935853614,0.0291046310700804,0.015134437484719
"512226",0.0354869475543126,0.242318878288046,0.146101731821229,0.0962171464668162,0.206831930733733,0.110614784266917
"295688",0.0232622903335118,0.783229850817209,0.434915107359206,0.348314743458004,0.759967560483698,0.411652817025694
"540868",0.146623799308441,0.863892034741119,0.517114711229527,0.346777323511593,0.717268235432679,0.370490911921086
"345802",0.106261413615219,0.391814169382383,0.242087890385454,0.149726278996928,0.285552755767164,0.135826476770235
"374369",1.28057324550901,2.78748132334724,2.14549478634328,0.641986537003955,1.50690807783823,0.864921540834273
"76148",0.397051295775911,1.13860676252831,0.821110499169251,0.317496263359058,0.741555466752398,0.424059203393339
"35496",0.921361624322888,1.57604998903948,1.30478622715357,0.271263761885906,0.654688364716587,0.383424602830681
"159814",4.22432342270403,1.08329246475853,2.02016463025604,-0.936872165497511,-3.1410309579455,-2.20415879244799
"241567",0.0497031558515425,0.321205376592778,0.188087106100787,0.133118270491992,0.271502220741236,0.138383950249244
"577164",1.02554493307646,1.65342610812977,1.38201691049358,0.271409197636195,0.627881175053314,0.356471977417119
"173586",2.36570843755552e-08,1.05841422549385,0.548213464459322,0.510200761034532,1.05841420183677,0.548213440802238
"445165",1e-08,0.392700049759626,0.181172992078141,0.211527057681485,0.392700039759626,0.181172982078141
"213847",4.32036829857552,1.5587986951926,2.48050066441149,-0.921701969218885,-2.76156960338292,-1.83986763416403
"19811",0.282624935953137,0.501068999625701,0.387263286057445,0.113805713568256,0.218444063672564,0.104638350104308
"131482",1.88476669010845,1.83184793701418,1.852384532759,-0.0205365957448143,-0.0529187530942672,-0.0323821573494529
"453905",0.00272209355375645,0.235838509255501,0.140367879942449,0.0954706293130525,0.233116415701745,0.137645786388692
"537166",0.0291925710036145,0.122010617142387,0.0762461788165486,0.0457644383258382,0.0928180461387723,0.0470536078129341
"547218",1e-08,1.05556577787902,0.584937099327097,0.47062867855192,1.05556576787902,0.584937089327097
"541665",1e-08,0.623225298225177,0.370481643362236,0.252743654862942,0.623225288225177,0.370481633362236
"149359",1.35887382148349,0.911291416303787,1.07810076472225,-0.166809348418466,-0.447582405179702,-0.280773056761236
"520805",0.661642797795061,0.891080935567946,0.794770382220293,0.0963105533476528,0.229438137772885,0.133127584425232
"422580",0.158206898145744,0.265454737614242,0.216760451741453,0.0486942858727882,0.107247839468498,0.0585535535957096
"41893",1e-08,1.01581947177235,0.509945996120135,0.505873475652214,1.01581946177235,0.509945986120135
"43262",0.306319389087495,0.961973691833851,0.705864723546033,0.256108968287818,0.655654302746357,0.399545334458538
"130455",2.79579004270635,6.12058063385802,4.96129036472876,1.15929026912927,3.32479059115167,2.16550032202241
"199669",1.29718278933769,2.72950176563309,2.12911410525978,0.60038766037331,1.4323189762954,0.831931315922092
"440663",0.864523350801614,3.29922005138779,2.2649139484658,1.03430610292199,2.43469670058617,1.40039059766419
"151550",1.4268365107234,2.44788253405821,2.03313480337339,0.414747730684821,1.02104602333481,0.606298292649989
"327481",9.67469401927693,4.58707205493348,5.78645629963421,-1.19938424470073,-5.08762196434344,-3.88823771964271
"325577",1.19994447246345,1.57649393746748,1.41236013251046,0.164133804957019,0.37654946500403,0.21241566004701
"152737",0.596408230100218,0.871157926103617,0.751109023248623,0.120048902854994,0.2747496960034,0.154700793148405
"8182",1e-08,0.115541971398484,0.0631365762565189,0.0524053951419654,0.115541961398484,0.0631365662565189
"422559",0.214618963015124,0.469152088158666,0.363814841935856,0.10533724622281,0.254533125143542,0.149195878920732
"346729",0.537430962970554,1.17814863825374,0.925400301559471,0.25274833669427,0.640717675283188,0.387969338588918
"391706",1.96462619946386,3.30077677112951,2.81308285260699,0.487693918522527,1.33615057166566,0.848456653143132
"71060",2.37532370575198,2.44603251929375,2.42198267443566,0.024049844858081,0.0707088135417671,0.046658968683686
"88722",2.10533509206514,3.39352431158676,2.91346259374096,0.480061717845795,1.28818921952161,0.808127501675817
"99064",0.219515237441421,2.0594038618961,1.26065866086876,0.798745201027342,1.83988862445468,1.04114342342734
"404854",2.07662829092638,3.44044484465838,2.93040432421826,0.510040520440128,1.363816553732,0.853776033291876
"521937",1.88320244861564,3.43960996312419,2.84569198364528,0.593917979478909,1.55640751450855,0.962489535029642
"437002",3.14871744623105,2.43407974454379,2.68925467037179,-0.255174925828001,-0.714637701687263,-0.459462775859262
"265318",0.300290894612226,0.583819002293989,0.457282385712184,0.126536616581805,0.283528107681763,0.156991491099958
"93554",0.0256389350899291,0.456782175089538,0.273925285885949,0.182856889203589,0.431143239999608,0.24828635079602
"383913",1.44725844824574,3.61109160087299,2.7680373095861,0.843054291286887,2.16383315262725,1.32077886134036
"46459",3.78932539896814,1.55561404042988,2.27579330049617,-0.720179260066292,-2.23371135853827,-1.51353209847197
"31059",3.33384930661026,2.02878381698461,2.48279751041467,-0.454013693430055,-1.30506548962564,-0.851051796195586
"327757",0.516945101836376,0.928907291093439,0.755863688570678,0.173043602522761,0.411962189257063,0.238918586734302
"366342",1.62998203385128,2.1127912728598,1.91711556550706,0.195675707352736,0.48280923900852,0.287133531655783
"536198",1e-08,0.0422093140191137,0.019718965338058,0.0224903486810557,0.0422093040191137,0.019718955338058
"380112",1e-08,0.059403753325182,0.0310608456966388,0.0283429076285432,0.059403743325182,0.0310608356966388
"10520",2.19209332767773,3.9152790656409,3.24181836897642,0.67346069666448,1.72318573796317,1.04972504129869
"335971",0.660765024069693,3.26402909793082,2.18396487672062,1.0800642212102,2.60326407386112,1.52319985265093
"76753",0.648187396684558,3.62303726423001,2.34491875584778,1.27811850838223,2.97484986754546,1.69673135916322
"52325",0.841420122203118,0.580791262999955,0.685053460989893,-0.104262197989938,-0.260628859203163,-0.156366661213225
"57989",0.0210179161682545,0.136169501538641,0.0836977516364674,0.0524717499021738,0.115151585370387,0.062679835468213
"318127",0.743915240635451,2.26041354690075,1.54487356352487,0.715539983375879,1.5164983062653,0.800958322889417
"292685",2.25791358322302,2.0239633270756,2.12083248021902,-0.0968691531434289,-0.233950256147422,-0.137081103003994
"449965",1.41376864365131,1.77855720453687,1.64351197855694,0.135045225979937,0.36478856088556,0.229743334905623
"178537",0.608590011569639,0.697578870629904,0.662950339060963,0.034628531568941,0.0889888590602647,0.0543603274913237
"100145",1.00178527747994,1.36684924312311,1.21589649784315,0.150952745279958,0.365063965643165,0.214111220363207
"306254",2.21195042389269,2.06931704062185,2.11887684833187,-0.0495598077100232,-0.142633383270843,-0.0930735755608199
"152864",0.0853503810587192,0.596691983479941,0.377996486560962,0.21869549691898,0.511341602421222,0.292646105502243
"164950",1.19618247086249,1.4037520701367,1.31638816348809,0.0873639066486074,0.20756959927421,0.120205692625603
"221107",4.06489610183403,3.3132404165285,3.54079749899935,-0.227557082470843,-0.751655685305527,-0.524098602834683
"148319",2.55659668999783,2.66668164687243,2.62734948050345,0.0393321663689798,0.110084956874607,0.0707527905056273
"189203",2.93644612165473,2.8701529496435,2.89471193558108,-0.024558985937579,-0.0662931720112283,-0.0417341860736493
"357078",2.5263115117161,3.4094390182651,3.07008432856517,0.339354689699931,0.883127506549002,0.543772816849072
"550278",7.96067935894642,6.71369833987737,7.03270482052791,-0.319006480650548,-1.24698101906906,-0.927974538418508
"570396",10,5.27038922393519,6.42934796269463,-1.15895873875944,-4.72961077606481,-3.57065203730537
"114540",0.770906304191096,1.46072831044616,1.17871292101781,0.282015389428355,0.689822006255065,0.40780661682671
"529473",4.88556215869349,3.75536781543797,4.11295773870311,-0.357589923265135,-1.13019434325552,-0.772604419990384
"578203",9.04429478075523,4.71217650538122,5.73630177030822,-1.024125264927,-4.332118275374,-3.307993010447
"574314",4.12571867388951,1.04269930167255,1.97623274944718,-0.933533447774629,-3.08301937221696,-2.14948592444233
"477971",0.824830511102026,1.61860114582643,1.28852112889763,0.330080016928802,0.793770634724406,0.463690617795604
"7690",1e-08,0.541667172441065,0.308750833310697,0.232916339130368,0.541667162441065,0.308750823310697
"188948",0.293057999085154,0.332253049224822,0.312024846408863,0.0202282028159587,0.0391950501396683,0.0189668473237096
"499207",0.213496175460104,0.288556529786375,0.252326697709506,0.0362298320768691,0.0750603543262709,0.0388305222494017
"205067",1.17075010731198,2.92812210298445,2.31639117038524,0.611730932599214,1.75737199567247,1.14564106307325
"18067",1e-08,0.239785808980751,0.112751009266948,0.127034799713802,0.239785798980751,0.112750999266948
"493108",5.73889462455412,1.76251203096485,2.76506863224116,-1.00255660127631,-3.97638259358927,-2.97382599231296
"35830",0.308475099026246,1.39512228882319,0.906915891181835,0.488206397641359,1.08664718979695,0.598440792155589
"94963",0.346231731462713,0.65692724392249,0.506646282976077,0.150280960946413,0.310695512459777,0.160414551513364
"122473",0.476287054653927,1.90590968895338,1.29727416262945,0.608635526323929,1.42962263429945,0.820987107975523
"486823",0.0591412218461788,0.323169251455934,0.195936209847752,0.127233041608182,0.264028029609756,0.136794988001573
"72185",1.38935401957659,0.803282967835032,1.01920114948505,-0.215918181650018,-0.586071051741555,-0.370152870091538
"323231",0.26438465351906,0.409661248941708,0.352295141462412,0.0573661074792954,0.145276595422648,0.0879104879433523
"272388",1e-08,1.0343003887623,0.500601883634715,0.533698505127584,1.0343003787623,0.500601873634715
"101737",10,9.29174363550845,10,-0.708256364491548,-0.708256364491548,0
"170516",10,9.29174363550845,10,-0.708256364491548,-0.708256364491548,0
"184406",4.52059857703718,4.7352803865747,4.66179931367134,0.0734810729033564,0.214681809537516,0.141200736634159
"184804",0.65929170140095,2.68510741920629,1.86044768503915,0.824659734167136,2.02581571780534,1.2011559836382
"372944",1.16416697157733,1.90484688583523,1.61252527952233,0.292321606312907,0.740679914257902,0.448358307944995
"424912",1.7062387798496,3.65777478595891,2.92070159586577,0.737073190093141,1.95153600610931,1.21446281601617
"495211",3.7901895810174,4.74897209482627,4.43334200994136,0.315630084884909,0.95878251380887,0.643152428923961
"510355",1.89019062704111,3.76068067669945,3.03835564507132,0.722325031628132,1.87049004965834,1.14816501803021
"549573",0.297696557355421,1.40649567233411,0.936266038775504,0.470229633558604,1.10879911497869,0.638569481420082
"76251",3.72595385521633,4.95940774200474,4.55023046771186,0.409177274292888,1.23345388678841,0.824276612495525
"80927",4.35792673560403,4.05276026730771,4.14961742737015,-0.0968571600624353,-0.305166468296319,-0.208309308233884
"83059",8.41520356663131,6.21068960293947,6.75982344466805,-0.549133841728582,-2.20451396369184,-1.65538012196326
"363905",1e-08,1.01643531223411,0.455988450702894,0.560446861531218,1.01643530223411,0.455988440702894
"10254",0.347569273508995,1.24018228358601,0.8544069791733,0.38577530441271,0.892613010077015,0.506837705664305
"343071",1.10561386822458,2.53034474701763,1.93603837509539,0.594306371922238,1.42473087879305,0.830424506870816
"129176",1.00097957840991,1.55673080971237,1.32410285774021,0.232627951972166,0.555751231302463,0.323123279330296
"296492",0.0223240285483696,0.175295028287078,0.102523384012,0.0727716442750781,0.152970999738708,0.0801993554636302
"56356",0.892649448956933,1.81025175007442,1.40011231934052,0.410139430733898,0.917602301117484,0.507462870383586
"142214",2.05054731761108,1.34037888120424,1.59443736547346,-0.254058484269222,-0.710168436406841,-0.456109952137619
"378678",0.0991676385789254,1.21020468954072,0.652146201225537,0.558058488315178,1.11103705096179,0.552978562646612
"87046",0.761565897848996,0.598731094181325,0.660268341226838,-0.0615372470455134,-0.162834803667671,-0.101297556622158
"36995",5.75055754009467,3.64858033798229,4.06570338429207,-0.417123046309779,-2.10197720211238,-1.6848541558026
"523598",1.66086599078783,1.85961860499392,1.78199014419103,0.0776284608028959,0.198752614206092,0.121124153403196
"341552",0.860358272410321,1.54665740919877,1.26089454218747,0.285762867011306,0.686299136788454,0.400536269777148
"87943",0.180573447634121,0.8886592070988,0.628734601973079,0.259924605125721,0.70808575946468,0.448161154338959
"306015",0.0177096528050931,0.202848134853511,0.11653098455377,0.0863171502997411,0.185138482048418,0.0988213317486772
"82289",0.0632050266968786,0.156132255302746,0.110057961674402,0.0460742936283446,0.0929272286058675,0.0468529349775229
"157255",0.716623752112797,0.875133446290259,0.805637372286224,0.0694960740040346,0.158509694177462,0.0890136201734273
"12351",0.265490410519283,1.70051197526319,1.15220093940081,0.548311035862378,1.4350215647439,0.886710528881526
"181316",1.58588987496475,2.15085038297549,1.92055978617421,0.230290596801278,0.564960508010743,0.334669911209465
"215207",3.73598280988051,6.25333128792694,5.70892811123897,0.544403176687963,2.51734847804643,1.97294530135846
"227926",0.449152385224702,1.62633390910375,1.16034094023505,0.465992968868702,1.17718152387905,0.711188555010345
"75191",1.10696314730149,2.51955820700052,1.95419720121131,0.565361005789211,1.41259505969903,0.847234053909817
"133453",1.8355208630222,1.15203014271245,1.37638790202723,-0.224357759314771,-0.683490720309746,-0.459132960994975
"336345",4.76787187401019,2.18021247465004,2.90210565624267,-0.721893181592621,-2.58765939936014,-1.86576621776752
"60594",0.549778173578319,0.569294891602625,0.562763695497283,0.00653119610534125,0.0195167180243055,0.0129855219189643
"69630",0.572761548094239,0.737543475201092,0.676036924283709,0.0615065509173834,0.164781927106853,0.10327537618947
"230150",0.49720723062675,1.21521112752669,0.88848379844875,0.326727329077938,0.718003896899937,0.391276567822
"62368",6.08921253061378,2.91688944438117,3.50355027936892,-0.586660834987748,-3.17232308623261,-2.58566225124486
"121855",1.74454995005003,1.47283001112315,1.56908431458034,-0.0962543034571879,-0.271719938926876,-0.175465635469688
"162604",5.24545560672166,3.68735239786988,4.17990200990713,-0.49254961203725,-1.55810320885178,-1.06555359681453
"270989",6.19796008813878,3.11892375817665,4.07180951738916,-0.952885759212511,-3.07903632996213,-2.12615057074962
"4363",2.68444023474427,3.30024663749294,3.06590113709975,0.234345500393191,0.615806402748672,0.381460902355481
"189866",0.472527992562298,0.809419500969098,0.679580663527008,0.12983883744209,0.3368915084068,0.207052670964709
"474458",1e-08,1.12931769934708,0.596256264286197,0.533061435060886,1.12931768934708,0.596256254286197
"495944",0.154137280468601,0.189030160354467,0.171706348479474,0.0173238118749931,0.0348928798858655,0.0175690680108724
"502045",0.25544053007611,0.845016153907953,0.548881165745921,0.296134988162032,0.589575623831844,0.293440635669812
"346027",1e-08,0.23386251619052,0.110053241889874,0.123809274300646,0.23386250619052,0.110053231889874
"440835",0.64185018055704,0.380039492972195,0.492678377362997,-0.112638884390802,-0.261810687584845,-0.149171803194043
"164793",0.104719323828675,0.274022014394172,0.193599188018404,0.0804228263757678,0.169302690565496,0.0888798641897287
"110285",3.70370253225745,2.40585636912969,2.88289577234536,-0.477039403215666,-1.29784616312776,-0.820806759912091
"539312",3.64619410177307,2.43496583363372,2.87843988980249,-0.443474056168773,-1.21122826813935,-0.767754211970577
"101838",0.17902129499863,0.709232400305009,0.407702449334136,0.301529950970873,0.530211105306379,0.228681154335506
"386423",2.00556793427009,1.71826300591805,1.80153956408354,-0.0832765581654937,-0.287304928352037,-0.204028370186543
"554528",0.154228513025232,0.211596378885618,0.184371458823662,0.0272249200619558,0.0573678658603862,0.0301429457984303
"151986",0.480819973531291,0.87959540359508,0.677993147680127,0.201602255914954,0.39877543006379,0.197173174148836
"73474",0.00722313549723478,0.281072098683527,0.156007983268727,0.125064115414799,0.273848963186292,0.148784847771493
"509667",1e-08,0.262910812190962,0.141871178710077,0.121039633480885,0.262910802190962,0.141871168710077
"287596",4.83594882956606,1.27874880664411,2.43274477754107,-1.15399597089696,-3.55720002292194,-2.40320405202498
"498633",0.120462089311204,0.868409380444329,0.507773032622095,0.360636347822234,0.747947291133125,0.387310943310891
"425052",0.897458829342375,2.01122393426795,1.51364852705542,0.497575407212525,1.11376510492557,0.616189697713047
"171667",2.01444529069629,1.32603884484811,1.57012461951649,-0.244085774668374,-0.688406445848177,-0.444320671179803
"415611",0.126292900433682,0.250101840459464,0.189493871479119,0.0606079689803448,0.123808940025782,0.0632009710454374
"327861",2.21155443167139,1.16911876071019,1.54515905749149,-0.376040296781304,-1.04243567096121,-0.666395374179902
"401419",0.747224860807743,0.979556206113174,0.877379284045616,0.102176922067558,0.232331345305431,0.130154423237873
"58865",3.62633134489645,2.10332033574009,2.64054534566373,-0.53722500992364,-1.52301100915636,-0.985785999232724
"101025",1e-08,0.991533780439505,0.520009668114201,0.471524112325304,0.991533770439505,0.520009658114201
"25180",1.35663737370595,2.34643908928092,1.94129865847676,0.405140430804162,0.98980171557497,0.584661284770808
"268168",0.0514211246056265,2.92539877684075,1.5843714590355,1.34102731780525,2.87397765223513,1.53295033442987
"331370",1.47566173343096,1.91967663650415,1.7491406482427,0.170535988261454,0.44401490307319,0.273478914811736
"495025",2.12054595645415,5.75332424997081,4.56641331042244,1.18691093954837,3.63277829351666,2.44586735396829
"359102",0.18943489577785,0.511924973754787,0.346005298492247,0.165919675262539,0.322490077976937,0.156570402714398
"233450",2.72183769346483,1.51421351319851,1.85074221648208,-0.336528703283566,-1.20762418026632,-0.871095476982754
"24889",1.62949065196859,1.91806750395594,1.8044296032219,0.113637900734037,0.288576851987351,0.174938951253314
"85829",1.8788968630106,1.99768963407275,1.94947772025542,0.0482119138173243,0.118792771062149,0.0705808572448252
"199679",1e-08,1.03544494805043,0.519874597632113,0.515570350418321,1.03544493805043,0.519874587632113
"532604",0.525727048425689,1.63459386846172,1.197300784708,0.437293083753713,1.10886682003603,0.671573736282314
"359030",4.60373966708961,3.81764384191679,4.05781112237413,-0.240167280457347,-0.78609582517282,-0.545928544715473
"61773",2.94157396575064,3.00142419246158,2.97913333402724,0.0222908584343346,0.0598502267109371,0.0375593682766024
"264006",1.46380297305811,2.0992094118729,1.83622803514021,0.262981376732691,0.635406438814789,0.372425062082098
"554170",0.18068736310628,0.744456739743808,0.491288118734713,0.253168621009096,0.563769376637528,0.310600755628433
"114309",0.0618500370101181,0.235414405640472,0.149082961565764,0.0863314440747079,0.173564368630354,0.0872329245556462
"570264",0.0183050551138633,1.4072714885073,0.806868355146485,0.600403133360814,1.38896643339344,0.788563300032622
"145461",0.286160129195473,0.48800218101876,0.40144115925606,0.0865610217626995,0.201842051823287,0.115281030060587
"13558",2.06698896215828,1.61202725564628,1.78941414041785,-0.177386884771576,-0.454961706512003,-0.277574821740427
"296971",8.64349816272699,5.84778352887836,6.53158093571137,-0.683797406833019,-2.79571463384864,-2.11191722701562
"335865",4.58222471883705,4.41862283971624,4.47292745595635,-0.0543046162401097,-0.163601879120804,-0.109297262880694
"357225",10,8.60275229397625,9.80440719869416,-1.20165490471791,-1.39724770602375,-0.195592801305835
"405617",2.94666103883013,2.35064466460863,2.56623070303836,-0.215586038429728,-0.596016374221497,-0.380430335791769
"545625",7.97827582169724,6.00342317841082,6.49530956285501,-0.491886384444194,-1.97485264328642,-1.48296625884223
"60018",2.1921784026071,3.60303619038474,3.05492882354032,0.548107366844417,1.41085778777764,0.86275042093322
"268859",1.33007245118412,0.96512382188565,1.11510858569731,-0.149984763811662,-0.364948629298468,-0.214963865486806
"402677",1.57716214041729,1.82143100885925,1.72730599379265,0.0941250150665933,0.244268868441954,0.150143853375361
"486517",1.25214252420178,1.31181127753558,1.28673192387126,0.0250793536643275,0.0596687533337976,0.0345893996694702
"171491",0.068872291072772,0.483286719498344,0.325327759275685,0.157958960222658,0.414414428425572,0.256455468202913
"112888",0.140551719107122,1.36398928513231,0.791449147213403,0.572540137918905,1.22343756602519,0.65089742810628
"259822",4.49078693531291,3.84226120575112,4.04769039868715,-0.205429192936024,-0.648525729561785,-0.44309653662576
"422002",3.15485915152709,2.83642272918286,2.95549312735241,-0.119070398169552,-0.318436422344226,-0.199366024174675
"415128",0.789096843811701,0.988826220388281,0.899577752282544,0.0892484681057376,0.19972937657658,0.110480908470842
"372768",0.515852433201528,1.04769742620338,0.818501762850006,0.229195663353378,0.531844993001857,0.302649329648479
"552533",0.118802030239955,0.241106911857999,0.184548182136495,0.0565587297215035,0.122304881618043,0.0657461518965398
"407308",1e-08,0.180301604752739,0.0868420590575212,0.0934595456952176,0.180301594752739,0.0868420490575212
"60883",0.0732808285679926,0.0568061919877914,0.0645908152467884,-0.00778462325899701,-0.0164746365802012,-0.00869001332120416
"96605",0.252662806537227,1.59556006930233,0.942460447178388,0.653099622123946,1.34289726276511,0.689797640641162
"24655",1.0316706132414,1.25508804152864,1.16785093666564,0.0872371048630003,0.223417428287235,0.136180323424235
"174638",4.90326555616028,4.4312379997652,4.58784813931821,-0.156610139553011,-0.472027556395084,-0.315417416842073
"198703",7.81215436205485,7.16299040352058,7.3319547761503,-0.16896437262972,-0.649163958534274,-0.480199585904554
"282243",1.96555989066191,0.916200139055643,1.26104693664872,-0.344846797593075,-1.04935975160627,-0.704512954013197
"299283",5.58294428331084,3.22513749856208,3.9548194685174,-0.729681969955324,-2.35780678474877,-1.62812481479344
"305962",10,8.85540308621096,10,-1.14459691378904,-1.14459691378904,0
"362171",5.34670410308609,3.65341287230415,4.19085729118107,-0.537444418876928,-1.69329123078195,-1.15584681190502
"498733",7.81215436205485,7.16299040352058,7.3319547761503,-0.16896437262972,-0.649163958534274,-0.480199585904554
"569855",10,8.85540308621096,10,-1.14459691378904,-1.14459691378904,0
"89508",9.94231346816837,5.5820263220701,6.65139015799284,-1.06936383592274,-4.36028714609826,-3.29092331017552
"248104",3.44123065614179,2.19920516550469,2.63612213092585,-0.436916965421164,-1.2420254906371,-0.805108525215932
"55142",0.35659649160343,0.591621830127078,0.48425609026672,0.107365739860357,0.235025338523648,0.12765959866329
"295648",2.31040015189433,1.63824301375294,1.90506985391945,-0.266826840166509,-0.672157138141391,-0.405330297974882
"315007",1.30575294446086,1.14063654542003,1.20618220099306,-0.0655456555730274,-0.165116399040823,-0.0995707434677959
"160887",5.05191266353153,2.60802687346047,3.31451793761746,-0.706491064156985,-2.44388579007106,-1.73739472591407
"412883",0.521121103050518,2.42542879454578,1.65092561489985,0.774503179645937,1.90430769149527,1.12980451184933
"24229",1e-08,0.248989277869157,0.120680778031212,0.128308499837945,0.248989267869157,0.120680768031212
"141064",0.619252446960894,1.93444425406806,1.36132143948816,0.573122814579896,1.31519180710716,0.742068992527267
"443095",7.17755605995967,2.42445686047684,3.83495359498714,-1.4104967345103,-4.75309919948283,-3.34260246497252
"535878",7.20596420901868,1.8099439075519,3.27206672380612,-1.46212281625422,-5.39602030146678,-3.93389748521256
"358812",1e-08,0.478131479611989,0.249395269955314,0.228736209656676,0.478131469611989,0.249395259955314
"195065",1.58249368181891,1.62784591938315,1.61165458933286,0.0161913300502912,0.0453522375642317,0.0291609075139405
"476344",1e-08,0.858732591099224,0.43657708535873,0.422155505740494,0.858732581099224,0.43657707535873
"201730",3.05790627264645,2.52352484435568,2.71490101327222,-0.191376168916536,-0.534381428290768,-0.343005259374232
"254444",5.66939401649666,3.61117388840429,4.26598984908116,-0.654815960676871,-2.05822012809237,-1.40340416741549
"350735",2.81537693500108,3.35076310201871,3.1450274173093,0.205735684709409,0.535386167017628,0.329650482308219
"409860",10,4.26444969046794,5.92905122997026,-1.66460153950232,-5.73555030953206,-4.07094877002974
"448356",3.64786765496403,2.29515471768609,2.78322627629478,-0.488071558608695,-1.35271293727794,-0.864641378669248
"522799",5.19711501240822,4.07225018394988,4.43722532670541,-0.364975142755532,-1.12486482845834,-0.759889685702809
"64991",1.22597732946331,2.77711176786896,2.13825238101624,0.638859386852728,1.55113443840566,0.912275051552927
"434890",1.99952327677406,1.5191006474319,1.698786549407,-0.179685901975101,-0.48042262934216,-0.300736727367059
"89986",0.0215831945953517,1.26829856656696,0.640901358856119,0.627397207710843,1.24671537197161,0.619318164260767
"410463",2.85829154934873,2.90991999500787,2.89054813270427,0.0193718623036001,0.0516284456591376,0.0322565833555375
"26684",3.94485810318059,4.94141552949354,4.60005867864809,0.341356850845451,0.996557426312954,0.655200575467503
"417395",1.25425811138271,1.12187031510999,1.1743118968437,-0.0524415817337114,-0.132387796272722,-0.0799462145390109
"416088",0.362644427728445,0.458344359188977,0.417407448296246,0.0409369108927308,0.0956999314605319,0.054763020567801
"91738",2.11992722649798,1.90468876091517,1.99130776177589,-0.0866190008607213,-0.215238465582813,-0.128619464722092
"39359",2.19069878764366,1.50607910694273,1.76581748989764,-0.259738382954908,-0.684619680700934,-0.424881297746026
"401472",0.527347925485499,1.62860153842223,1.09293040693363,0.535671131488601,1.10125361293673,0.565582481448133
"189473",0.872499853645654,1.98445966595139,1.56626471269902,0.418194953252367,1.11195981230573,0.693764859053368
"113059",5.67931386454153,4.95235945226325,5.11403629881359,-0.161676846550337,-0.726954412278278,-0.565277565727941
"246016",0.174843244172426,0.451469966111352,0.34321157846791,0.108258387643442,0.276626721938925,0.168368334295483
"298262",1.75992357425317,1.40913471894805,1.53171034663189,-0.122575627683832,-0.350788855305116,-0.228213227621284
"157082",0.80063004197042,1.82647585184584,1.38243637926737,0.444039472578466,1.02584580987542,0.581806337296954
"321785",1.10850887662441,1.10178101093163,1.10450973545332,-0.00272872452169337,-0.00672786569277783,-0.00399914117108446
"416926",2.93101415309112,2.65916898417605,2.76151088775446,-0.102341903578411,-0.271845168915066,-0.169503265336655
"473149",0.0318840501320206,0.433658238493437,0.242014785471299,0.191643453022138,0.401774188361416,0.210130735339279
"145842",1.76990054446849,1.7593393227148,1.76249778274052,-0.00315846002571241,-0.0105612217536817,-0.00740276172796928
"2704",0.69020958142404,1.01295069944435,0.869655121421392,0.143295578022958,0.322741118020309,0.179445539997352
"548286",0.893186866343333,0.701001068858876,0.781114571683753,-0.0801135028248766,-0.192185797484457,-0.11207229465958
"23320",0.467166756351889,1.22604293846587,0.892224028790881,0.333818909674984,0.758876182113976,0.425057272438992
"415263",0.542784514539819,1.00504239269742,0.809171017953828,0.195871374743589,0.462257878157598,0.266386503414009
"286443",0.0711481798327549,0.315323663084137,0.191463814975675,0.123859848108462,0.244175483251383,0.12031563514292
"38844",2.32781599467428,2.09020959209779,2.16369746791417,-0.0734878758163826,-0.237606402576487,-0.164118526760104
"505743",5.17680638663509,2.6981756760538,3.39463649301036,-0.696460816956561,-2.47863071058129,-1.78216989362473
"11738",1e-08,0.295461700893505,0.168731559651976,0.126730141241528,0.295461690893505,0.168731549651976
"184947",3.04479896475595,5.90234531064608,4.90498872730725,0.997356583338837,2.85754634589013,1.86018976255129
"277298",8.59226906103087,6.27237861492433,6.85159354817972,-0.579214933255386,-2.31989044610654,-1.74067551285115
"291829",1.01478227899771,1.74966073172187,1.48890564180389,0.260755089917982,0.734878452724155,0.474123362806174
"322517",2.30585124676941,2.49759564816566,2.43250578591588,0.0650898622497786,0.191744401396251,0.126654539146472
"40599",7.07640060582885,7.61290353007636,7.47447356835986,0.138429961716505,0.536502924247514,0.398072962531009
"42306",9.72261278331171,5.20210710332982,6.30660669254168,-1.10449958921186,-4.52050567998189,-3.41600609077003
"462374",7.07640060582885,7.61290353007636,7.47447356835986,0.138429961716505,0.536502924247514,0.398072962531009
"487951",5.48412203353091,3.31782426761426,3.98811418400966,-0.670289916395392,-2.16629776591664,-1.49600784952125
"511033",10,4.65784427339112,6.02675604065696,-1.36891176726584,-5.34215572660888,-3.97324395934304
"517013",5.22595930074883,3.73431108672195,4.21085364967692,-0.476542562954974,-1.49164821402688,-1.01510565107191
"70424",4.00342384434099,5.03599043371622,4.69023835544603,0.345752078270189,1.03256658937523,0.686814511105037
"281036",5.3828734690822,5.61352554481242,5.56160633383122,0.0519192109811959,0.230652075730219,0.178732864749023
"392323",10,0.555349196683672,10,-9.44465080331633,-9.44465080331633,0
"423294",0.871193584079862,2.82892369895948,2.03228329194394,0.796640407015538,1.95773011487961,1.16108970786408
"223712",0.410835509970219,1.93800381640895,1.2711316538095,0.666872162599444,1.52716830643873,0.860296143839284
"283046",3.36302262532364,6.22993332807044,5.63149777493286,0.598435553137584,2.86691070274681,2.26847514960922
"43301",3.24784774681124,2.6156126070087,2.84758261404829,-0.231970007039586,-0.632235139802539,-0.400265132762954
"447103",1e-08,2.08474284111187,0.964322138339589,1.12042070277228,2.08474283111187,0.964322128339589
"467780",1.29815799009695,2.38438792364232,1.94663726014538,0.437750663496942,1.08622993354537,0.648479270048429
"483433",0.486360051187391,1.55751141602138,1.12543761336584,0.43207380265554,1.07115136483399,0.639077562178446
"497530",2.1363395023535,3.35130643022324,2.90465004498487,0.446656385238363,1.21496692786973,0.76831054263137
"454314",0.44588344550476,0.843617809562724,0.686838428160397,0.156779381402327,0.397734364057964,0.240954982655638
"434936",0.314867328919082,0.486412948101773,0.414825035298432,0.0715879128033406,0.171545619182691,0.0999577063793505
"570840",1.80435746436152,0.611629750255211,1.04544806613936,-0.433818315884152,-1.19272771410631,-0.758909398222154
"523119",0.332433188277022,0.89089516350906,0.61384780078762,0.27704736272144,0.558461975232038,0.281414612510598
"119037",1.37598146756828,1.44124707023014,1.41164307070252,0.0296039995276198,0.0652656026618594,0.0356616031342396
"214793",10,5.79359859092461,8.85841251254246,-3.06481392161785,-4.20640140907539,-1.14158748745754
"308990",6.10984159123609,3.30400511830166,4.19145232809678,-0.887447209795114,-2.80583647293443,-1.91838926313931
"424501",6.91707777143388,2.29135056714706,3.63287586079638,-1.34152529364932,-4.62572720428683,-3.2842019106375
"447129",10,4.61360151505837,8.11489707179353,-3.50129555673516,-5.38639848494163,-1.88510292820647
"505164",10,6.97455117428783,10,-3.02544882571217,-3.02544882571217,0
"53411",10,3.99105745344833,5.85688918968275,-1.86583173623442,-6.00894254655167,-4.14311081031725
"68943",10,5.54082172880819,8.65004424475773,-3.10922251594954,-4.45917827119181,-1.34995575524227
"457437",0.0871751845337784,0.271673824436561,0.177782960214134,0.0938908642224269,0.184498639902782,0.0906077756803554
"328003",1e-08,0.478509865734187,0.222821072665715,0.255688793068472,0.478509855734187,0.222821062665715
"489531",2.41584767124157,2.34453262258983,2.36793402975059,-0.0234014071607556,-0.0713150486517393,-0.0479136414909838
"50175",0.333095130094417,0.403463634248885,0.374576586432905,0.02888704781598,0.070368504154468,0.041481456338488
"220249",3.76582141746145,3.96394700640763,3.90459087272562,0.0593561336820132,0.198125588946177,0.138769455264164
"532515",0.878903665841651,2.68627865352184,1.97525062077804,0.7110280327438,1.80737498768019,1.09634695493639
"535086",1.02915761994798,2.61380424157958,1.98811194135101,0.625692300228564,1.58464662163159,0.95895432140303
"315719",4.23866486229357,1.48702959630216,2.39227996035487,-0.905250364052712,-2.75163526599141,-1.8463849019387
"514480",0.0321310714411885,0.488530067585387,0.260740928999849,0.227789138585538,0.456398996144198,0.22860985755866
"416832",0.156624775052016,0.21948078108639,0.190253402823995,0.0292273782623956,0.0628560060343749,0.0336286277719793
"108727",4.94170796661522,4.00670544911815,4.30803011236841,-0.30132466325026,-0.935002517497073,-0.633677854246812
"327905",1.43467630711274,2.1423818856188,1.86098268836337,0.281399197255423,0.707705578506058,0.426306381250635
"338201",0.566792944027411,0.367693038441942,0.417368610260417,-0.049675571818475,-0.199099905585469,-0.149424333766994
"448199",3.30658950541629,2.183849520166,2.57943803007002,-0.395588509904021,-1.1227399852503,-0.727151475346275
"513675",4.50669400015794,4.52747105342704,4.53315160782936,-0.00568055440232662,0.0207770532690947,0.0264576076714214
"87229",5.17698828605047,3.95835293655698,4.35369434166332,-0.395341405106341,-1.21863534949349,-0.82329394438715
"245041",0.223679390881614,1.85193156771303,1.05403460603674,0.797896961676291,1.62825217683141,0.830355215155124
"316581",3.74674476314134,4.99106171198658,4.58037197185131,0.410689740135269,1.24431694884524,0.833627208709967
"425833",9.62428517325453,5.15707467467134,6.22120958787308,-1.06413491320174,-4.46721049858319,-3.40307558538145
"496648",5.49910836270138,2.66673997452872,3.49170642433168,-0.824966449802956,-2.83236838817266,-2.0074019383697
"542571",0.431831853086189,1.85069869940035,1.20426110735095,0.646437592049401,1.41886684631416,0.772429254264762
"92874",0.331259912301253,1.08489018672822,0.802040254749464,0.282849931978761,0.753630274426972,0.47078034244821
"447477",2.1184973721066,1.56601231944963,1.78183338899312,-0.21582106954349,-0.552485052656968,-0.336663983113478
"191679",0.00822670619920826,0.0377855887174388,0.0225260989063347,0.0152594898111041,0.0295588825182306,0.0142993927071265
"370162",2.32800959389179,2.50636984159207,2.44234007138993,0.0640297702021422,0.17836024770028,0.114330477498138
"107725",1.86176626934201,0.759357830801324,1.18429098644362,-0.424933155642294,-1.10240843854069,-0.677475282898391
"414480",1.45562896200884,0.59738115341135,0.885277490713778,-0.287896337302427,-0.858247808597487,-0.57035147129506
"530372",1.53522305377659,1.11379012421883,1.28885790262916,-0.175067778410332,-0.421432929557761,-0.246365151147428
"302693",1.57782286616193,0.66467728227731,0.991088462274239,-0.326411179996929,-0.913145583884622,-0.586734403887693
"403354",0.0348063288883806,0.720062456797678,0.407173719117311,0.312888737680368,0.685256127909298,0.37236739022893
"68891",0.0751242989790221,0.460061015547217,0.265589281376711,0.194471734170506,0.384936716568195,0.190464982397689
"263583",2.63829702466423,2.51321945038701,2.55661475263076,-0.0433953022437512,-0.12507757427722,-0.0816822720334689
"392607",1.86537126458079,1.87340252784048,1.87017449755966,0.0032280302808243,0.00803126325969217,0.00480323297886787
"90256",5.80913121845167,2.4601447003298,3.40708888801623,-0.94694418768643,-3.34898651812187,-2.40204233043544
"461431",2.35066510235679,1.34533345839549,1.71941933067184,-0.374085872276348,-1.00533164396129,-0.631245771684945
"500931",0.262676667770522,0.706509117981018,0.504626018289518,0.2018830996915,0.443832450210496,0.241949350518996
"382395",0.950617969210688,0.778293364637401,0.826269688410061,-0.0479763237726596,-0.172324604573286,-0.124348280800627
"222004",0.957058783550447,1.57385469349571,1.31325801196332,0.260596681532388,0.616795909945265,0.356199228412878
"141415",0.661011783140779,2.91268346826815,1.96961072157346,0.94307274669469,2.25167168512738,1.30859893843269
"155725",1.0402241782837,1.60879861853734,1.35554275022366,0.253255868313681,0.568574440253636,0.315318571939955
"189963",3.31646465721947,2.68970768865306,2.92277574522116,-0.233068056568103,-0.626756968566414,-0.393688911998311
"211085",0.421162538331562,0.47906251678002,0.453904806429171,0.0251577103508495,0.0578999784484582,0.0327422680976088
"109148",3.46468373034256,2.08822190104465,2.56180115155702,-0.47357925051237,-1.37646182929791,-0.902882578785542
"342724",0.419259455834512,0.984431814307277,0.755653505655124,0.228778308652154,0.565172358472765,0.336394049820611
"397867",2.87607984055972,1.97658312077779,2.27683586015487,-0.300252739377084,-0.899496719781929,-0.599243980404846
"98311",0.557486263878888,0.796979927885907,0.700965388362185,0.0960145395237225,0.239493664007019,0.143479124483296
"144693",0.638882452705752,0.965211618811837,0.826688180373585,0.138523438438251,0.326329166106085,0.187805727667833
"494718",0.67152367720263,0.460791416807074,0.530835009438855,-0.0700435926317802,-0.210732260395556,-0.140688667763775
"421642",1.27895568760663,3.06686363927838,2.56763560680973,0.499228032468655,1.78790795167175,1.2886799192031
"463721",0.544391738492633,0.771201911620167,0.684651063406212,0.0865508482139558,0.226810173127535,0.140259324913579
"83875",0.240537846328395,1.19476913836981,0.797684030438515,0.397085107931295,0.954231292041415,0.55714618411012
"400404",0.310183669256954,0.49124651364487,0.413907350714111,0.0773391629307586,0.181062844387915,0.103723681457157
"65183",0.78854944058796,0.492033778648955,0.600673349699628,-0.108639571050673,-0.296515661939005,-0.187876090888332
"132609",4.42786731840735,4.64198902928478,4.5698772963875,0.0721117328972776,0.214121710877427,0.142009977980149
"140819",10,7.59477895727811,9.26806974222532,-1.67329078494721,-2.40522104272189,-0.731930257774684
"218098",1.20513305285691,2.64422824268698,2.06599883947425,0.578229403212729,1.43909518983006,0.860865786617335
"35099",1.6430948096023,1.62670606962965,1.63267782806426,-0.00597175843460973,-0.0163887399726488,-0.010416981538039
"399801",3.20863336186985,2.15805886087356,2.51688175159594,-0.358822890722383,-1.05057450099629,-0.691751610273906
"427714",9.65758771113397,5.46388726773432,6.47841158175134,-1.01452431401702,-4.19370044339965,-3.17917612938263
"52518",2.62437018870581,3.18178657040534,2.97399857474084,0.207787995664506,0.557416381699536,0.349628386035031
"531400",1.54392002040371,1.71606051741417,1.65390248166054,0.0621580357536329,0.172140497010463,0.10998246125683
"308312",2.42704060979964,1.39838223173139,1.78582348457162,-0.387441252840224,-1.02865837806825,-0.641217125228029
"522891",3.69747372806038,2.03477885171428,2.6182827388638,-0.583503887149528,-1.66269487634611,-1.07919098919658
"394727",0.69306784290995,0.814521061858571,0.762979824113809,0.0515412377447622,0.12145321894862,0.0699119812038583
"24944",6.07772829147258,2.73635368598107,3.33755650376241,-0.601202817781343,-3.34137460549151,-2.74017178771017
"16823",2.95636554837869,1.00832060187776,1.72266611293919,-0.714345511061424,-1.94804494650093,-1.2336994354395
"532664",1e-08,0.409744445071887,0.202120423229483,0.207624021842404,0.409744435071887,0.202120413229483
"485917",1.64850561048876,1.87993145797572,1.78873283929091,0.0911986186848111,0.231425847486963,0.140227228802152
"454792",0.200524185972293,1.03894554256772,0.646572378212508,0.392373164355207,0.838421356595422,0.446048192240215
"294335",0.651601945063044,0.521912475020748,0.567052173335847,-0.0451396983150986,-0.129689470042296,-0.0845497717271978
"5755",0.374305858587199,1.14350017646222,0.821064692715264,0.322435483746954,0.769194317875019,0.446758834128065
"144846",0.381018929849479,0.38168582432967,0.381387133699087,0.000298690630582854,0.000666894480191083,0.000368203849608228
"261990",1.45691988899758,1.01363031404832,1.1885951722113,-0.174964858162973,-0.443289574949257,-0.268324716786284
"75081",1.45931813801204,2.04935408218495,1.81890729926685,0.230446782918099,0.590035944172902,0.359589161254803
"440688",1.93002230731581,0.711325099569697,1.18641607910945,-0.47509097953975,-1.21869720774611,-0.74360622820636
"520747",0.278674370327391,1.45372289150048,0.905961033420726,0.547761858079752,1.17504852117309,0.627286663093335
"416166",4.03801758333915,1.67428823837009,2.46077647132612,-0.786488232956029,-2.36372934496906,-1.57724111201303
"548775",0.617234769267644,0.709437619744408,0.67248969229742,0.0369479274469885,0.0922028504767647,0.0552549230297762
"382836",0.242339130470818,1.24906439524572,0.815476830898378,0.433587564347337,1.0067252647749,0.57313770042756
"213356",3.16355393917596,2.30305750376805,2.60324935210797,-0.30019184833992,-0.860496435407914,-0.560304587067995
"328879",5.49836310904056,3.63232014147677,4.22528332982683,-0.592963188350064,-1.8660429675638,-1.27307977921373
"549525",5.50431491090881,3.6288273791591,4.22468254356586,-0.595855164406763,-1.87548753174971,-1.27963236734295
"379340",1e-08,0.695195336952891,0.325897445491453,0.369297891461438,0.695195326952891,0.325897435491453
"147592",0.91674343111558,1.43449956048708,1.21790631258638,0.216593247900698,0.517756129371497,0.301162881470799
"460577",1.68501692416091,0.718678623245928,1.07357549815016,-0.354896874904228,-0.966338300914983,-0.611441426010755
"250826",3.53891707430778,5.86538949622531,5.38669748752212,0.478692008703186,2.32647242191753,1.84778041321434
"294516",0.395924779286213,0.788794962971782,0.611145899972428,0.177649062999354,0.392870183685568,0.215221120686214
"546758",2.21105158612332,3.23230703059622,2.85602952222951,0.376277508366704,1.0212554444729,0.644977936106195
"555825",1.35356580854978,1.98127656614777,1.74288213292588,0.238394433221885,0.627710757597989,0.389316324376105
"559134",1.58506870675307,1.84390914428281,1.74644796378242,0.0974611805003904,0.258840437529744,0.161379257029353
"532873",0.203258293570678,1.02702333782668,0.61297176372433,0.414051574102353,0.823765044256006,0.409713470153653
"86998",1.63947598281547,1.94288299931568,1.82293806744216,0.119944931873519,0.303407016500212,0.183462084626693
"514940",1.68541750105249,1.81910907727241,1.76758253390864,0.0515265433637686,0.133691576219923,0.0821650328561543
"17644",10,8.70428309945423,10,-1.29571690054577,-1.29571690054577,0
"184393",10,4.10138575231955,5.85419277989412,-1.75280702757456,-5.89861424768045,-4.14580722010588
"335091",3.45606528683354,1.32958049598914,1.96769735603101,-0.638116860041863,-2.1264847908444,-1.48836793080253
"35381",10,6.71849433131672,9.60141441281117,-2.88292008149445,-3.28150566868328,-0.398585587188828
"468045",5.66853079822562,3.38360630321135,4.10160861327502,-0.71800231006367,-2.28492449501427,-1.5669221849506
"510266",10,8.70428309945423,10,-1.29571690054577,-1.29571690054577,0
"563834",6.17362279284189,2.78467431079371,3.80609650034056,-1.02142218954685,-3.38894848204819,-2.36752629250134
"96144",10,5.50912533770025,8.85106119999338,-3.34193586229313,-4.49087466229975,-1.14893880000662
"287070",2.18545979560639,3.87169986697045,3.21424797261974,0.657451894350714,1.68624007136406,1.02878817701335
"558178",3.32601947515709,2.08585080855825,2.50920965712622,-0.423358848567967,-1.24016866659885,-0.816809818030878
"94446",5.02708526858739,3.96636907472221,4.30627989556956,-0.339910820847354,-1.06071619386518,-0.720805373017826
"279711",0.0601966556678113,0.251716091835686,0.15477735337528,0.0969387384604062,0.191519436167874,0.0945806977074682
"536085",1.56736988511093,1.20102781976195,1.35764379014581,-0.156615970383861,-0.366342065348979,-0.209726094965118
"544426",4.07109767148011,1.38361525036792,2.24836105909952,-0.864745808731594,-2.68748242111219,-1.8227366123806
"39624",0.359650479104334,0.60744449137455,0.490497669513149,0.116946821861401,0.247794012270216,0.130847190408815
"526079",3.17278559835655,2.36283218337195,2.65114135947436,-0.288309176102405,-0.809953414984593,-0.521644238882188
"566685",1.42250736647437,0.895996183145146,1.09873385458702,-0.202737671441869,-0.526511183329225,-0.323773511887356
"397145",0.521743460659156,2.07548156731013,1.42008376997461,0.65539779733552,1.55373810665097,0.898340309315454
"447494",0.999139728328664,2.26434791598522,1.77671887391949,0.48762904206573,1.26520818765655,0.777579145590821
"200230",1.18251346006834,2.33820251088647,1.89295473097446,0.445247779912006,1.15568905081813,0.710441270906125
"252053",4.32337258000699,4.71368031104358,4.58622386493727,0.127456446106311,0.39030773103659,0.262851284930279
"387372",1.49428413316463,4.54835174450257,3.30560325775885,1.24274848674372,3.05406761133794,1.81131912459422
"4121",3.15636930541376,3.16066684738181,3.15897680887291,0.00169003850889782,0.00429754196804311,0.00260750345914529
"572781",0.917230508003549,1.36052823107453,1.1849133315422,0.175614899532334,0.443297723070984,0.267682823538649
"263993",1.31633679943974,2.11481440292614,1.80813418183285,0.306680221093285,0.798477603486398,0.491797382393113
"563337",0.197721685146005,0.903385129739111,0.621265770822988,0.282119358916123,0.705663444593106,0.423544085676983
"346853",1.88894763552184,2.13518561489572,2.03406637785258,0.101119237043135,0.246237979373874,0.145118742330739
"577568",2.71995077583212,3.11306290107753,2.96315293646913,0.149909964608409,0.393112125245417,0.243202160637008
"114083",8.51033849067778,5.43970656228376,6.17478798475966,-0.735081422475897,-3.07063192839402,-2.33555050591812
"143083",9.87157919378289,4.80082279420328,5.99460478207719,-1.19378198787392,-5.07075639957961,-3.8769744117057
"40922",8.42377753823023,5.34033122048237,6.08432265069556,-0.74399143021319,-3.08344631774786,-2.33945488753467
"451696",10,7.46446156268942,8.86490421558235,-1.40044265289292,-2.53553843731058,-1.13509578441765
"57990",0.420042789795509,0.700165887701212,0.591479046344076,0.108686841357136,0.280123097905702,0.171436256548566
"170172",0.688139265575547,0.409734668209947,0.533426368739006,-0.123691700529058,-0.278404597365599,-0.154712896836541
"234061",1.21111070552958,0.985897438597662,1.06979308898396,-0.0838956503863004,-0.22521326693192,-0.141317616545619
"347363",4.5886655913952,4.92769100648759,4.85832658935613,0.0693644171314558,0.339025415092386,0.26966099796093
"83790",3.63126029405951,3.57068879616948,3.58897549465518,-0.0182866984856966,-0.0605714978900265,-0.0422847994043298
"111520",0.650741810994983,1.39917361206096,1.10627077881378,0.29290283324718,0.748431801065974,0.455528967818793
"125226",3.35576627766258,2.8658395351459,3.05281525069484,-0.186975715548935,-0.489926742516672,-0.302951026967737
"139449",1.27803236014788,4.93496816731053,3.43256339872339,1.50240476858714,3.65693580716265,2.15453103857551
"172373",1.83753164359319,4.47147649358539,3.41840927070455,1.05306722288084,2.6339448499922,1.58087762711136
"22789",0.937993144451918,5.50695778981323,3.575620627902,1.93133716191123,4.56896464536132,2.63762748345009
"232593",0.753917582358575,3.57736745367643,2.36356003274084,1.21380742093558,2.82344987131785,1.60964245038227
"369221",1.05353973869697,2.49092418386164,1.92755174825363,0.563372435608006,1.43738444516467,0.874012009556661
"448673",2.22725245343007,3.99615488740976,3.30285312830142,0.693301759108339,1.7689024339797,1.07560067487136
"544103",1e-08,2.49629407079359,1.45693247963102,1.03936159116257,2.49629406079359,1.45693246963102
"333698",0.336089075081104,0.824231214015489,0.574236745955508,0.249994468059981,0.488142138934385,0.238147670874405
"135411",0.295092535160642,1.80836048774325,1.06241055907683,0.745949928666415,1.51326795258261,0.767318023916192
"217242",1e-08,0.256834660700827,0.138188035959558,0.118646624741269,0.256834650700827,0.138188025959558
"364352",0.173247497949055,0.722456462892687,0.477915503311358,0.244540959581329,0.549208964943632,0.304668005362303
"256996",0.553499140093096,1.14566945955519,0.883724080525227,0.261945379029962,0.592170319462093,0.330224940432131
"540136",1e-08,0.638255327228029,0.366958440571749,0.27129688665628,0.638255317228029,0.366958430571749
"484643",2.2339980358686,1.01532861320997,1.2781527802861,-0.262824167076132,-1.21866942265863,-0.955845255582501
"333546",3.13565747628991,1.82667130676116,2.27170382054326,-0.445032513782107,-1.30898616952876,-0.863953655746648
"77776",2.84798241887367,2.51004227031941,2.63072487815676,-0.120682607837352,-0.337940148554261,-0.21725754071691
"483113",1.76865681607574,1.71794959395753,1.73798385544551,-0.0200342614879718,-0.0507072221182008,-0.030672960630229
"85755",0.0811723014388704,0.362048091501461,0.216965641678679,0.145082449822782,0.280875790062591,0.135793340239809
"455928",0.0769354931411609,0.648442227806491,0.342917061754782,0.30552516605171,0.57150673466533,0.265981568613621
"122430",2.00667421022146,3.96339717114621,3.20273547934378,0.760661691802434,1.95672296092475,1.19606126912232
"189101",8.82492965471272,6.18597538045082,6.84383188873421,-0.657856508283391,-2.6389542742619,-1.98109776597851
"205816",3.41065330793771,1.47114861779269,2.0813556173361,-0.610206999543402,-1.93950469014502,-1.32929769060162
"210228",4.09678580396998,5.18947380787547,4.81893923926879,0.370534568606683,1.09268800390549,0.722153435298808
"31016",2.43326213742497,3.75390010207925,3.23309653226266,0.520803569816591,1.32063796465428,0.799834394837692
"565359",4.09678580396998,5.18947380787547,4.81893923926879,0.370534568606683,1.09268800390549,0.722153435298808
"80646",4.59811355932964,4.17868893975312,4.3159322069684,-0.137243267215277,-0.419424619576523,-0.282181352361246
"546131",1.81174950508771,1.96132531407279,1.90124457856845,0.0600807355043369,0.149575808985078,0.0894950734807414
"546407",2.39595270645564,3.0661917204147,2.82169804650151,0.244493673913198,0.670239013959065,0.425745340045868
"525283",0.14566496747098,0.381462477718511,0.260098769892275,0.121363707826236,0.235797510247531,0.114433802421295
"159935",2.23670959162714,3.36481400906321,2.93943201097189,0.425381998091317,1.12810441743607,0.702722419344753
"401141",2.86293458092539,2.74279682735008,2.78636769722073,-0.0435708698706554,-0.120137753575318,-0.0765668837046625
"520680",2.67276278927679,0.737308071832243,1.35428698065286,-0.616978908820621,-1.93545471744455,-1.31847580862393
"192014",3.29197023195512,2.07305918129653,2.4855352391487,-0.412476057852171,-1.21891105065859,-0.806434992806422
"282515",1.41535001842266,2.6846253773494,2.15689602474947,0.527729352599938,1.26927535892675,0.741546006326807
"388220",10,5.05403112351843,6.42378841153378,-1.36975728801535,-4.94596887648157,-3.57621158846622
"447835",3.59119671254848,2.15489893517609,2.66146454200466,-0.506565606828573,-1.43629777737239,-0.929732170543816
"465598",9.65264249688822,5.48918894776571,6.52086219562224,-1.03167324785653,-4.16345354912251,-3.13178030126597
"556255",5.14671379204715,4.11197834261861,4.44771696451122,-0.335738621892609,-1.03473544942853,-0.698996827535925
"557821",8.27972413279096,6.30459407284972,6.80904748291873,-0.504453410069018,-1.97513005994124,-1.47067664987223
"56261",10,8.1457822906783,9.77241995489513,-1.62663766421683,-1.8542177093217,-0.227580045104867
"576163",5.0252476876601,4.66590672091782,4.78628516341752,-0.120378442499702,-0.359340966742277,-0.238962524242575
"59516",2.48530331456087,4.00835185951957,3.40414141503212,0.60421044448745,1.52304854495871,0.918838100471255
"95448",10,8.1457822906783,9.77241995489513,-1.62663766421683,-1.8542177093217,-0.227580045104867
"274639",5.04433777928237,6.82684547828664,6.39452015737387,0.432325320912772,1.78250769900428,1.3501823780915
"474763",2.05196755713938,1.09457872262776,1.41400414624147,-0.319425423613711,-0.957388834511626,-0.637963410897915
"517605",1.00537069775635,1.96840590905434,1.61889020952559,0.349515699528754,0.963035211297995,0.61351951176924
"311296",0.651215379223815,2.95615893938812,1.98396108350138,0.972197855886746,2.30494356016431,1.33274570427756
"490660",2.58063174266257,2.84693233140543,2.75184607737553,0.0950862540299049,0.266300588742862,0.171214334712957
"215039",0.165288404359266,0.84888747279935,0.525058723272518,0.323828749526832,0.683599068440084,0.359770318913252
"316181",9.41483728557584,4.68916726963617,5.8090775976313,-1.11991032799514,-4.72567001593967,-3.60575968794454
"526493",5.33451609189646,3.61520509796074,4.16539791905141,-0.55019282109067,-1.71931099393573,-1.16911817284506
"546316",0.497136099396167,1.58072863707005,1.14701426228779,0.433714374782265,1.08359253767389,0.649878162891622
"563975",0.07153922814847,0.190103753416815,0.131473557688538,0.058630195728277,0.118564525268345,0.059934329540068
"573460",1.53681743301196,2.72708252749583,2.39837448310965,0.328708044386175,1.19026509448387,0.861557050097691
"327412",1.73419758453819,2.23031054216878,2.01814013782077,0.212170404348008,0.49611295763059,0.283942553282582
"151022",0.0168063103783527,0.119951972394034,0.0690235451653032,0.0509284272287307,0.103145662015681,0.0522172347869505
"41362",0.373672208469153,0.358439015109305,0.364689342929364,-0.00625032782005885,-0.0152331933598472,-0.00898286553978839
"384928",1e-08,0.238897481126325,0.122924592392696,0.115972888733628,0.238897471126325,0.122924582392696
"569370",0.406051518920718,0.906903659599732,0.710569582169254,0.196334077430477,0.500852140679014,0.304518063248536
"517810",0.0256001527104006,0.140877481104656,0.0874453950635006,0.0534320860411552,0.115277328394255,0.0618452423530999
"317754",1.73058697702729,1.84267488871156,1.79873862449401,0.0439362642175414,0.112087911684267,0.0681516474667256
"518398",0.241255677552644,1.10703300825572,0.734669940332288,0.372363067923435,0.865777330703079,0.493414262779644
"514049",5.1849229830819,3.9814065309582,4.37206066310899,-0.390654132150792,-1.2035164521237,-0.812862319972909
"7344",0.88485239905079,1.21482659369727,1.08767237434009,0.127154219357178,0.329974194646478,0.2028199752893
"328732",1.53955220312177,0.747517896009179,1.04055216299457,-0.293034266985389,-0.792034307112589,-0.4990000401272
"62635",0.356384473469339,1.59910196993205,0.991635527965208,0.607466441966846,1.24271749646272,0.635251054495869
"416970",2.36747536343401,2.97048425183208,2.75380995159382,0.216674300238262,0.603008888398075,0.386334588159813
"69099",0.310277143749454,1.74927121386493,1.17950598725366,0.569765226611269,1.43899407011548,0.869228843504206
"86674",1.9553886954767,3.3314266896181,2.82494238667868,0.50648430293942,1.3760379941414,0.869553691201976
"390217",0.292896201230008,1.38152209269801,0.895183972555118,0.486338120142892,1.088625891468,0.60228777132511
"378889",0.0891103587582165,0.422603646056525,0.249192024828767,0.173411621227759,0.333493287298309,0.16008166607055
"208758",0.585178875385996,3.73411575470391,2.3791264616797,1.35498929302421,3.14893687931792,1.79394758629371
"483724",1.03401036293794,3.01265343126086,2.1853846302727,0.827268800988168,1.97864306832293,1.15137426733476
"487939",1.57002554672876,1.94280889246459,1.79740560387005,0.145403288594534,0.372783345735823,0.22738005714129
"54469",2.20375702898816,4.08939356711014,3.34806529575109,0.741328271359043,1.88563653812198,1.14430826676294
"116649",2.6023752389736,2.59468835214027,2.5974071131525,-0.00271876101222812,-0.00768688683332552,-0.0049681258210974
"117145",10,9.7656840682546,10,-0.234315931745401,-0.234315931745401,0
"128482",10,9.7656840682546,10,-0.234315931745401,-0.234315931745401,0
"130487",2.35817994131194,3.02858085655917,2.78192603387485,0.246654822684321,0.670400915247231,0.423746092562911
"154994",3.03676946691306,6.08259985267538,5.00482966467563,1.07777018799975,3.04583038576232,1.96806019776257
"18754",2.77224073481124,6.46772857684296,5.13677512415519,1.33095345268777,3.69548784203172,2.36453438934395
"249914",7.13917569727919,7.78438882002865,7.61632301694272,0.168065803085935,0.645213122749459,0.477147319663524
"279779",1.72821817104993,4.18522534534189,3.21241766320088,0.972807682141006,2.45700717429195,1.48419949215095
"296280",4.71636092528829,4.48350186394254,4.56054521163729,-0.0770433476947554,-0.23285906134575,-0.155815713650995
"457286",10,9.7656840682546,10,-0.234315931745401,-0.234315931745401,0
"494597",8.29706058621146,6.3964027495464,6.88391500773859,-0.487512258192188,-1.90065783666506,-1.41314557847287
"498124",3.6644093811103,5.12618367426928,4.63142662002624,0.494757054243038,1.46177429315898,0.967017238915938
"537184",7.4009366977678,7.38911022269762,7.38537291853843,0.0037373041591966,-0.0118264750701789,-0.0155637792293755
"566764",6.07760698421314,2.33713421972909,3.40952697623645,-1.07239275650736,-3.74047276448406,-2.6680800079767
"576156",0.786349464984284,3.26156462216684,2.1777040094565,1.08386061271034,2.47521515718256,1.39135454447222
"219748",0.353593912501344,1.6059027609097,1.12496772086057,0.48093504004913,1.25230884840835,0.771373808359224
"260713",5.0616443959452,5.18593768319467,5.15945154127625,0.0264861419184239,0.124293287249472,0.0978071453310481
"20365",1.66208253654355,0.990296468657529,1.26398211394806,-0.273685645290533,-0.67178606788602,-0.398100422595486
"533412",0.449107344281021,0.381860464482999,0.409939376568188,-0.0280789120851896,-0.0672468797980219,-0.0391679677128323
"90462",1.16191052278981,1.9206926825823,1.64887614076485,0.271816541817448,0.758782159792484,0.486965617975036
"506410",3.53695463754441,2.57186861195355,2.93861093236937,-0.366742320415814,-0.965086025590854,-0.59834370517504
"480286",0.0935022651244157,1.30196341945045,0.765342648809069,0.536620770641376,1.20846115432603,0.671840383684653
"300246",0.650667714669899,0.6856826291183,0.671901413746609,0.0137812153716906,0.0350149144484012,0.0212336990767106
"560055",0.310955823107284,0.682113240067494,0.511769343518795,0.170343896548699,0.37115741696021,0.200813520411511
"242338",0.53015031429209,1.41189293960724,0.994589210512559,0.417303729094684,0.881742625315153,0.464438896220469
"115437",1.70826106741889,0.598967505909813,0.987851000177879,-0.388883494268066,-1.10929356150907,-0.720410067241006
"69857",0.0417663708083868,0.0409584300604111,0.0415723521860864,-0.000613922125675334,-0.000807940747975716,-0.000194018622300382
"176069",1.44826999510517,0.827317386626283,1.05723589440532,-0.229918507779036,-0.620952608478891,-0.391034100699855
"268010",0.105816738591177,0.132876260968379,0.119669466635128,0.0132067943332513,0.027059522377202,0.0138527280439508
"91064",0.0486550240641496,0.657732261033481,0.339805175878747,0.317927085154735,0.609077236969332,0.291150151814597
"17082",0.390601434835717,1.68236979814459,1.06380710412934,0.61856269401525,1.29176836330888,0.673205669293626
"326918",0.0593022579823862,0.2703712514012,0.170548625457277,0.0998226259439224,0.211068993418814,0.111246367474891
"368122",1.24004333655824,1.39081018904232,1.32732852556042,0.063481663481906,0.150766852484086,0.0872851890021802
"92488",0.175747644220276,0.165271995936138,0.170354051222676,-0.00508205528653766,-0.0104756482841381,-0.00539359299760039
"251298",0.464559023258539,1.48902979770056,1.0578269788199,0.43120281888066,1.02447077444203,0.593267955561365
"457638",7.29604837418656,6.04011649732667,6.3449281938661,-0.304811696539431,-1.25593187685989,-0.951120180320463
"476536",4.62009027458837,3.71599399489796,3.99868005674723,-0.282686061849267,-0.904096279690406,-0.621410217841138
"556048",10,6.98548857502094,8.465750465299,-1.48026189027805,-3.01451142497906,-1.534249534701
"120809",0.136535241066957,0.821879355741663,0.509632564243203,0.31224679149846,0.685344114674706,0.373097323176246
"274598",5.15066200189078,2.88024584306515,3.53367133394251,-0.653425490877363,-2.27041615882563,-1.61699066794826
"228919",10,5.9769450649155,8.01166129947747,-2.03471623456196,-4.0230549350845,-1.98833870052253
"268491",3.76839828981295,4.66500645044115,4.36447528587168,0.300531164569477,0.896608160628208,0.59607699605873
"267184",1.34726356210001,1.24735674515126,1.28846473133481,-0.0411079861835422,-0.0999068169487469,-0.0587988307652048
"437350",0.717599409057993,0.976860552347274,0.862677822445329,0.114182729901945,0.259261143289281,0.145078413387336
"267673",0.0260598069021284,0.0697395189113631,0.0478208565650611,0.021918662346302,0.0436797120092347,0.0217610496629327
"489306",1e-08,0.470156171432907,0.245892695523545,0.224263475909362,0.470156161432907,0.245892685523545
"328054",4.30466828840887,3.49137982152061,3.74767136315325,-0.256291541632634,-0.813288466888261,-0.556996925255627
"118507",3.19759656818775,2.50894545812724,2.75900882034065,-0.250063362213401,-0.688651110060505,-0.438587747847104
"164102",0.150654854476718,0.295803001987688,0.225669706695999,0.0701332952916897,0.145148147510971,0.0750148522192809
"148950",2.26068773152436,3.66799755851774,3.11181288437463,0.556184674143115,1.40730982699338,0.851125152850268
"516930",4.3602370861758,4.47848867797649,4.43924379612805,0.0392448818484468,0.118251591800696,0.0790067099522496
"540397",1.73310725032618,2.60236434947998,2.23214017222247,0.370224177257508,0.869257099153802,0.499032921896294
"170533",2.33254450514762,4.05144929237597,3.37014792557948,0.681301366796485,1.71890478722835,1.03760342043186
"209603",1.90579277651878,4.10789458313136,3.25751797010056,0.850376613030807,2.20210180661258,1.35172519358178
"238302",2.59236517675566,3.33955661505596,3.05679948721791,0.282757127838057,0.747191438300304,0.464434310462248
"332027",7.67919940435967,7.71604126770843,7.68431429706265,0.0317269706457823,0.0368418633487613,0.00511489270297893
"522245",3.56010763607849,5.64840018305532,4.9304474124332,0.71795277062212,2.08829254697683,1.37033977635471
"311983",0.312274597146712,1.08889453650161,0.695969661126038,0.392924875375568,0.776619939354894,0.383695063979327
"439616",0.712577885710744,0.871738931962587,0.805120078685057,0.0666188532775299,0.159161046251843,0.0925421929743131
"482541",0.985023866509625,1.00822395520119,0.996739020670956,0.0114849345302316,0.023200088691562,0.0117151541613304
"20375",4.0993259287989,1.67407614237157,2.48906340922556,-0.814987266853988,-2.42524978642733,-1.61026251957334
"232713",8.45430168364953,5.96645819743869,6.59015759563583,-0.623699398197139,-2.48784348621084,-1.8641440880137
"254172",6.62749023473435,2.28145014537387,3.53039353931035,-1.24894339393648,-4.34604008936048,-3.097096695424
"273850",2.95485096412988,1.9597219337888,2.28406207581443,-0.324340142025632,-0.995129030341087,-0.670788888315455
"337249",3.3380081205638,5.58516827285521,4.80377637935723,0.781391893497974,2.24716015229141,1.46576825879344
"46486",8.30232648362363,6.22574467448077,6.75026695251873,-0.524522278037953,-2.07658180914285,-1.5520595311049
"8109",5.23242996814777,3.33956405941971,3.9250827149156,-0.585518655495896,-1.89286590872806,-1.30734725323217
"471937",0.00272209355375645,0.926877642833019,0.484930915037676,0.441946727795344,0.924155549279263,0.482208821483919
"124298",10,3.10656789982417,4.99140844030654,-1.88484054048237,-6.89343210017583,-5.00859155969346
"142517",10,10.3937193339462,10,0.393719333946228,0.393719333946228,0
"214283",8.9079839121751,6.02657558629454,6.75848668212032,-0.731911095825777,-2.88140832588056,-2.14949723005478
"417273",4.98596333993817,3.12158693410202,3.68788198980336,-0.566295055701338,-1.86437640583615,-1.29808135013481
"423777",5.28201357223773,2.90639752579866,3.61752524094917,-0.711127715150514,-2.37561604643907,-1.66448833128856
"450468",10,10.3937193339462,10,0.393719333946228,0.393719333946228,0
"485600",8.97098055054879,5.98366102403138,6.74119901957517,-0.757537995543783,-2.98731952651741,-2.22978153097363
"52046",10,7.63928465346564,10,-2.36071534653436,-2.36071534653436,0
"522755",10,10.3937193339462,10,0.393719333946228,0.393719333946228,0
"149874",1.33588387784469,2.04710227235432,1.77848042816452,0.268621844189798,0.71121839450963,0.442596550319831
"287300",0.372126208656116,2.06322336030056,1.34791590967157,0.715307450628993,1.69109715164444,0.975789701015452
"31754",1e-08,0.210897036388931,0.100971583958819,0.109925452430113,0.210897026388931,0.100971573958819
"205221",0.335695847816712,2.56561754160834,1.54206725319117,1.02355028841717,2.22992169379162,1.20637140537446
"370173",0.881636945575323,2.2030632148467,1.59384428064267,0.609218934204024,1.32142626927137,0.712207335067349
"215685",1.04153130738242,1.52640657345285,1.32327489630212,0.203131677150733,0.484875266070437,0.281743588919704
"143423",1.85707274825234,4.74776746654505,3.57426301364616,1.17350445289889,2.89069471829271,1.71719026539382
"196741",2.99931521930767,6.39736793508633,5.18713916177621,1.21022877331012,3.39805271577865,2.18782394246853
"264732",2.92666298632134,6.49275931409675,5.2169551129638,1.27580420113295,3.56609632777541,2.29029212664246
"6632",2.92666298632134,6.49275931409675,5.2169551129638,1.27580420113295,3.56609632777541,2.29029212664246
"216182",0.355126812943841,0.787973973615214,0.633904832835567,0.154069140779647,0.432847160671373,0.278778019891726
"160878",1.88498412492455,2.62486257651702,2.38030872679751,0.244553849719516,0.739878451592479,0.495324601872963
"120630",0.915384955494878,1.49752827118072,1.25605775569684,0.241470515483875,0.582143315685837,0.340672800201962
"90900",0.631611143696236,2.64050058511674,1.88249787377366,0.758002711343081,2.0088894414205,1.25088673007742
"167244",1e-08,0.751193036103533,0.409783912594049,0.341409123509484,0.751193026103533,0.409783902594049
"349151",1e-08,1.0538042369223,0.436947465625894,0.616856771296404,1.0538042269223,0.436947455625894
"228694",2.05218355082601,1.37939169456601,1.62309127780257,-0.24369958323656,-0.672791856260001,-0.429092273023441
"200800",1.18793381198399e-08,0.974674691038915,0.496427412314551,0.478247278724364,0.974674679159577,0.496427400435213
"30437",0.0233005470442406,0.250352465179316,0.138838177380893,0.111514287798423,0.227051918135075,0.115537630336652
"327764",10,2.8099369215147,4.9038884588292,-2.0939515373145,-7.1900630784853,-5.0961115411708
"79497",10,4.47885101447194,6.00564173383071,-1.52679071935877,-5.52114898552806,-3.99435826616929
"186627",0.0334374146904603,0.245809890321001,0.147068486131707,0.0987414041892942,0.212372475630541,0.113631071441247
"393747",0.247720891531441,0.283340485356284,0.265733962056988,0.017606523299296,0.0356195938248429,0.0180130705255468
"56706",0.716935112582069,0.978951593047854,0.863745811691935,0.115205781355919,0.262016480465786,0.146810699109867
"430946",1e-08,0.31527111624546,0.169691709680392,0.145579406565068,0.31527110624546,0.169691699680392
"286038",0.556240109116852,0.310503527086583,0.4086113257771,-0.0981077986905168,-0.245736582030269,-0.147628783339752
"41066",0.118279304286706,1.08787891773601,0.595601122154297,0.492277795581718,0.969599613449308,0.477321817867591
"305517",1e-08,0.377433978622535,0.190545697752606,0.186888280869929,0.377433968622535,0.190545687752606
"253589",0.0695903990063382,0.293750271786588,0.184316444167058,0.10943382761953,0.22415987278025,0.11472604516072
"449794",0.556819642511902,0.465906639796458,0.505751417124105,-0.0398447773276469,-0.0909130027154437,-0.0510682253877968
"485311",1.5277655477139,0.716187447649196,1.01140555465874,-0.295218107009543,-0.811578100064709,-0.516359993055166
"222018",0.475813071968481,0.716039377637903,0.629365393329215,0.0866739843086877,0.240226305669422,0.153552321360734
"411432",0.00722835601131593,0.0354154304464801,0.0211813886440215,0.0142340418024586,0.0281870744351642,0.0139530326327055
"299916",0.213446237667897,0.500251469040189,0.3786303479648,0.121621121075389,0.286805231372292,0.165184110296903
"530793",1e-08,0.277576609414793,0.141343102773654,0.136233506641139,0.277576599414793,0.141343092773654
"570213",0.20557147713654,0.196129808516854,0.200458090088231,-0.00432828157137666,-0.00944166861968615,-0.00511338704830949
"493729",1.15912824584656,0.5034836979869,0.767409114952228,-0.263925416965328,-0.655644547859658,-0.39171913089433
"319889",1e-08,0.691019089069812,0.382877220229865,0.308141868839947,0.691019079069812,0.382877210229865
"240020",6.08751549634263,3.55188648778341,4.36276730330091,-0.810880815517499,-2.53562900855923,-1.72474819304173
"284781",6.08672751454195,3.74233817388046,4.50113142805135,-0.758793254170886,-2.34438934066149,-1.5855960864906
"555513",3.34307648033565,3.26504434165563,3.29536621990128,-0.0303218782456507,-0.0780321386800193,-0.0477102604343687
"57965",10,6.7372844974278,8.69407790364885,-1.95679340622105,-3.2627155025722,-1.30592209635115
"87646",4.95506635674334,4.37408084771807,4.56671572435824,-0.192634876640175,-0.580985509025271,-0.388350632385096
"169263",5.72293496793523,3.62910536856467,4.29643742962489,-0.667332061060216,-2.09382959937055,-1.42649753831034
"269121",9.1255535348399,5.32168736853729,6.2423730347171,-0.920685666179807,-3.8038661663026,-2.8831805001228
"389627",0.195618993244528,0.218191482025675,0.20756351222156,0.0106279698041157,0.0225724887811471,0.0119445189770314
"19869",3.0252408982409,1.89566231932514,2.26578391745699,-0.37012159813185,-1.12957857891576,-0.75945698078391
"174020",2.34466879411334,0.969578830165074,1.42654516788135,-0.456966337716273,-1.37508996394827,-0.918123626231995
"334383",0.483125816874864,0.79290644576735,0.668173256485231,0.124733189282118,0.309780628892486,0.185047439610368
"294806",1.30083246886658,1.14293183576251,1.20624647581635,-0.0633146400538367,-0.157900633104065,-0.0945859930502286
"119516",10,5.33377877093683,6.50243439247851,-1.16865562154168,-4.66622122906317,-3.49756560752149
"149240",3.33310931922043,2.44820748914621,2.76616056763836,-0.317953078492149,-0.884901830074221,-0.566948751582072
"287471",1.54217012143728,2.00217588903031,1.82533332926051,0.176842559769797,0.460005767593034,0.283163207823236
"313097",6.78664061380503,2.60343327670049,3.85919451322926,-1.25576123652877,-4.18320733710453,-2.92744610057577
"353216",2.92163118774855,2.66996571058846,2.7603604749869,-0.0903947643984444,-0.251665477160089,-0.161270712761644
"460152",9.05439855799083,5.80184715562632,6.62238476224731,-0.820537606620996,-3.25255140236451,-2.43201379574352
"508647",0.208747278668195,1.06809136083318,0.708062515762582,0.360028845070597,0.859344082164985,0.499315237094388
"86360",0.128293002752993,0.236558335489008,0.179570043182867,0.0569882923061413,0.108265332736015,0.0512770404298737
"196515",3.89881808686282,2.14432739194426,2.77737861582915,-0.633051223884886,-1.75449069491856,-1.12143947103367
"426452",3.4265964282103,2.58077921110428,2.89741644839133,-0.316637237287046,-0.845817217106018,-0.529179979818972
"45591",0.539400437476257,1.82674321739178,1.29346414252518,0.533279074866601,1.28734277991553,0.754063705048924
"259607",0.0402218568798121,0.102806275274473,0.0717371932245872,0.0310690820498855,0.0625844183946605,0.031515336344775
"546635",0.195676611505924,0.642955684142235,0.449767204014606,0.193188480127629,0.447279072636312,0.254090592508682
"69904",1.40272931074247,3.30092822670303,2.62917290188023,0.671755324822793,1.89819891596056,1.22644359113776
"502464",0.714138688277813,1.2553058760929,1.04998010147084,0.205325774622058,0.541167187815082,0.335841413193024
"320902",2.35087709009324,0.5305323650443,1.21935074017256,-0.688818375128255,-1.82034472504894,-1.13152634992068
"494579",0.650701083964011,0.712689496584635,0.688491718546593,0.024197778038042,0.0619884126206243,0.0377906345825822
"395718",0.0757879064930611,0.219196043979378,0.143958942315341,0.0752371016640373,0.143408137486317,0.0681710358222796
"56621",1e-08,0.47831402961516,0.223073418934363,0.255240610680797,0.47831401961516,0.223073408934363
"90",0.011561497687386,0.173910514449922,0.102546395902038,0.0713641185478832,0.162349016762536,0.0909848982146523
"421176",0.0200814250697364,0.105173913728193,0.0629395258001829,0.0422343879280098,0.0850924886584563,0.0428581007304465
"501843",1.56312808168673,1.65003868506875,1.61803528478117,0.0320034002875818,0.0869106033820275,0.0549072030944457
"151391",0.0818816638142572,0.268301584558272,0.181104597789994,0.0871969867682777,0.186419920744015,0.0992229339757372
"450430",0.34894118875837,0.842820665109864,0.657024759819179,0.185795905290685,0.493879476351494,0.308083571060809
"28451",0.306685185891358,0.520214305445306,0.427431787156926,0.0927825182883802,0.213529119553948,0.120746601265568
"4536",0.15359043486297,0.681236318295973,0.448199093373099,0.233037224922873,0.527645883433002,0.294608658510129
"295564",0.266256763677575,0.830791001921333,0.542903256554578,0.287887745366755,0.564534238243759,0.276646492877004
"512113",1e-08,0.176831830933316,0.098541123041207,0.0782907078921085,0.176831820933316,0.098541113041207
"369013",0.220882835934044,0.925992180007144,0.581496703728874,0.344495476278269,0.705109344073099,0.36061386779483
"124001",3.41858205364745,1.93617906998683,2.44785577998927,-0.511676710002442,-1.48240298366062,-0.970726273658179
"280909",3.19213555774088,2.29508009849054,2.61482442490925,-0.319744326418707,-0.897055459250343,-0.577311132831635
"489716",2.27629107243003,0.5781971177545,1.09848943089794,-0.520292313143439,-1.69809395467553,-1.17780164153209
"50615",2.71900196229995,2.76873751997821,2.75025028643581,0.0184872335424,0.0497355576782592,0.0312483241358592
"533995",0.032571480336662,0.547644420274034,0.289197337699152,0.258447082574882,0.515072939937372,0.25662585736249
"95248",1.12416078679977,1.63090854216127,1.40545289365888,0.225455648502395,0.506747755361506,0.281292106859111
"512185",0.659162455760911,0.495998214381597,0.57097951235402,-0.074981297972423,-0.163164241379314,-0.0881829434068908
"176664",0.412230182593468,2.19314476666312,1.39739675713533,0.795748009527786,1.78091458406965,0.985166574541865
"474227",0.406263863717162,0.840537776861329,0.669326497973509,0.17121127888782,0.434273913144167,0.263062634256347
"552157",0.149919548257105,0.350757119508077,0.253833247274898,0.0969238722331783,0.200837571250971,0.103913699017793
"379795",5.30283567760109,1.71874341323074,2.59649129933897,-0.877747886108228,-3.58409226437035,-2.70634437826213
"89787",0.73105325637728,0.3219059859208,0.442093158523536,-0.120187172602736,-0.40914727045648,-0.288960097853744
"335527",0.937954355332233,0.513414777103352,0.678384863531991,-0.164970086428638,-0.424539578228881,-0.259569491800243
"527121",0.135259841414583,0.651811168570436,0.459299916352362,0.192511252218074,0.516551327155853,0.324040074937779
"289924",5.4710957256434,3.99651246073136,4.29390834024923,-0.297395879517868,-1.47458326491204,-1.17718738539417
"113932",4.80991083853625,4.64041497529721,4.69603814430467,-0.0556231690074664,-0.169495863239047,-0.11387269423158
"116115",2.06908480558862,4.25401347671193,3.38878698930427,0.865226487407658,2.1849286711233,1.31970218371565
"292592",2.74015573695007,3.10235490280669,2.96613322535664,0.136221677450052,0.362199165856626,0.225977488406574
"293251",0.973872348490984,2.77985867663178,2.05099609176379,0.728862584867991,1.8059863281408,1.07712374327281
"326280",0.0987142075776476,2.84899803971907,1.60270390557543,1.24629413414364,2.75028383214142,1.50398969799778
"412736",1.18793381198399e-08,2.42988393130421,1.41776591795631,1.0121180133479,2.42988391942487,1.41776590607697
"51700",0.592534073452052,1.87694268994884,1.3198186517628,0.55712403818604,1.28440861649679,0.727284578310748
"53930",2.31717329749568,3.82071520795157,3.23041675173917,0.590298456212395,1.50354191045588,0.913243454243489
"86134",3.53930220831558,8.24985609001688,7.12555749998273,1.12429859003416,4.7105538817013,3.58625529166714
"89851",1.01500513468633,1.71688650002473,1.40804953941869,0.308836960606043,0.701881365338402,0.393044404732358
"509134",1e-08,0.592459580853103,0.268100064347632,0.324359516505471,0.592459570853103,0.268100054347632
"76337",1e-08,0.402892730152435,0.214312581122465,0.18858014902997,0.402892720152435,0.214312571122465
"9694",0.187842679550396,0.892774770603324,0.553392596214836,0.339382174388488,0.704932091052928,0.36554991666444
"247403",1.09988195585721,0.709786190643192,0.884598249498254,-0.174812058855062,-0.390095765214013,-0.215283706358951
"85885",0.476540373323248,1.29555562463587,0.926331889331247,0.369223735304621,0.819015251312619,0.449791516007999
"233067",0.714817126854146,1.37938088214486,1.11416821387476,0.2652126682701,0.664563755290716,0.399351087020617
"229386",1.73437838257986,1.91654032688471,1.84594875424923,0.0705915726354822,0.182161944304853,0.11157037166937
"339628",1.69387663681943,1.23311961057089,1.38212918869464,-0.149009578123742,-0.460757026248538,-0.311747448124796
"365592",4.30275173783464,4.76140191983322,4.60612686285728,0.15527505697594,0.458650181998584,0.303375125022644
"527721",3.42670629451047,2.7320981713267,2.99144600518116,-0.259347833854466,-0.694608123183774,-0.435260289329308
"349078",0.190498410821408,0.39752514208428,0.307621205281365,0.0899039368029149,0.207026731262872,0.117122794459958
"126004",1.04066955694648,1.4877321489487,1.29614325150432,0.191588897444386,0.447062592002221,0.255473694557835
"132992",7.51758741636193,7.16395467941109,7.25447042190983,-0.0905157424987442,-0.353632736950842,-0.263116994452098
"157972",7.51758741636193,7.16395467941109,7.25447042190983,-0.0905157424987442,-0.353632736950842,-0.263116994452098
"16469",1.95257074951482,3.3501204039475,2.83986472981072,0.510255674136779,1.39754965443267,0.887293980295895
"190563",4.06024521899426,5.04624847899256,4.71570438281447,0.330544096178092,0.986003259998299,0.655459163820207
"236274",10,1.96388166587057,10,-8.03611833412944,-8.03611833412944,0
"86995",7.14688394884866,7.66323487363645,7.52995269346065,0.133282180175799,0.516350924787788,0.383068744611989
"155551",0.923757390271759,1.79200269760759,1.40817178006325,0.383830917544332,0.868245307335827,0.484414389791495
"373687",1e-08,0.191593494080942,0.0959251710164687,0.0956683230644731,0.191593484080942,0.0959251610164687
"185367",1.74274208202451,1.8515065795674,1.80954019380326,0.0419663857641355,0.108764497542887,0.0667981117787515
"195096",1.63001101932718,3.7607819333639,2.93197197338164,0.828809959982264,2.13077091403672,1.30196095405446
"239160",1.29827226286574,2.14693467341881,1.82052630840125,0.326408365017557,0.848662410553074,0.522254045535517
"422200",1.71337170566397,1.60868501206105,1.6465943382422,-0.0379093261811432,-0.104686693602912,-0.0667773674217684
"147969",0.108768594318751,0.205068419014924,0.159706044075386,0.0453623749395373,0.0962998246961722,0.0509374497566349
"66157",1.19201216391315,1.43763356528514,1.33298373914223,0.104649826142908,0.245621401371989,0.140971575229081
"251170",3.08260511236202,0.655155855448253,1.45825081287532,-0.803094957427072,-2.42744925691376,-1.62435429948669
"66173",1.16676876262381,0.956022455700333,1.03339263807943,-0.0773701823790967,-0.210746306923472,-0.133376124544375
"76112",0.249768857989048,0.55173793360497,0.393811078835275,0.157926854769695,0.301969075615922,0.144042220846227
"113855",1e-08,0.991319237686421,0.48335269411402,0.507966543572401,0.991319227686421,0.48335268411402
"357720",0.615113606553774,0.511926393161541,0.560956964945716,-0.0490305717841752,-0.103187213392234,-0.0541566416080586
"315480",0.157155628847464,0.641357116143533,0.425344777965003,0.216012338178529,0.484201487296069,0.26818914911754
"554430",2.40271512283009,1.251430964369,1.67803388579874,-0.426602921429738,-1.15128415846109,-0.724681237031347
"77343",0.204989760938134,0.28258337074736,0.247012841278067,0.0355705294692928,0.0775936098092257,0.0420230803399329
"111079",1.3369001687025,0.953232789432302,1.10555212325515,-0.152319333822845,-0.383667379270197,-0.231348045447352
"576838",0.910961330054676,1.42624936566394,1.21870143891825,0.207547926745693,0.515288035609266,0.307740108863574
"346572",1.28163627315618,1.05704866667617,1.14472509972418,-0.0876764330480115,-0.224587606480011,-0.136911173431999
"381674",0.729753623311034,0.511338151350547,0.587102189648675,-0.0757640382981275,-0.218415471960486,-0.142651433662359
"301698",0.215908988009429,1.14224244218905,0.760318738374013,0.381923703815042,0.926333454179626,0.544409750364584
"62434",2.91344035644239,2.66747087553984,2.75860938771539,-0.0911385121755472,-0.245969480902549,-0.154830968727002
"227989",10,3.95758010870458,5.74479549238381,-1.78721538367923,-6.04241989129542,-4.25520450761619
"49331",2.17232695426309,1.05473451770453,1.42715651012929,-0.372421992424759,-1.11759243655856,-0.745170444133805
"502067",9.57253403921363,5.16717431515593,6.2504062092905,-1.08323189413457,-4.4053597240577,-3.32212782992313
"79977",3.07300625084391,3.06785952184225,3.06986495622522,-0.00200543438296741,-0.00514672900165802,-0.00314129461869062
"443615",3.15192923273106,2.56870258472933,2.78018964975456,-0.211487065025227,-0.583226648001726,-0.371739582976499
"565398",3.77841195757275,3.75113071274025,3.75908191507697,-0.00795120233671831,-0.0272812448324986,-0.0193300424957803
"278974",4.86757824072771,4.10178016992217,4.34924761222094,-0.247467442298771,-0.765798070805535,-0.518330628506764
"284991",5.11670793222247,3.83247559750252,4.24490884757116,-0.412433250068636,-1.28423233471995,-0.871799084651316
"521005",9.83218343231813,5.21605743116211,6.34770273341971,-1.1316453022576,-4.61612600115602,-3.48448069889842
"534248",4.98207344674237,4.05468491811619,4.35374064920983,-0.299055731093638,-0.927388528626179,-0.628332797532541
"536252",1.22233522175967,2.68186868262192,2.07414231649307,0.607726366128852,1.45953346086224,0.851807094733392
"548034",4.3873769645346,4.77812709448906,4.64784266401724,0.130284430471818,0.39075012995446,0.260465699482642
"247448",0.116895943248026,0.407804352004926,0.259451098386535,0.148353253618391,0.2909084087569,0.14255515513851
"9123",0.664297247575795,0.56490955436021,0.602800580211177,-0.0378910258509668,-0.0993876932155847,-0.0614966673646179
"411820",1e-08,1.19012846528661,0.623840698752209,0.566287766534397,1.19012845528661,0.623840688752209
"537951",0.474390462496761,1.25682159105981,0.907274521374322,0.349547069685488,0.782431128563049,0.432884058877561
"105966",0.0668429217889184,0.197772088927436,0.130666898828173,0.067105190099263,0.130929167138517,0.0638239770392541
"191993",0.10940915974616,0.956969378726057,0.61841995457025,0.338549424155806,0.847560218979897,0.50901079482409
"238353",3.13639332642955,1.88996119202853,2.29448963808601,-0.404528446057479,-1.24643213440102,-0.841903688343538
"138873",2.44965341698757,2.76889582913287,2.65403136617266,0.114864462960209,0.319242412145293,0.204377949185084
"350152",1.93160091819549,1.03464375698186,1.33126601948259,-0.296622262500723,-0.896957161213627,-0.600334898712904
"413050",1.17323124077917,3.02483457622038,2.37169777982359,0.653136796396789,1.85160333544121,1.19846653904442
"480522",1.43157898449262,0.899489280102091,1.1010794149713,-0.201590134869205,-0.532089704390529,-0.330499569521324
"130854",0.675989721895488,1.59906600627636,1.169613249984,0.429452756292352,0.923076284380867,0.493623528088515
"434841",0.369840644310953,0.919261931972842,0.70595297859978,0.213308953373062,0.549421287661889,0.336112334288827
"80746",0.734446890526335,1.72040306720547,1.34454287983034,0.375860187375125,0.985956176679131,0.610095989304005
"313167",0.0640668287043123,0.757398506206319,0.456962190966329,0.30043631523999,0.693331677502007,0.392895362262016
"162127",2.04444465290922,1.72885784938954,1.85210803486735,-0.123250185477805,-0.315586803519678,-0.192336618041872
"427887",0.527909425114908,1.43726654718865,1.09164972396895,0.345616823219697,0.909357122073743,0.563740298854046
"365919",0.374967081896758,0.301173989556699,0.339562925109925,-0.0383889355532253,-0.0737930923400589,-0.0354041567868336
"305597",0.942432111570593,3.9580131489595,3.080396411883,0.877616737076507,3.01558103738891,2.1379643003124
"108957",0.143970155533922,0.621072241004871,0.355088307275426,0.265983933729446,0.47710208547095,0.211118151741504
"23880",0.539793784995667,1.73167526144511,1.24784314736935,0.483832114075767,1.19188147644945,0.70804936237368
"533183",1.82695198382335,3.46464933904373,2.83296432826473,0.631685010779008,1.63769735522039,1.00601234444138
"202829",4.46649978241836,3.66254369400277,3.9055855539671,-0.243041859964325,-0.803956088415585,-0.56091422845126
"86218",2.33995971572467,3.21186488153019,2.88716740286922,0.324697478660964,0.871905165805511,0.547207687144547
"316681",0.684844816936052,1.33689836472079,1.08494942107679,0.251948943643997,0.652053547784739,0.400104604140741
"525747",0.770332698816256,1.00282888891006,0.92035637050319,0.08247251840687,0.232496190093804,0.150023671686934
"312348",0.0589499043927459,1.29620428474111,0.793624427370264,0.502579857370851,1.23725438034837,0.734674522977518
"315216",0.739906933674521,0.722089270908186,0.729173880940716,-0.00708461003253014,-0.0178176627663351,-0.010733052733805
"201986",5.48435999355778,3.51707756426723,4.14310704829632,-0.626029484029092,-1.96728242929056,-1.34125294526146
"369292",10,4.21314562192761,5.75024122946586,-1.53709560753825,-5.78685437807239,-4.24975877053414
"329707",0.472883225291905,0.953504544280442,0.754619284839886,0.198885259440555,0.480621318988536,0.281736059547981
"8529",0.975701188095396,2.84094843905617,2.07562490347436,0.765323535581814,1.86524725096078,1.09992371537896
"60599",0.403473211175649,0.58781890830712,0.500562086575533,0.0872568217315868,0.184345697131471,0.0970888753998841
"402462",10,4.15596349689501,5.56350214513268,-1.40753864823767,-5.84403650310499,-4.43649785486732
"412521",0.977148786457547,1.63588368595222,1.34767364709031,0.288210038861917,0.658734899494678,0.370524860632761
"136223",5.92205839221369,4.23144895815985,4.59174644541135,-0.360297487251502,-1.69060943405384,-1.33031194680233
"482383",4.1615409154417,3.47858453746887,3.69204516697879,-0.213460629509914,-0.682956377972824,-0.469495748462911
"25843",5.92087647421622,3.21151764165202,4.05040608998947,-0.838888448337446,-2.7093588325642,-1.87047038422676
"572488",1.1300944057582,1.31914194115359,1.24174561503518,0.0773963261184185,0.189047535395396,0.111651209276977
"235062",4.71992674174385,6.82937097899279,6.32727591708942,0.502095061903372,2.10944423724894,1.60734917534557
"69770",0.978754585072031,1.5447943635485,1.30474265705011,0.240051706498386,0.566039778476467,0.325988071978082
"308632",1e-08,0.875952320353328,0.384807840643781,0.491144479709547,0.875952310353328,0.384807830643781
"518316",1.76570905963611,2.64494646933596,2.39760929997223,0.247337169363731,0.879237409699853,0.631900240336122
"434801",0.554408364450745,0.473228353611579,0.508684036797327,-0.035455683185747,-0.0811800108391652,-0.0457243276534182
"372979",0.0745410951477908,0.638359457923916,0.429672870473346,0.20868658745057,0.563818362776126,0.355131775325555
"302700",1.27271296240558,1.13575232710611,1.19035277478022,-0.0546004476741173,-0.136960635299476,-0.0823601876253583
"107389",10,7.68451582819093,10,-2.31548417180907,-2.31548417180907,0
"111921",2.72218605115261,1.4845870097837,1.82344929976179,-0.338862289978098,-1.23759904136892,-0.898736751390819
"120242",10,7.05370128309363,9.95822970916358,-2.90452842606995,-2.94629871690637,-0.0417702908364195
"144315",10,6.96348040688232,9.95513816571643,-2.99165775883411,-3.03651959311768,-0.0448618342835747
"161126",10,10.3160871084996,10,0.31608710849957,0.31608710849957,0
"163463",4.80847726645039,4.83520349821868,4.82589796204934,0.00930553616933416,0.0267262317682846,0.0174206955989504
"172009",10,10.3160871084996,10,0.31608710849957,0.31608710849957,0
"172924",10,6.9726635577297,9.96001086135115,-2.98734730362145,-3.0273364422703,-0.0399891386488473
"175084",2.52142433124561,2.79713569085543,2.70150418948049,0.0956315013749407,0.275711359609824,0.180079858234883
"177113",10,7.05370128309363,9.95822970916358,-2.90452842606995,-2.94629871690637,-0.0417702908364195
"203187",5.37411083038891,3.34028473991398,3.95731982634413,-0.617035086430145,-2.03382609047493,-1.41679100404478
"21269",10,10.3160871084996,10,0.31608710849957,0.31608710849957,0
"224124",10,6.01192015096776,9.28295975468614,-3.27103960371837,-3.98807984903224,-0.717040245313864
"227890",10,6.2403216361608,9.4966716458773,-3.2563500097165,-3.7596783638392,-0.503328354122699
"232690",10,10.3160871084996,10,0.31608710849957,0.31608710849957,0
"237248",10,6.9726635577297,9.96001086135115,-2.98734730362145,-3.0273364422703,-0.0399891386488473
"261598",10,10.3160871084996,10,0.31608710849957,0.31608710849957,0
"265383",5.00416089649791,3.99801844002539,4.31631301728473,-0.318294577259337,-1.00614245647252,-0.687847879213187
"294414",10,10.3160871084996,10,0.31608710849957,0.31608710849957,0
"295773",10,6.50113725460299,9.6171203268555,-3.11598307225251,-3.49886274539701,-0.382879673144503
"316376",10,5.81049188489053,6.95106964094904,-1.14057775605851,-4.18950811510947,-3.04893035905096
"325318",10,10.3160871084996,10,0.31608710849957,0.31608710849957,0
"329507",10,6.96348040688232,9.95513816571643,-2.99165775883411,-3.03651959311768,-0.0448618342835747
"337036",10,10.3160871084996,10,0.31608710849957,0.31608710849957,0
"339052",10,5.40134605344964,6.58742254498279,-1.18607649153315,-4.59865394655036,-3.41257745501721
"356560",10,7.68451582819093,10,-2.31548417180907,-2.31548417180907,0
"361226",10,10.3160871084996,10,0.31608710849957,0.31608710849957,0
"364234",10,5.75765832156245,6.84944345294556,-1.09178513138311,-4.24234167843755,-3.15055654705444
"366192",10,10.3160871084996,10,0.31608710849957,0.31608710849957,0
"372251",10,8.08696646268199,10,-1.91303353731801,-1.91303353731801,0
"375097",10,10.3160871084996,10,0.31608710849957,0.31608710849957,0
"397431",10,6.9726635577297,9.96001086135115,-2.98734730362145,-3.0273364422703,-0.0399891386488473
"403815",10,5.0192503928114,6.47978464883148,-1.46053425602008,-4.9807496071886,-3.52021535116852
"406902",10,10.3160871084996,10,0.31608710849957,0.31608710849957,0
"407203",10,3.50722468088765,5.46038726367846,-1.95316258279081,-6.49277531911235,-4.53961273632154
"40755",0.784847830847582,2.44395147888504,1.85639492660828,0.587556552276761,1.65910364803745,1.07154709576069
"408509",5.61206455786118,3.54349513618862,4.19266462267039,-0.649169486481775,-2.06856942167256,-1.41939993519079
"413090",10,10.3160871084996,10,0.31608710849957,0.31608710849957,0
"45174",10,4.83895594505744,6.43436648160784,-1.5954105365504,-5.16104405494256,-3.56563351839216
"457647",10,8.55694374455914,10,-1.44305625544086,-1.44305625544086,0
"471024",10,10.3160871084996,10,0.31608710849957,0.31608710849957,0
"490241",10,10.3160871084996,10,0.31608710849957,0.31608710849957,0
"490665",5.36790189858857,3.76639323665859,4.27210282504053,-0.505709588381937,-1.60150866192998,-1.09579907354804
"51698",10,6.96348040688232,9.95513816571643,-2.99165775883411,-3.03651959311768,-0.0448618342835747
"527619",5.66254014407741,3.15916063925295,3.91474187145452,-0.755581232201562,-2.50337950482445,-1.74779827262289
"528658",10,4.91796035829326,6.47425614865641,-1.55629579036315,-5.08203964170674,-3.52574385134359
"529990",10,10.3160871084996,10,0.31608710849957,0.31608710849957,0
"546729",10,10.3160871084996,10,0.31608710849957,0.31608710849957,0
"559829",10,10.3160871084996,10,0.31608710849957,0.31608710849957,0
"563257",10,10.3160871084996,10,0.31608710849957,0.31608710849957,0
"56824",2.54846719300589,2.35125365608016,2.4156432684308,-0.0643896123506371,-0.197213536925724,-0.132823924575086
"576147",9.68254770390735,6.09472326716618,6.99727477658325,-0.902551509417073,-3.58782443674118,-2.6852729273241
"62765",4.99153977389804,4.33477853941997,4.54858270137317,-0.213804161953206,-0.656761234478068,-0.442957072524862
"92801",10,10.3160871084996,10,0.31608710849957,0.31608710849957,0
"169965",5.56564607681744,3.30933381364518,4.012422179401,-0.703088365755823,-2.25631226317226,-1.55322389741644
"20968",4.31942871223258,4.4371854600285,4.3976120966325,0.0395733633959985,0.117756747795918,0.07818338439992
"287937",5.69022972436702,3.68851238358009,4.32889646122713,-0.640384077647035,-2.00171734078693,-1.36133326313989
"8590",2.90966232787459,2.6018694982434,2.71303703316806,-0.11116753492466,-0.307792829631187,-0.196625294706527
"443603",0.490224275501733,0.517370883258429,0.504909539991748,0.0124613432666808,0.0271466077566968,0.0146852644900159
"65637",3.1575228142573,2.1406550174431,2.49826853135185,-0.357613513908747,-1.01686779681419,-0.659254282905447
"54860",0.0152344045729078,1.00405158958089,0.526543469181028,0.477508120399861,0.988817185007981,0.51130906460812
"263846",2.3573876489453,1.03568664218071,1.48397588461264,-0.448289242431934,-1.3217010067646,-0.873411764332664
"268011",0.944495245303103,1.4966682058587,1.26241754171096,0.23425066414774,0.552172960555593,0.317922296407853
"402534",0.0608133246380788,0.41351629099737,0.239620530420531,0.173895760576839,0.352702966359291,0.178807205782452
"172307",1e-08,1.26027966142841,0.809365504972037,0.450914156456372,1.26027965142841,0.809365494972037
"458628",4.85388924518894,1.88487560200704,2.61305202044109,-0.728176418434051,-2.9690136431819,-2.24083722474785
"569114",3.10919694586304,2.10928546333242,2.45233204934183,-0.34304658600941,-0.999911482530622,-0.656864896521212
"313664",1.20874805508751,1.28333239451416,1.25257595877336,0.0307564357408021,0.0745843394266528,0.0438279036858507
"9705",0.148435040310821,0.289992512706776,0.221469758015275,0.0685227546915008,0.141557472395955,0.0730347177044542
"25391",0.20316410064855,0.409856341853262,0.300668789624256,0.109187552229006,0.206692241204713,0.0975046889757061
"24776",3.06557986238939,2.95785680171248,2.99836921896505,-0.0405124172525673,-0.10772306067691,-0.0672106434243429
"263894",3.00898747580238,2.81366228872283,2.88548072742662,-0.0718184387037946,-0.195325187079556,-0.123506748375762
"315812",9.05797314968096,5.88827848084179,6.68468302476001,-0.796404543918224,-3.16969466883917,-2.37329012492095
"454148",1.86263821739364,1.57322986664411,1.67883657512951,-0.105606708485394,-0.289408350749525,-0.183801642264131
"88821",3.90180407367301,1.75515309965686,2.48347565105713,-0.728322551400266,-2.14665097401614,-1.41832842261588
"382080",0.118330220485723,0.912840025548068,0.505051818007862,0.407788207540206,0.794509805062345,0.386721597522139
"358506",1.97283946297806,3.13658854152835,2.71779831454837,0.418790226979981,1.16374907855029,0.744958851570313
"377372",0.585588799272056,0.61073799168132,0.599254338245301,0.0114836534360191,0.0251491924092636,0.0136655389732445
"476083",0.164423185972283,1.27100079276252,0.819353482914896,0.451647309847623,1.10657760679024,0.654930296942613
"308276",1e-08,0.631097631477423,0.329712029739849,0.301385601737574,0.631097621477423,0.329712019739849
"393842",0.575320948665093,0.99549500107066,0.768185688948384,0.227309312122276,0.420174052405567,0.192864740283291
"538677",2.59840716431351,1.17457593122263,1.69450270232522,-0.519926771102589,-1.42383123309088,-0.903904461988294
"336475",0.0677443280367978,0.299857576878632,0.182049316945742,0.11780825993289,0.232113248841834,0.114304988908944
"66785",0.100130337441808,0.939404437584756,0.637834249537863,0.301570188046893,0.839274100142948,0.537703912096055
"517664",3.27547293510833,3.34243322256477,3.32288146172331,0.0195517608414577,0.0669602874564368,0.0474085266149791
"145570",1e-08,0.191365118935153,0.109548392476775,0.0818167264583774,0.191365108935153,0.109548382476775
"7638",4.27899960871551,2.89670831187487,3.30724647534074,-0.410538163465863,-1.38229129684064,-0.971753133374776
"238348",0.023998088668942,0.0454051230256163,0.0355775147526932,0.00982760827292314,0.0214070343566744,0.0115794260837512
"231787",5.08338783829125,2.07446740569884,2.85385345838642,-0.779386052687578,-3.00892043259241,-2.22953437990484
"46126",3.31443228865218,1.68984118298732,2.20795112820312,-0.518109945215802,-1.62459110566486,-1.10648116044906
"369657",0.154670654057307,1.20779493771473,0.669637355487317,0.538157582227417,1.05312428365743,0.51496670143001
"130000",0.34708093702362,1.8421183865253,1.2346077689669,0.607510617558392,1.49503744950168,0.887526831943284
"412588",0.0873149871297799,1.46082484294072,0.819291449734557,0.641533393206164,1.37350985581094,0.731976462604777
"548396",0.564848952382312,0.644394013583727,0.615222225746411,0.029171787837316,0.0795450612014152,0.0503732733640992
"313638",1.59945242473756,1.46869707395148,1.51498282278698,-0.0462857488355022,-0.130755350786083,-0.0844696019505811
"424896",1.01221881855029,1.08708036317454,1.05565361294777,0.0314267502267735,0.0748615446242471,0.0434347943974736
"545015",5.70176995354097,2.74145368823623,3.6185507844255,-0.877097096189266,-2.96031626530474,-2.08321916911547
"506957",1.77680031930859,2.10056765719749,1.9696576631312,0.130909994066283,0.3237673378889,0.192857343822617
"534164",0.0116969911090723,0.113833586083287,0.0634388571402016,0.0503947289430852,0.102136594974214,0.0517418660311292
"495550",1e-08,0.489968646646453,0.227480946590154,0.262487700056299,0.489968636646453,0.227480936590154
"522487",0.000722294922487117,0.201771335828355,0.111472081103668,0.0902992547246874,0.201049040905868,0.110749786181181
"404187",1e-08,0.603574094627457,0.275574198491856,0.327999896135601,0.603574084627457,0.275574188491856
"107250",8.52507553170941,6.15184769099385,6.74796526519721,-0.596117574203364,-2.37322784071556,-1.7771102665122
"15943",1.85902237861207,1.50756638371854,1.63649193946719,-0.128925555748655,-0.351455994893526,-0.222530439144871
"75584",3.10804384654256,2.27219288928252,2.5664890469578,-0.294296157675275,-0.835850957260042,-0.541554799584767
"65743",0.18848987941218,0.323474949266185,0.258327364143907,0.0651475851222786,0.134985069854005,0.0698374847317265
"351150",0.286451057148841,2.16076776398185,1.35026814462765,0.810499619354194,1.87431670683301,1.06381708747881
"202686",4.38428211444726,3.06464934702356,3.46488880077197,-0.400239453748406,-1.3196327674237,-0.919393313675293
"419952",1.18859194437395,1.98683044087751,1.68310169246182,0.303728748415688,0.798238496503559,0.494509748087871
"61044",2.51667887035089,2.49061465520522,2.4994082750253,-0.0087936198200822,-0.0260642151456674,-0.0172705953255852
"78987",0.256862171965331,1.25301388010781,0.820739142138545,0.432274737969263,0.996151708142477,0.563876970173214
"498716",1.22395025841959,1.09699281933076,1.14693902148428,-0.0499462021535124,-0.126957439088822,-0.0770112369353091
"7592",0.240423409844183,0.621279685182932,0.454669663273506,0.166610021909426,0.38085627533875,0.214246253429323
"457244",1.66360420307463,1.72072188222083,1.69962070379729,0.0211011784235398,0.0571176791461996,0.0360165007226598
"402131",1e-08,0.240751968684502,0.131213317375528,0.109538651308973,0.240751958684502,0.131213307375528
"233114",0.868370253605533,0.774882133567028,0.815293533509544,-0.0404113999425157,-0.0934881200385047,-0.053076720095989
"336239",1e-08,0.599487700068054,0.273689686144668,0.325798013923386,0.599487690068054,0.273689676144668
"270166",1.09018649262935,1.61954846937599,1.39155590497005,0.227992564405936,0.529361976746639,0.301369412340702
"276681",0.402095762263898,0.444592099214643,0.431369943347858,0.0132221558667853,0.0424963369507455,0.0292741810839602
"436024",0.644332847025445,1.03407121215221,0.86329416459058,0.170777047561625,0.38973836512676,0.218961317565135
"466084",1.61187326606474,1.45051143428446,1.50818771011518,-0.0576762758307197,-0.16136183178028,-0.10368555594956
"548733",0.202950153403054,0.389512332557692,0.297962715723237,0.0915496168344545,0.186562179154637,0.095012562320183
"282866",1e-08,0.686531449833286,0.30337735765953,0.383154092173756,0.686531439833286,0.30337734765953
"102694",10,9.99346411486632,10,-0.00653588513368142,-0.00653588513368142,0
"182432",10,9.99346411486632,10,-0.00653588513368142,-0.00653588513368142,0
"242408",10,3.83886115733486,5.66130640909603,-1.82244525176118,-6.16113884266514,-4.33869359090397
"277688",1.51484503928279,4.60834798688043,3.37589840890026,1.23244957798017,3.09350294759764,1.86105336961747
"328826",10,9.99346411486632,10,-0.00653588513368142,-0.00653588513368142,0
"336237",1.13525731304918,1.7454006195446,1.52268080912441,0.222719810420185,0.610143306495416,0.387423496075231
"364360",4.59198730815767,4.5498272554064,4.5629030856964,-0.0130758302899974,-0.0421600527512735,-0.0290842224612762
"469078",10,5.22608488580448,6.44145955471953,-1.21537466891506,-4.77391511419552,-3.55854044528047
"77465",6.84616493035991,8.03607044987179,7.72324519231855,0.312825257553239,1.18990551951187,0.877080261958636
"247440",1.48242406490972,2.09233936937302,1.85510475370663,0.237234615666392,0.609915304463298,0.372680688796906
"144487",1.58230404442237,2.68461822938201,2.38168792365406,0.302930305727954,1.10231418495964,0.799383879231687
"500932",0.229564003970956,0.994559940849088,0.700046120230618,0.29451382061847,0.764995936878132,0.470482116259662
"311271",2.55514763349704,1.42615846973805,1.75451295458012,-0.328354484842068,-1.12898916375899,-0.800634678916925
"472798",0.886683109254292,2.03441031686512,1.51576349260295,0.51864682426217,1.14772720761083,0.629080383348657
"454330",2.93687349302831,2.21028137038892,2.4640686145711,-0.253787244182179,-0.726592122639388,-0.472804878457208
"447322",0.304688142990411,0.42468829482046,0.371427067262274,0.0532612275581854,0.120000151830048,0.0667389242718631
"104046",3.41659630837126,1.71737485938062,2.26312047520269,-0.54574561582208,-1.69922144899065,-1.15347583316857
"126861",10,6.13818514457734,9.15025545793128,-3.01207031335395,-3.86181485542266,-0.849744542068718
"160363",3.71917622261414,0.913991615473778,1.65718917179105,-0.743197556317276,-2.80518460714036,-2.06198705082308
"210354",10,4.41916205560752,8.03161506690895,-3.61245301130143,-5.58083794439248,-1.96838493309105
"443310",6.25692618520619,2.23922258729525,3.35494514285349,-1.11572255555824,-4.01770359791094,-2.9019810423527
"450433",10,4.73313154814903,8.27139115546581,-3.53825960731678,-5.26686845185097,-1.72860884453419
"502237",3.20871550718241,2.02658369508416,2.41928159415445,-0.392697899070287,-1.18213181209824,-0.789433913027957
"546790",3.52078133242092,0.934140645545229,1.59913259086122,-0.664991945315991,-2.58664068687569,-1.9216487415597
"254173",0.628648244732424,1.03133643448909,0.854777054364417,0.176559380124678,0.402688189756671,0.226128809631993
"529367",4.48372074651223,3.16603503351581,3.5630492769789,-0.397014243463085,-1.31768571299642,-0.920671469533337
"430941",0.54049453127515,1.24559282400077,0.925989073180928,0.319603750819844,0.705098292725623,0.385494541905778
"545129",0.319185854495749,0.386010782186098,0.360490244252509,0.025520537933589,0.0668249276903493,0.0413043897567603
"105997",0.175890503131005,1.57792904809267,0.928274226600719,0.649654821491948,1.40203854496166,0.752383723469715
"398197",1.23609573631266,0.834975491008092,0.980928770826328,-0.145953279818236,-0.401120245304569,-0.255166965486333
"171901",5.97148408942342,2.88428991849977,3.81388920923913,-0.92959929073936,-3.08719417092366,-2.1575948801843
"243081",0.856654973385421,1.70125573786298,1.34708970119707,0.354166036665907,0.844600764477561,0.490434727811654
"83848",0.576181708932479,0.745558102912497,0.678848654616371,0.0667094482961252,0.169376393980018,0.102666945683892
"230776",0.179987265566169,1.50194668759064,0.88213839272158,0.619808294869057,1.32195942202447,0.702151127155412
"86026",1.5685377145269,1.9776422242169,1.81998228560205,0.157659938614846,0.409104509689992,0.251444571075146
"457383",0.142072987628194,1.35782964067989,0.806576762788619,0.551252877891267,1.21575665305169,0.664503775160425
"216823",0.116300291527759,0.314866197564294,0.222158187139416,0.0927080104248775,0.198565906036534,0.105857895611657
"77490",0.755990489050153,1.72822006895618,1.33628294755972,0.39193712139646,0.972229579906031,0.580292458509571
"448905",0.432657206550471,0.585716065011517,0.51567938679775,0.0700366782137675,0.153058858461047,0.0830221802472794
"27988",0.710437418777396,1.00895811409939,0.873096170154752,0.135861943944635,0.298520695321991,0.162658751377357
"252005",0.079666948737975,0.358796857226521,0.230055746884184,0.128741110342337,0.279129908488546,0.150388798146209
"188404",0.519675322093202,0.61560752013074,0.580779713169852,0.0348278069608878,0.0959321980375374,0.0611043910766496
"162005",10,3.76121784202169,5.29294210336264,-1.53172426134095,-6.23878215797831,-4.70705789663736
"44662",4.07579057684054,0.920853053832596,1.82069463028279,-0.899841576450194,-3.15493752300795,-2.25509594655775
"350084",0.351369932202524,1.95993040896872,1.3048392581105,0.655091150858227,1.6085604767662,0.953469325907973
"402868",0.155376749750858,1.21153067114481,0.776372344131165,0.435158327013647,1.05615392139395,0.620995594380307
"249509",5.52531320139241,4.90408398325988,5.04127092999341,-0.137186946733535,-0.621229218132534,-0.484042271398999
"258507",3.67360639119655,3.36816220217645,3.45994730555022,-0.0917851033737636,-0.305444189020093,-0.21365908564633
"492582",1.76327316994466,1.81009254237097,1.79216748402796,0.0179250583430028,0.0468193724263097,0.0288943140833069
"293339",0.0670348155437154,1.05369032327426,0.64539057526684,0.408299748007421,0.986655507730545,0.578355759723125
"247052",0.115819599784469,0.40971847217402,0.260369370083746,0.149349102090273,0.29389887238955,0.144549770299277
"189818",1e-08,0.202825635136326,0.108968871326202,0.0938567638101242,0.202825625136326,0.108968861326202
"386159",0.930192013098396,2.03888185008128,1.53268618269975,0.50619566738153,1.10868983698288,0.602494169601349
"154807",6.16957719105549,1.80211898154319,2.95691457760684,-1.15479559606365,-4.3674582095123,-3.21266261344865
"282994",7.86404374713326,1.2594229067681,7.86404374713326,-6.60462084036516,-6.60462084036516,0
"373214",1.1730637701997,3.24662595194507,2.66339710482103,0.583228847124035,2.07356218174537,1.49033333462133
"535915",0.798749279795455,1.01952161158833,0.91829248580477,0.101229125783559,0.220772331792873,0.119543206009315
"553038",2.7437952280417,0.630521188103291,1.27482180799754,-0.64430061989425,-2.11327403993841,-1.46897342004416
"70423",1e-08,0.449963804920846,0.23645705364719,0.213506751273656,0.449963794920846,0.23645704364719
"237036",1.15561308448452,1.1757618459459,1.16773908728984,0.00802275865606017,0.0201487614613791,0.0121260028053189
"578034",1.52772100656224,1.08189712566613,1.21924255258908,-0.137345426922951,-0.445823880896113,-0.308478453973162
"119034",8.64367391941366,6.57011895714915,7.10856508488209,-0.538446127732949,-2.07355496226452,-1.53510883453157
"133987",10,2.55705830074819,4.26699547421963,-1.70993717347144,-7.44294169925181,-5.73300452578037
"145704",7.23435748911837,8.19140269787426,7.93416127401949,0.257241423854766,0.957045208755893,0.699803784901127
"151833",8.04406581573151,7.18761808559772,7.41429899537523,-0.226680909777507,-0.856447730133786,-0.629766820356279
"157801",10,11.9716258732622,10,1.97162587326224,1.97162587326224,0
"167910",10,16.0598945334149,10,6.05989453341493,6.05989453341493,0
"17119",8.15026281656349,6.56165685834537,6.96986330072002,-0.408206442374644,-1.58860595821811,-1.18039951584347
"171640",6.68756336979448,8.74254934269893,8.18250112846991,0.56004821422902,2.05498597290445,1.49493775867543
"172214",10,11.9716258732622,10,1.97162587326224,1.97162587326224,0
"180078",10,8.35641178411928,10,-1.64358821588072,-1.64358821588072,0
"184963",10,16.0598945334149,10,6.05989453341493,6.05989453341493,0
"190915",10,9.9504366101493,10,-0.0495633898506966,-0.0495633898506966,0
"19238",10,9.68635570496611,10,-0.313644295033892,-0.313644295033892,0
"194620",0.133638343392141,2.62020578444714,1.61827972874495,1.00192605570219,2.486567441055,1.48464138535281
"222590",4.11274212366791,3.55427342601124,3.72884886331398,-0.174575437302738,-0.558468697656668,-0.38389326035393
"227702",8.38697257897441,5.83486998874529,6.47100507861268,-0.63613508986739,-2.55210259022912,-1.91596750036173
"232387",3.68158334088128,4.2729452645222,4.08026962975673,0.192675634765473,0.591361923640925,0.398686288875452
"237565",10,9.78671278926874,10,-0.213287210731256,-0.213287210731256,0
"238307",3.78039898655724,4.07060848618757,3.97622752366673,0.0943809625208463,0.290209499630328,0.195828537109482
"275893",10,8.53704076482319,10,-1.46295923517681,-1.46295923517681,0
"29290",0.0717721041494008,2.70349127464534,1.654530307756,1.04896096688934,2.63171917049593,1.5827582036066
"294596",10,10.3472321776703,10,0.347232177670254,0.347232177670254,0
"303886",10,16.0598945334149,10,6.05989453341493,6.05989453341493,0
"310277",10,7.67751618661068,10,-2.32248381338932,-2.32248381338932,0
"31074",10,11.1549835980405,10,1.15498359804053,1.15498359804053,0
"320287",1.58462606245169,3.06510540149148,2.51058854798553,0.554516853505955,1.48047933903979,0.925962485533836
"344214",7.23435748911837,8.19140269787426,7.93416127401949,0.257241423854766,0.957045208755893,0.699803784901127
"352825",10,10.5813181152205,10,0.58131811522051,0.58131811522051,0
"370923",4.29154059696558,3.69008711940258,3.88401888420811,-0.19393176480553,-0.601453477563002,-0.407521712757472
"379743",10,16.0598945334149,10,6.05989453341493,6.05989453341493,0
"38281",10,11.9716258732622,10,1.97162587326224,1.97162587326224,0
"39507",10,16.0598945334149,10,6.05989453341493,6.05989453341493,0
"39747",9.65866366180776,4.91575183512441,6.06926754660018,-1.15351571147578,-4.74291182668336,-3.58939611520758
"404532",8.86161023168997,6.35105700006759,6.99879092785131,-0.64773392778372,-2.51055323162238,-1.86281930383866
"4127",8.02292979472106,6.41014320877978,6.82148860983551,-0.41134540105573,-1.61278658594128,-1.20144118488555
"414982",10,8.9758994330251,10,-1.0241005669749,-1.0241005669749,0
"420278",10,12.9002729907566,10,2.90027299075661,2.90027299075661,0
"424337",10,9.80328959526271,10,-0.196710404737287,-0.196710404737287,0
"44165",8.11367466955834,7.36880444959425,7.56727903279731,-0.198474583203065,-0.744870219964099,-0.546395636761034
"443345",2.74262325182137,6.39571777498538,5.09391541803332,1.30180235695206,3.65309452316401,2.35129216621194
"454331",1.9552501365017,2.11874948193685,2.06206182313899,0.0566876587978604,0.163499345435152,0.106811686637292
"463379",1e-08,2.30081945741116,1.43214702849431,0.868672428916848,2.30081944741116,1.43214701849431
"469182",8.30902293133171,6.24310672343894,6.76811024466975,-0.525003521230807,-2.06591620789277,-1.54091268666196
"482156",1.96695052923243,1.23017913088853,1.44014854248823,-0.209969411599703,-0.7367713983439,-0.526801986744196
"496695",7.41807565676783,7.30773059600915,7.33635383201358,-0.0286232360044352,-0.110345060758686,-0.0817218247542506
"498571",10,9.78671278926874,10,-0.213287210731256,-0.213287210731256,0
"507725",3.36471434756506,5.14487856793115,4.53853517913058,0.606343388800576,1.78016422036609,1.17382083156552
"521910",10,11.9716258732622,10,1.97162587326224,1.97162587326224,0
"53630",3.46666867566352,4.89904295993539,4.41557053550918,0.483472424426209,1.43237428427187,0.948901859845657
"551896",10,12.9002729907566,10,2.90027299075661,2.90027299075661,0
"560153",10,12.9002729907566,10,2.90027299075661,2.90027299075661,0
"565444",10,8.16230938148424,10,-1.83769061851576,-1.83769061851576,0
"570362",8.13643104169149,6.37689962937779,6.82758109415992,-0.450681464782132,-1.75953141231369,-1.30884994753156
"65175",2.05311129167502,2.05112535630885,2.05172842484043,-0.000603068531585205,-0.00198593536617153,-0.00138286683458633
"79142",10,11.9716258732622,10,1.97162587326224,1.97162587326224,0
"82672",2.91124966356887,5.82232188352348,4.80710037824866,1.01522150527482,2.91107221995461,1.89585071467979
"83973",10,16.0598945334149,10,6.05989453341493,6.05989453341493,0
"84980",7.33917055305054,7.8585128757323,7.72137768946278,0.137135186269512,0.519342322681756,0.382207136412244
"89131",8.35988958236045,5.8640027813527,6.48569087589771,-0.621688094545004,-2.49588680100774,-1.87419870646274
"89941",10,16.0598945334149,10,6.05989453341493,6.05989453341493,0
"90372",3.89358262592713,3.7622090780972,3.8041259950397,-0.0419169169424927,-0.131373547829929,-0.0894566308874367
"496500",0.0364267665530009,0.156641815326724,0.0951851624747416,0.061456652851982,0.120215048773723,0.0587583959217406
"510998",0.18000833521591,0.550456701147846,0.396993466557971,0.153463234589875,0.370448365931936,0.216985131342061
"151024",0.033091620546339,0.143498042291988,0.0940262890569939,0.0494717532349938,0.110406421745649,0.0609346685106549
"339805",0.113188389954456,0.250440541177132,0.183656838775051,0.0667837024020805,0.137252151222676,0.0704684488205959
"360514",3.55333566615923,1.59836006401547,2.22529821837959,-0.626938154364124,-1.95497560214376,-1.32803744777963
"390125",0.254486397387554,0.226477579536092,0.240201236759484,-0.013723657223392,-0.0280088178514625,-0.0142851606280705
"190031",1e-08,0.455995488572861,0.221053184644491,0.234942303928369,0.455995478572861,0.221053174644491
"85458",0.17864507188603,0.209800864083469,0.194814876601838,0.0149859874816317,0.0311557921974396,0.0161698047158079
"568625",3.69142905074626,3.99678740593895,3.89921832182767,0.0975690841112891,0.305358355192699,0.20778927108141
"398803",1e-08,0.424300795023416,0.211594797866422,0.212705997156994,0.424300785023416,0.211594787866422
"484939",1e-08,0.17537212893459,0.0955172195194081,0.079854909415182,0.17537211893459,0.0955172095194081
"142183",3.24864425290771,1.46897827185751,2.00699789496766,-0.538019623110153,-1.77966598105021,-1.24164635794005
"366097",1.02000764939011,1.27835812792024,1.17697181528794,0.101386312632305,0.258350478530136,0.156964165897831
"244511",0.347769851840752,0.409341460827366,0.383774019417026,0.0255674414103396,0.0615716089866142,0.0360041675762747
"117286",0.0924986454285074,0.295100650840024,0.197086104082651,0.0980145467573729,0.202602005411517,0.104587458654144
"353258",1.84107212656935,1.77035294399644,1.79801160719997,-0.0276586632035303,-0.0707191825729088,-0.0430605193693785
"30884",2.03160122484543,1.16363546283222,1.45490365514975,-0.291268192317533,-0.867965762013219,-0.576697569695686
"471509",0.369881689870207,0.648565105180044,0.509759718819336,0.138805386360708,0.278683415309837,0.139878028949129
"300280",0.0568723048064557,0.898429190677154,0.483156956266277,0.415272234410877,0.841556885870698,0.426284651459822
"191566",10,5.03677328093496,6.49339078516327,-1.45661750422832,-4.96322671906504,-3.50660921483673
"208240",2.52663666432966,4.02282245392495,3.42255963698346,0.600262816941489,1.49618578959528,0.895922972653796
"357226",8.63048148605918,6.75041662889882,7.2408074048785,-0.490390775979677,-1.88006485716036,-1.38967408118068
"410137",10,8.16677256274796,9.99336830019369,-1.82659573744573,-1.83322743725204,-0.00663169980631118
"113716",10,11.6038755254745,10,1.60387552547452,1.60387552547452,0
"115261",10,15.1805308906514,10,5.18053089065141,5.18053089065141,0
"132691",9.28149396799817,5.90570263975422,6.73593787674317,-0.830235236988942,-3.37579132824395,-2.54555609125501
"160022",4.71901490042699,2.81256654160396,3.34748072762496,-0.534914186020994,-1.90644835882303,-1.37153417280204
"161326",10,15.1805308906514,10,5.18053089065141,5.18053089065141,0
"172224",8.84105769155036,6.75408363932803,7.28584549887009,-0.531761859542058,-2.08697405222233,-1.55521219268027
"172858",10,9.54992062008421,10,-0.450079379915787,-0.450079379915787,0
"191296",10,11.6038755254745,10,1.60387552547452,1.60387552547452,0
"206511",10,11.4034223920383,10,1.40342239203828,1.40342239203828,0
"211886",8.84105769155036,6.75408363932803,7.28584549887009,-0.531761859542058,-2.08697405222233,-1.55521219268027
"212285",1.50507426808108,3.10040165841638,2.56669359860059,0.533708059815781,1.59532739033529,1.06161933051951
"212850",4.66435290249336,2.44072979852098,3.03340573214561,-0.592675933624633,-2.22362310397238,-1.63094717034775
"223573",3.55024266710491,4.8103201560332,4.40923306206891,0.401087093964282,1.26007748892829,0.858990394964005
"234396",10,8.95178512742966,10,-1.04821487257034,-1.04821487257034,0
"250912",10,15.1805308906514,10,5.18053089065141,5.18053089065141,0
"250944",3.6394111479623,4.79795409137614,4.42959465845134,0.368359432924802,1.15854294341383,0.790183510489033
"254894",10,11.6038755254745,10,1.60387552547452,1.60387552547452,0
"256030",10,11.6038755254745,10,1.60387552547452,1.60387552547452,0
"276090",9.09905636131481,6.28102824706884,6.98624178034707,-0.705213533278228,-2.81802811424597,-2.11281458096774
"304343",9.28149396799817,5.90570263975422,6.73593787674317,-0.830235236988942,-3.37579132824395,-2.54555609125501
"311196",6.9410253216329,8.33894627041423,7.96925833748259,0.36968793293164,1.39792094878133,1.02823301584969
"331602",10,11.4034223920383,10,1.40342239203828,1.40342239203828,0
"331665",10,8.17177234071359,10,-1.82822765928641,-1.82822765928641,0
"333094",10,15.1805308906514,10,5.18053089065141,5.18053089065141,0
"33631",10,15.1805308906514,10,5.18053089065141,5.18053089065141,0
"354134",6.54153203357214,8.94813393154501,8.30056806694628,0.647565864598731,2.40660189797286,1.75903603337413
"358099",10,8.17177234071359,10,-1.82822765928641,-1.82822765928641,0
"363516",10,10.6174766056638,10,0.617476605663805,0.617476605663805,0
"375749",10,11.6038755254745,10,1.60387552547452,1.60387552547452,0
"38893",9.5131449455234,5.32549717728237,6.33197933065815,-1.00648215337579,-4.18764776824104,-3.18116561486525
"399269",3.81589033057044,4.67767803307882,4.40400690836008,0.273671124718739,0.861787702508384,0.588116577789645
"399559",10,8.72577698598732,10,-1.27422301401268,-1.27422301401268,0
"406071",4.04029215342024,3.98510470325687,4.00179002334044,-0.0166853200835742,-0.0551874501633667,-0.0385021300797925
"4124",10,10.6174766056638,10,0.617476605663805,0.617476605663805,0
"412647",9.35224809622379,5.68531463959885,6.5773953135912,-0.892080673992349,-3.66693345662494,-2.77485278263259
"414355",3.5732265356999,5.02052833106638,4.55474883897275,0.465779492093632,1.44730179536648,0.981522303272848
"414550",10,10.3944946854715,10,0.394494685471539,0.394494685471539,0
"418248",3.15794285944973,5.70101492492979,4.85947155801653,0.841543366913259,2.54307206548005,1.70152869856679
"431138",10,8.82662387473211,10,-1.17337612526789,-1.17337612526789,0
"439280",10,8.72577698598732,10,-1.27422301401268,-1.27422301401268,0
"446739",9.53928429507471,5.38385672916571,6.38294663019857,-0.999089901032864,-4.155427565909,-3.15633766487614
"449629",10,11.4034223920383,10,1.40342239203828,1.40342239203828,0
"450811",10,11.4034223920383,10,1.40342239203828,1.40342239203828,0
"464280",8.92726886349161,6.677885202646,7.25043358006595,-0.572548377419951,-2.24938366084562,-1.67683528342567
"476444",4.08714837634513,4.32648105725548,4.25058187900438,0.0758991782511025,0.239332680910353,0.163433502659251
"484019",3.56241711364505,4.78479041155079,4.39677389573075,0.388016515820045,1.22237329790574,0.834356782085697
"502473",10,15.1805308906514,10,5.18053089065141,5.18053089065141,0
"514283",3.33185956407766,4.8417869820415,4.36753330197659,0.474253680064911,1.50992741796384,1.03567373789893
"535172",10,15.1805308906514,10,5.18053089065141,5.18053089065141,0
"543446",3.63533052747692,4.71019864267923,4.37042800318601,0.339770639493224,1.07486811520231,0.735097475709083
"561151",1.60650404673963,1.82859528557389,1.77030491372004,0.0582903718538457,0.222091238834264,0.163800866980419
"566614",10,15.1805308906514,10,5.18053089065141,5.18053089065141,0
"66062",10,11.4034223920383,10,1.40342239203828,1.40342239203828,0
"77549",10,15.1805308906514,10,5.18053089065141,5.18053089065141,0
"88480",10,15.1805308906514,10,5.18053089065141,5.18053089065141,0
"92046",10,8.82662387473211,10,-1.17337612526789,-1.17337612526789,0
"9271",10,15.1805308906514,10,5.18053089065141,5.18053089065141,0
"287651",0.0443643619998623,0.285499507171431,0.171917330411806,0.113582176759625,0.241135145171568,0.127552968411944
"268071",2.22891080233389,2.12635022501355,2.15943527120146,-0.0330850461879098,-0.102560577320339,-0.0694755311324289
"103659",4.33700301287636,1.31751267177814,2.27133637988604,-0.953823708107901,-3.01949034109822,-2.06566663299032
"119049",7.63361848132897,1.22049979490377,7.63361848132897,-6.4131186864252,-6.4131186864252,0
"35862",6.99313675689832,2.50400082850923,3.84193282510058,-1.33793199659136,-4.48913592838909,-3.15120393179773
"402039",10,5.11064465730412,8.32518869011586,-3.21454403281174,-4.88935534269588,-1.67481130988414
"496228",10,3.73206409278505,7.3657022730086,-3.63363818022355,-6.26793590721495,-2.6342977269914
"572838",0.703500800556478,0.585877823189425,0.629841057281478,-0.0439632340920524,-0.117622977367053,-0.0736597432750005
"351648",3.45829584730954,5.51746677851664,4.8024590871388,0.715007691377838,2.0591709312071,1.34416323982926
"352776",2.33561638826674,3.48174285140094,3.04687041676469,0.434872434636254,1.1461264631342,0.711254028497945
"427778",2.72387055410195,2.74848831839579,2.73958231584442,0.00890600255136897,0.0246177642938394,0.0157117617424705
"533498",8.36684298077611,6.23624976077627,6.77601601131607,-0.539766250539801,-2.13059321999984,-1.59082696946004
"570391",1.43303527157776,1.70066970670252,1.60553710554158,0.0951326011609432,0.267634435124761,0.172501833963818
"88968",2.79660295651635,2.66700850966006,2.71329289076319,-0.0462843811031326,-0.129594446856293,-0.0833100657531607
"435680",6.60303604623946,2.87979450344855,3.59439215865182,-0.714597655203278,-3.72324154279092,-3.00864388758764
"255437",3.49964663878206,2.56633824136747,2.91419691748539,-0.347858676117913,-0.933308397414585,-0.585449721296673
"441641",1.06686339232151,3.67112856488625,2.73157668447498,0.939551880411269,2.60426517256474,1.66471329215347
"487143",0.0930372805845284,0.409728744150375,0.295402777173518,0.114325966976857,0.316691463565847,0.20236549658899
"140726",1e-08,0.642499122403139,0.312550462071082,0.329948660332057,0.642499112403139,0.312550452071082
"543207",2.49826820750318,1.22376796392392,1.70043694965534,-0.476668985731421,-1.27450024357926,-0.797831257847839
"208647",3.41159355914405,2.38175014094763,2.75444960551829,-0.372699464570657,-1.02984341819642,-0.657143953625763
"427827",4.77574170385248,3.20908502509841,3.67606221957493,-0.466977194476526,-1.56665667875407,-1.09967948427755
"157857",1.94339969065506,2.01688907078345,1.98742602756799,0.0294630432154586,0.0734893801283976,0.044026336912939
"222694",6.77004374861316,1.76363485961773,3.07475204090278,-1.31111718128505,-5.00640888899543,-3.69529170771038
"229192",0.696059398976344,2.01073642605812,1.44362895154973,0.567107474508389,1.31467702708177,0.747569552573385
"55999",1.72984058690403,4.84567923038488,3.50669701263728,1.3389822177476,3.11583864348084,1.77685642573325
"90388",0.832371209827499,2.14317309532835,1.55017146504685,0.593001630281497,1.31080188550085,0.717800255219351
"486903",1.34503468420184,0.888708257182227,1.05940861290174,-0.170700355719508,-0.456326427019611,-0.285626071300103
"323230",0.0845100987699235,0.632456155757773,0.408811817351376,0.223644338406396,0.547946056987849,0.324301718581453
"61376",2.22538168266242,2.22951960675407,2.23068242499585,-0.00116281824177422,0.00413792409165792,0.00530074233343214
"445803",2.0093148142087,3.96292814849753,3.20410671554535,0.758821432952184,1.95361333428883,1.19479190133665
"65114",1.2527640206964,2.19219082129479,1.83478639525619,0.357404426038601,0.939426800598392,0.582022374559792
"454788",0.275722692396311,0.250609420670486,0.262367049586908,-0.0117576289164216,-0.0251132717258251,-0.0133556428094035
"423357",1.48360834133956,0.803514798295409,1.05462801500284,-0.25111321670743,-0.680093543044153,-0.428980326336723
"258579",1.97511859796532,1.17641398268896,1.44803265283169,-0.271618670142733,-0.798704615276366,-0.527085945133632
"402340",1.95384871642277,1.43500758837575,1.62249140984514,-0.187483821469391,-0.518841128047018,-0.331357306577628
"402548",3.22018921562716,2.50917442308961,2.76630597156761,-0.257131548477996,-0.71101479253755,-0.453883244059554
"447885",0.522240511221708,0.716960337925316,0.643479577115164,0.0734807608101518,0.194719826703608,0.121239065893456
"341809",0.0915998319383673,1.49226740838603,0.824082638209633,0.668184770176395,1.40066757644766,0.732482806271265
"364572",0.835065983474468,1.55321200670263,1.24186174213945,0.311350264563171,0.718146023228158,0.406795758664987
"237373",2.43034526809915,2.58182301884787,2.52733079587613,0.0544922229717364,0.151477750748718,0.0969855277769818
"150266",1e-08,0.381185497237018,0.188465431020269,0.192720066216748,0.381185487237018,0.18846542102027
"202030",1.77811262869803,1.57546559152751,1.6529076728409,-0.0774420813133914,-0.202647037170514,-0.125204955857122
"488818",3.43522584923352,2.27822724828912,2.69445566074806,-0.416228412458944,-1.1569986009444,-0.740770188485457
"533828",0.653322356604176,3.31027951091867,2.12108600202359,1.18919350889508,2.6569571543145,1.46776364541942
"492840",1e-08,0.193277010468728,0.100035297542009,0.0932417129267184,0.193277000468728,0.100035287542009
"321219",2.57861559419563,1.23522937587529,1.73431351750651,-0.499084141631228,-1.34338621832034,-0.844302076689117
"229157",3.57608222784649,4.30551744502047,4.06696424854703,0.23855319647344,0.729435217173984,0.490882020700544
"286809",0.716115120766646,0.827019708096125,0.780811453217364,0.0462082548787611,0.110904587329479,0.0646963324507182
"85339",0.684975093907492,1.63143586256584,1.24047439062379,0.390961471942048,0.946460768658346,0.555499296716298
"18338",10,3.85757977474344,5.8987167304302,-2.04113695568676,-6.14242022525656,-4.1012832695698
"20126",3.77216597882148,1.68495538424893,2.37505231198673,-0.690096927737806,-2.08721059457255,-1.39711366683474
"354548",10,3.53979439569719,5.4483351424584,-1.90854074676122,-6.46020560430281,-4.5516648575416
"523730",0.0659865849070688,0.185098395409211,0.132220256124555,0.0528781392846558,0.119111810502143,0.0662336712174867
"69837",1.17437094958818,1.17962718397018,1.17739313616955,0.00223404780063108,0.00525623438200196,0.00302218658137088
"226272",1.30892553001545,1.06442213799064,1.16106558525621,-0.096643447265566,-0.244503392024806,-0.14785994475924
"463946",0.102707786671584,2.03386427256673,1.11036934402187,0.923494928544853,1.93115648589514,1.00766155735029
"548285",0.233546390555446,0.544034385500986,0.410345618405295,0.13368876709569,0.31048799494554,0.176799227849849
"109926",1.26983476097225,1.39845732820332,1.34373988840651,0.0547174397968173,0.128622567231075,0.0739051274342573
"425485",1.1636377416414,2.2505484939386,1.80272802314779,0.447820470790805,1.0869107522972,0.639090281506396
"157048",1.18942889475872,2.0256350668492,1.70729817498285,0.31833689186635,0.83620617209048,0.517869280224131
"158410",8.99914205095082,6.35541883236431,7.02171738710441,-0.666298554740103,-2.64372321858652,-1.97742466384642
"193428",8.03311493618295,6.83339392118518,7.14591152286666,-0.312517601681486,-1.19972101499778,-0.88720341331629
"21125",7.37980729535713,7.81021011544145,7.69757452416101,0.112635591280441,0.430402820084319,0.317767228803878
"216023",10,9.80446066689925,10,-0.195539333100745,-0.195539333100745,0
"21799",9.5526168957098,6.0196304806622,6.89904594238672,-0.879415461724515,-3.5329864150476,-2.65357095332308
"234914",1.03296415316481,2.48704938804431,1.90583405746889,0.581215330575418,1.4540852348795,0.872869904304085
"245131",10,5.07185567383425,6.33803573309462,-1.26618005926037,-4.92814432616575,-3.66196426690538
"253806",10,9.80446066689925,10,-0.195539333100745,-0.195539333100745,0
"34551",2.67102377316069,3.43660343493872,3.13802816975194,0.298575265186786,0.765579661778032,0.467004396591246
"370945",2.92903393222575,6.48695465636452,5.20203749763223,1.28491715873229,3.55792072413877,2.27300356540648
"386067",1.88610181630569,4.12382861948968,3.24295768654477,0.88087093294491,2.237726803184,1.35685587023909
"424517",0.910288088749166,2.21088793076244,1.72507438924213,0.48581354152031,1.30059984201328,0.814786300492967
"573362",4.54640556696462,4.59634770090498,4.58004237398666,0.0163053269183129,0.0499421339403598,0.033636807022047
"63744",7.37980729535713,7.81021011544145,7.69757452416101,0.112635591280441,0.430402820084319,0.317767228803878
"251252",0.198250890769362,0.87866176365358,0.5256941473684,0.35296761628518,0.680410872884218,0.327443256599038
"383173",2.78070547220191,0.847642932844137,1.49638940422665,-0.648746471382512,-1.93306253935778,-1.28431606797526
"204203",5.10135909894231,2.85591328584091,3.50805569840238,-0.652142412561468,-2.2454458131014,-1.59330340053994
"274301",1e-08,1.10288974701693,0.544388435985822,0.558501311031109,1.10288973701693,0.544388425985822
"5258",0.428832777086453,0.425390275487354,0.426861363349878,-0.00147108786252359,-0.0034425015990992,-0.00197141373657561
"298819",0.34510157863694,0.545116204675549,0.456535220799268,0.0885809838762816,0.200014626038609,0.111433642162328
"155632",1e-08,0.0584256099899119,0.0263131774483186,0.0321124325415933,0.0584255999899119,0.0263131674483186
"162985",0.410401813062486,0.437644438305354,0.425972492454444,0.0116719458509104,0.0272426252428684,0.0155706793919581
"345799",0.519088626364266,0.790590494372177,0.685172286050678,0.105418208321499,0.271501868007911,0.166083659686412
"114375",0.0618445640246535,0.356486305671846,0.218181906638906,0.13830439903294,0.294641741647192,0.156337342614252
"189758",1.77335260413623,2.50284496062971,2.19223939638399,0.31060556424572,0.729492356493488,0.418886792247767
"63774",1.96944917544819,3.56963921187824,2.96289959069565,0.606739621182589,1.60019003643005,0.99345041524746
"155235",4.24448237162685,2.67075429200559,3.08719696617389,-0.416442674168304,-1.57372807962126,-1.15728540545295
"321198",0.771093616554306,1.34934383775604,1.12468321835889,0.224660619397152,0.578250221201734,0.353589601804582
"335848",0.578065594809419,1.78080994074452,1.27829403322546,0.502515907519063,1.2027443459351,0.700228438416038
"218696",1.83683438710002,1.49248286485328,1.61829160355396,-0.125808738700679,-0.344351522246745,-0.218542783546066
"12952",1.19765860052189,1.85705452159085,1.61593634198846,0.24111817960239,0.659395921068969,0.418277741466579
"68946",0.376764860548306,0.245616258716413,0.291075158011311,-0.0454588992948984,-0.131148601831893,-0.0856897025369949
"296229",0.568613260543354,2.96329247263742,1.94946251192605,1.01382996071138,2.39467921209407,1.38084925138269
"303128",2.29356354756585,1.45247159202617,1.77493566222948,-0.322464070203316,-0.841091955539688,-0.518627885336372
"229238",6.35329414551259,2.67891218521856,3.78072115960795,-1.10180897438939,-3.67438196029403,-2.57257298590464
"379067",3.76675989377266,2.13675901206861,2.72161428121246,-0.584855269143852,-1.63000088170405,-1.04514561256019
"278583",1e-08,0.113492307152317,0.0572552338603767,0.0562370732919399,0.113492297152317,0.0572552238603767
"228814",1e-08,2.78995392778854,1.50617451315781,1.28377941463073,2.78995391778854,1.50617450315781
"238781",0.702576724873823,1.34214922876844,1.10490165755697,0.237247571211471,0.639572503894616,0.402324932683145
"10734",0.0272591840083723,0.406255372907964,0.230617403249944,0.17563796965802,0.378996188899591,0.203358219241571
"158029",0.769883896584757,0.808094405175765,0.791427070749876,0.0166673344258895,0.0382105085910079,0.0215431741651184
"108201",10,10.4375564543494,10,0.437556454349421,0.437556454349421,0
"136389",0.175663169282015,1.73169351648652,1.06372767850684,0.667965837979682,1.55603034720451,0.888064509224824
"237713",9.81017374140456,5.28416290514597,6.39896831896218,-1.1148054138162,-4.52601083625858,-3.41120542244238
"301695",2.12812610026296,3.27760410360731,2.84763853625132,0.429965567355983,1.14947800334435,0.719512435988362
"309978",2.55908271418837,6.79237243301096,5.25929802972915,1.53307440328181,4.23328971882259,2.70021531554078
"343268",4.93663947298516,3.81263423262899,4.17308613668535,-0.36045190405636,-1.12400524035618,-0.763553336299817
"395439",10,10.4375564543494,10,0.437556454349421,0.437556454349421,0
"402424",7.24827680421558,7.66431082191472,7.55568599527082,0.108624826643895,0.416034017699134,0.30740919105524
"409924",3.85230933195206,5.04533332427163,4.64052500563839,0.404808318633243,1.19302399231958,0.788215673686336
"45848",2.22207308006882,3.66536730626192,3.1011720431787,0.564195263083217,1.4432942261931,0.879098963109888
"499806",4.27535530068221,4.79181683878854,4.61936859224626,0.172448246542279,0.516461538106332,0.344013291564053
"533610",6.86767324788307,8.22403971376158,7.86409342887408,0.359946284887504,1.35636646587851,0.996420180991008
"59543",7.1392573173869,7.79149148373893,7.61900281818303,0.172488665555899,0.65223416635203,0.479745500796131
"65726",1.32074187835699,1.02528805535976,1.11795410687113,-0.0926660515113729,-0.295453822997233,-0.20278777148586
"40877",1.53040252579801,1.6236957802824,1.5901455900695,0.0335501902128925,0.093293254484391,0.0597430642714984
"573581",1.13765061051681,4.10796251018869,2.94206876025715,1.16589374993154,2.97031189967188,1.80441814974034
"122243",1.02082470773974,2.08034515013678,1.59004994539877,0.490295204738013,1.05952044239704,0.569225237659028
"19753",1.97028849855722,2.87798114017227,2.57289653370146,0.305084606470808,0.907692641615047,0.60260803514424
"295894",0.289101270980753,0.41324966746872,0.365051231401854,0.048198436066866,0.124148396487967,0.0759499604211009
"247725",1e-08,1.26882842291273,0.649252060281356,0.619576362631371,1.26882841291273,0.649252050281355
"499491",0.18518653793827,0.801618627759506,0.574211040121273,0.227407587638234,0.616432089821236,0.389024502183002
"269014",1e-08,0.66729746912127,0.289205581067044,0.378091888054226,0.66729745912127,0.289205571067044
"350888",0.174785368376518,0.995723917838976,0.584392460343868,0.411331457495107,0.820938549462457,0.40960709196735
"315367",0.0362627784158931,0.595688346763776,0.356093898133886,0.23959444862989,0.559425568347883,0.319831119717993
"234738",0.148954585210331,0.909494518706411,0.540212423450581,0.369282095255831,0.760539933496081,0.39125783824025
"320493",0.495905579666586,1.10486331660857,0.833643135416911,0.271220181191664,0.608957736941989,0.337737555750325
"300987",1e-08,0.29317698356786,0.148982118872085,0.144194864695775,0.29317697356786,0.148982108872085
"466147",2.14352954730526,1.31656097783307,1.61606048181824,-0.299499503985172,-0.82696856947219,-0.527469065487019
"377047",0.072156302390034,0.319106664639978,0.197604608982035,0.121502055657943,0.246950362249944,0.125448306592001
"463357",0.177722182808509,0.208058945472273,0.193168732394565,0.014890213077708,0.0303367626637639,0.0154465495860559
"19746",0.221916141698339,0.251798178866645,0.237441020869665,0.0143571579969802,0.0298820371683065,0.0155248791713263
"297609",0.0152344045729078,1.27441797170118,0.73546136395054,0.538956607750635,1.25918356712827,0.720226959377632
"333891",0.32657121675606,0.83389198861189,0.580432646761258,0.253459341850632,0.507320771855831,0.253861430005199
"1656",0.209082937115234,0.636229360082748,0.446697741371516,0.189531618711233,0.427146422967514,0.237614804256282
"475778",0.207115901008439,0.29989907065802,0.257560213013918,0.0423388576441023,0.0927831696495807,0.0504443120054783
"450727",0.823501273919574,1.59909505134209,1.2756567325713,0.323438318770793,0.775593777422518,0.452155458651725
"549534",0.251630291737075,0.180862153946677,0.212740306188237,-0.0318781522415595,-0.070768137790398,-0.0388899855488385
"307840",0.597850873272933,1.13457218204535,0.888742134797104,0.245830047248245,0.536721308772416,0.290891261524171
"192090",1.84600643285094,2.12254649225398,2.00693854187359,0.115607950380391,0.276540059403033,0.160932109022642
"329123",4.29405826296088,3.09678765955457,3.46032668001157,-0.363539020456999,-1.19727060340631,-0.833731582949309
"568368",1e-08,0.473881581530717,0.226140961682671,0.247740619848046,0.473881571530717,0.226140951682671
"325110",3.77186728152132,1.77920350495229,2.46036818620417,-0.681164681251881,-1.99266377656903,-1.31149909531715
"46201",0.106895461456869,0.476252149698509,0.278391403330302,0.197860746368207,0.36935668824164,0.171495941873432
"295571",0.685050204937777,1.97263452946657,1.40583483543137,0.566799694035193,1.28758432452879,0.720784630493595
"121092",0.654175891918799,0.59809878297276,0.619621719093852,-0.0215229361210924,-0.0560771089460388,-0.0345541728249464
"205128",4.95323605718447,4.55105120467068,4.68549880891462,-0.134447604243943,-0.402184852513786,-0.267737248269843
"326530",2.32960758554428,3.8026445873112,3.2237689662422,0.578875621069006,1.47303700176693,0.89416138069792
"382397",2.21633028707578,4.03043253414459,3.31105855760081,0.719373976543784,1.81410224706882,1.09472827052503
"179162",9.68390671248671,5.95214793336423,6.8756947374191,-0.923546804054867,-3.73175877912248,-2.80821197506762
"210340",9.68390671248671,5.95214793336423,6.8756947374191,-0.923546804054867,-3.73175877912248,-2.80821197506762
"288847",2.3853983015501,3.8972177430072,3.3034462701919,0.593771472815295,1.51181944145709,0.9180479686418
"329957",7.87237031215353,7.20501091037342,7.37902448648338,-0.174013576109953,-0.66735940178011,-0.493345825670157
"124297",1.04508063798692,2.24963199267616,1.80015459323787,0.449477399438286,1.20455135468924,0.755073955250954
"136492",3.1463063952455,1.87321429547203,2.29074421410758,-0.417529918635552,-1.27309209977347,-0.85556218113792
"161556",10,8.56941426779993,10,-1.43058573220007,-1.43058573220007,0
"362337",3.2644272512387,2.16300380365158,2.5505181139073,-0.387514310255724,-1.10142344758712,-0.713909137331397
"496354",4.80752439168596,4.36707757106266,4.51067997633348,-0.143602405270821,-0.440446820623302,-0.296844415352481
"55140",0.986646784648908,2.8060233764099,2.0726878798678,0.733335496542101,1.81937659176099,1.08604109521889
"553671",2.47328850425905,2.82472509695387,2.69972601124156,0.124999085712315,0.351436592694819,0.226437506982504
"566976",7.69347200205957,7.04324141493172,7.2107126327467,-0.167471217814974,-0.650230587127841,-0.482759369312867
"236556",2.17769047733453,1.63963743613856,1.8490455077897,-0.209408071651138,-0.538053041195971,-0.328644969544833
"266976",1.08870482908418,1.61805336243584,1.38788657681522,0.230166785620617,0.529348533351652,0.299181747731035
"395206",0.496589171843569,1.92805904226782,1.30849454028448,0.619564501983343,1.43146987042425,0.81190536844091
"159123",2.91254979120886,1.45009616887941,1.90809057047153,-0.457994401592118,-1.46245362232945,-1.00445922073733
"171585",10,7.12320713178238,9.91982898368036,-2.79662185189798,-2.87679286821762,-0.0801710163196354
"255560",10,4.32394334688643,5.81861659809546,-1.49467325120903,-5.67605665311357,-4.18138340190454
"265973",10,4.01905342863872,5.62871244160014,-1.60965901296143,-5.98094657136128,-4.37128755839986
"300740",4.53627885823208,3.82840817264605,4.0543073043352,-0.225899131689154,-0.707870685586033,-0.481971553896879
"359512",10,6.20380319834732,9.1859014743119,-2.98209827596457,-3.79619680165268,-0.814098525688102
"485968",4.8799063922188,3.42448435948237,3.87716877546268,-0.452684415980313,-1.45542203273644,-1.00273761675613
"546709",10,8.20361066442554,10,-1.79638933557446,-1.79638933557446,0
"161544",0.0218237708929329,0.227313915520262,0.126620070099548,0.100693845420713,0.205490144627329,0.104796299206615
"480696",0.224817913045356,0.681119328563386,0.479203769587341,0.201915558976045,0.45630141551803,0.254385856541985
"115442",2.25707902735662,3.43545329365258,2.99452929711209,0.440923996540492,1.17837426629596,0.737450269755469
"486906",0.14889476479896,0.610390505184476,0.404484596336392,0.205905908848084,0.461495740385516,0.255589831537431
"476773",1.81029958472374,2.05758674521927,1.95712877920592,0.100457966013355,0.247287160495534,0.146829194482179
"252993",2.63605379201552,6.48744430700118,5.14494624797402,1.34249805902716,3.85139051498565,2.50889245595849
"535977",2.8049934936019,3.47478470509862,3.21520453983496,0.259580165263658,0.669791211496715,0.410211046233057
"547338",2.63605379201552,6.48744430700118,5.14494624797402,1.34249805902716,3.85139051498565,2.50889245595849
"75956",1.08651160859709,2.59398452445375,1.99327475423576,0.600709770217987,1.50747291585666,0.90676314563867
"76969",1.78913366269583,4.59664696663927,3.47507339775593,1.12157356888334,2.80751330394344,1.6859397350601
"140993",2.90380202892876,1.84177846878055,2.18888353350639,-0.347105064725843,-1.06202356014821,-0.714918495422368
"68989",0.935555964821343,0.258745586266637,0.547797227092872,-0.289051640826235,-0.676810378554706,-0.387758737728471
"108653",4.95197369592755,5.0913604165211,5.06221080541684,0.0291496111042582,0.139386720593551,0.110237109489293
"416768",1.84782543790038,1.41179319246033,1.56610111748226,-0.154307925021929,-0.436032245440047,-0.281724320418119
"520491",1e-08,1.93928367775142,0.977649837946137,0.961633839805284,1.93928366775142,0.977649827946137
"213202",1.50194426067289,0.91731001328846,1.1446372019374,-0.227327188648943,-0.584634247384428,-0.357307058735486
"88837",1.88930465007094,1.65132793202055,1.74190920660421,-0.0905812745836554,-0.237976718050389,-0.147395443466734
"262643",0.22176550561516,0.365932295695367,0.292802698293935,0.0731295974014321,0.144166790080207,0.0710371926787753
"538608",0.895047497292829,1.64886351060513,1.32944593013773,0.319417580467391,0.753816013312296,0.434398432844905
"212341",1e-08,0.198215005909791,0.0967361361057667,0.101478869804024,0.198214995909791,0.0967361261057667
"174102",2.13519372227126,2.56497046068636,2.41759467237962,0.147375788306739,0.429776738415099,0.28240095010836
"211145",0.83409576886579,1.1736822596905,1.04919507382424,0.124487185866262,0.339586490824709,0.215099304958447
"36619",1.53904365849393,1.97464478374169,1.80571008406704,0.168934699674647,0.435601125247757,0.26666642557311
"252068",0.827269841754664,0.950306332996946,0.895052020994041,0.0552543120029046,0.123036491242282,0.0677821792393775
"172102",0.935922009840968,1.59130803137338,1.31098734552831,0.28032068584507,0.655386021532417,0.375065335687347
"291872",3.82095209841142,2.30972890241584,2.86068210339868,-0.550953200982835,-1.51122319599558,-0.960269995012748
"302201",0.0661015827848746,0.436410357898099,0.252369134084582,0.184041223813517,0.370308775113224,0.186267551299708
"349425",0.0647954686005458,0.500169781192956,0.315523286924371,0.184646494268585,0.43537431259241,0.250727818323825
"92301",1e-08,0.616524498597995,0.267928000251932,0.348596498346063,0.616524488597995,0.267927990251932
"72913",0.501058550319561,0.569060722910829,0.537445995286961,0.0316147276238685,0.0680021725912683,0.0363874449673998
"32179",0.948130130395945,1.03165980747774,1.00066985329964,0.0309899541781005,0.083529677081796,0.0525397229036956
"260182",1.92758061111305,2.17259700803062,2.07026736072471,0.102329647305905,0.245016396917569,0.142686749611664
"555336",0.770439915541817,1.23119808460411,1.05572123876834,0.175476845835776,0.460758169062293,0.285281323226518
"334706",6.04539808569566,2.1260717916072,3.181775845121,-1.0557040535138,-3.91932629408847,-2.86362224057467
"232098",1e-08,0.966313814965049,0.421172823488978,0.545140991476071,0.966313804965049,0.421172813488978
"512250",0.0843252265026173,0.240111299906476,0.170936460212712,0.0691748396937636,0.155786073403859,0.086611233710095
"462432",0.0688377836069041,0.188940286989951,0.132702327679992,0.0562379593099586,0.120102503383047,0.0638645440730884
"47579",9.65982702118169,4.11695035336218,5.37115920874681,-1.25420885538463,-5.54287666781951,-4.28866781243488
"176238",1.80514268677835,0.724938036106683,1.13178309682096,-0.406845060714273,-1.08020465067167,-0.673359589957394
"270034",2.76682688003208,1.25288372794317,1.83038404068961,-0.577500312746446,-1.51394315208891,-0.936442839342468
"571577",2.08004730324893,1.91733276242599,1.98398694185486,-0.066654179428864,-0.162714540822939,-0.0960603613940751
"238457",1.97956960521659,2.45163908286741,2.25003152357764,0.201607559289765,0.472069477650821,0.270461918361056
"415031",0.598491424504432,1.42113482031645,1.03315943245271,0.387975387863737,0.822643395812018,0.434668007948282
"549872",3.75926922671384,4.85526261522177,4.48439534016597,0.370867275055796,1.09599338850793,0.725126113452131
"500652",0.403964114594267,0.405483692322588,0.404858864842922,0.000624827479665913,0.00151957772832068,0.000894750248654763
"108177",3.19257829429319,2.81318310365137,2.95497763386741,-0.141794530216043,-0.379395190641825,-0.237600660425782
"159212",5.0812254862784,4.38617486612538,4.61624568808275,-0.230070821957375,-0.695050620153021,-0.464979798195645
"160825",1.30059297906995,3.10134956101917,2.32376486310088,0.777584697918294,1.80075658194922,1.02317188403093
"187563",10,9.10584291759376,10,-0.894157082406238,-0.894157082406238,0
"207261",2.93088425373241,3.54783150373214,3.30476952255741,0.243061981174721,0.616947249999723,0.373885268825002
"25923",10,9.10584291759376,10,-0.894157082406238,-0.894157082406238,0
"319074",3.68539625231505,2.14708469263702,2.69485826816521,-0.547773575528182,-1.53831155967803,-0.990537984149847
"38721",10,9.10584291759376,10,-0.894157082406238,-0.894157082406238,0
"418890",10,9.10584291759376,10,-0.894157082406238,-0.894157082406238,0
"524333",10,9.10584291759376,10,-0.894157082406238,-0.894157082406238,0
"537264",2.7746717519821,3.05904661628164,2.9532627915365,0.10578382474514,0.284374864299544,0.178591039554403
"415771",0.337437936919741,0.493321763395881,0.427048200692298,0.0662735627035833,0.155883826476141,0.0896102637725573
"460648",4.07425120603739,4.88391707925935,4.61446591080621,0.269451168453136,0.809665873221958,0.540214704768822
"225573",0.694791656437913,1.19471468611954,0.958372250894151,0.236342435225393,0.499923029681632,0.263580594456238
"267716",2.98887905451743,2.52811326929774,2.69231857062865,-0.164205301330909,-0.460765785219684,-0.296560483888776
"420365",0.130781405272183,1.14018976544516,0.718814410881052,0.421375354564108,1.00940836017298,0.588033005608869
"151311",1.69036245713639,0.807093545664892,1.14789354795227,-0.340800002287375,-0.883268911471499,-0.542468909184123
"544644",0.304845076385458,0.359072518792818,0.331926084422897,0.0271464343699211,0.0542274424073607,0.0270810080374396
"528628",0.704389928412491,1.00222714958963,0.868238806215577,0.133988343374054,0.29783722117714,0.163848877803086
"8820",1.63778893424992,4.01910082285977,3.04511863988165,0.973982182978121,2.38131188860985,1.40732970563173
"265362",1.4016350767023,0.831050982073974,1.04774100467763,-0.21669002260366,-0.570584094628323,-0.353894072024662
"177490",0.506760249454718,0.458300666640408,0.480523889896213,-0.0222232232558051,-0.0484595828143096,-0.0262363595585046
"124764",3.05659102848172,3.37695457377036,3.25069633467075,0.126258239099603,0.320363545288636,0.194105306189033
"83237",0.851293094373782,0.628064619738424,0.716835273290223,-0.0887706535517986,-0.223228474635357,-0.134457821083559
"390670",2.65009193596935,1.19786987411738,1.7439888564881,-0.546118982370717,-1.45222206185196,-0.906103079481245
"77755",0.102206092335489,0.851630905634083,0.500698945693144,0.350931959940939,0.749424813298593,0.398492853357655
"118845",0.1180807187921,0.540827316901527,0.324866743450453,0.215960573451074,0.422746598109427,0.206786024658354
"509558",0.919271036237706,0.798541927477614,0.850797691172563,-0.0522557636949489,-0.120729108760092,-0.0684733450651428
"125101",0.27874915097949,1.01062627027713,0.692262692416646,0.318363577860483,0.731877119297639,0.413513541437156
"432418",1e-08,0.440703200184056,0.229148706522826,0.21155449366123,0.440703190184056,0.229148696522826
"318712",0.0745211990537094,0.0481330195331892,0.0605886094773407,-0.0124555899441516,-0.0263881795205202,-0.0139325895763687
"114160",10,3.49247358178796,5.43529443246768,-1.94282085067972,-6.50752641821204,-4.56470556753232
"149050",10,4.30085094496272,5.96014727679775,-1.65929633183503,-5.69914905503728,-4.03985272320225
"157973",10,9.62222595639644,10,-0.377774043603555,-0.377774043603555,0
"168269",10,9.62222595639644,10,-0.377774043603555,-0.377774043603555,0
"193805",10,5.93832214770088,9.19835975402397,-3.26003760632308,-4.06167785229912,-0.801640245976031
"209746",10,3.92004632962401,5.78202042410887,-1.86197409448486,-6.07995367037599,-4.21797957589113
"212111",10,9.62222595639644,10,-0.377774043603555,-0.377774043603555,0
"245119",10,3.80233929406288,5.63718399980065,-1.83484470573776,-6.19766070593712,-4.36281600019935
"249046",10,7.68839101940068,10,-2.31160898059932,-2.31160898059932,0
"383886",10,2.98376785986028,5.19845333805633,-2.21468547819605,-7.01623214013972,-4.80154666194367
"387294",10,9.62222595639644,10,-0.377774043603555,-0.377774043603555,0
"416368",10,5.93832214770088,9.19835975402397,-3.26003760632308,-4.06167785229912,-0.801640245976031
"423472",10,5.93832214770088,9.19835975402397,-3.26003760632308,-4.06167785229912,-0.801640245976031
"431142",10,9.62222595639644,10,-0.377774043603555,-0.377774043603555,0
"436692",10,3.955009818278,5.80072731908627,-1.84571750080827,-6.044990181722,-4.19927268091373
"546083",10,9.62222595639644,10,-0.377774043603555,-0.377774043603555,0
"576136",10,6.32594150148407,9.31846493926655,-2.99252343778248,-3.67405849851593,-0.681535060733452
"277976",0.19568414888687,0.222393191675031,0.209915997435873,0.0124771942391581,0.0267090427881613,0.0142318485490032
"100261",1.04887421206236,2.48005451132935,1.92424459562218,0.55580991570717,1.43118029926699,0.875370383559817
"287554",1.21218622217285,1.45218598783775,1.34997176401904,0.102214223818712,0.239999765664901,0.137785541846189
"507224",1e-08,0.740596563214219,0.409570014261352,0.331026548952866,0.740596553214219,0.409570004261352
"376166",5.06229827146455,3.59444063763275,4.05288440491604,-0.45844376728329,-1.4678576338318,-1.00941386654851
"461678",3.62408676480484,1.58693576411533,2.24059638127848,-0.653660617163149,-2.03715100068951,-1.38349038352636
"393913",1.80531888418737,2.0247187825963,1.9382196792196,0.0864991033767015,0.219399898408925,0.132900795032223
"544077",0.481432415829752,1.07205142910552,0.818216518324053,0.253834910781467,0.590619013275768,0.336784102494301
"100638",0.281330539909114,1.31327157221994,0.757570888375165,0.555700683844776,1.03194103231083,0.47624034846605
"113838",1e-08,4.74761429510617,3.40850577106552,1.33910852404064,4.74761428510617,3.40850576106552
"269015",1.00628276356738,1.02353855964161,1.01711847258716,0.00642008705445396,0.0172557960742286,0.0108357090197746
"176835",0.468699157927733,0.878360724719913,0.716353239644998,0.162007485074915,0.409661566792181,0.247654081717265
"91289",1.23234482156858,2.42078587797737,1.94773483099626,0.47305104698111,1.18844105640879,0.71539000942768
"29480",1.37881548514971,1.39404605630005,1.38743176030762,0.00661429599242935,0.0152305711503458,0.00861627515791641
"29511",4.88010732915127,2.98510123649383,3.53978558556157,-0.554684349067737,-1.89500609265744,-1.3403217435897
"58789",1.88091728426965,0.909136672378646,1.31034315073228,-0.401206478353633,-0.971780611891006,-0.570574133537373
"79163",0.4794672135571,0.469071068047322,0.472701181717958,-0.00363011367063554,-0.0103961455097776,-0.00676603183914209
"181576",0.0276786723082656,0.752072453620569,0.409474704751947,0.342597748868622,0.724393781312304,0.381796032443682
"426649",0.789024906346607,0.66957768659893,0.716640185951486,-0.047062499352556,-0.119447219747677,-0.0723847203951207
"367901",0.446718413539881,1.30590714463933,0.912699953128056,0.393207191511278,0.859188731099453,0.465981539588175
"538498",1e-08,0.661011931827256,0.363627184951913,0.297384746875343,0.661011921827256,0.363627174951913
"253165",4.28439126885004,1.85550415615854,2.47043697720282,-0.614932821044279,-2.4288871126915,-1.81395429164722
"466170",0.639374667917539,0.573205977808689,0.604752399810527,-0.0315464220018384,-0.0661686901088505,-0.0346222681070121
"328076",0.130301601471777,0.584427713202151,0.365710643571768,0.218717069630384,0.454126111730374,0.235409042099991
"177842",4.4157191776586,5.29310505617148,5.10940619629733,0.183698859874146,0.877385878512878,0.693687018638732
"176216",2.73189543326277,3.39386604329478,3.13937260108356,0.254493442211217,0.661970610032014,0.407477167820797
"210976",0.511707676960946,3.88699311622853,2.43347448813116,1.45351862809736,3.37528543926758,1.92176681117022
"241334",1.1691558216002,2.72845193314534,2.07114395509468,0.657307978050661,1.55929611154514,0.901988133494476
"257308",3.55469604315096,8.73684679986432,7.46151957607002,1.2753272237943,5.18215075671337,3.90682353291906
"442816",1.96654015508616,4.53848661816955,3.50146643097763,1.03702018719192,2.57194646308339,1.53492627589147
"479393",2.23451201080232,4.06447571451073,3.3412561443357,0.723219570175036,1.82996370370841,1.10674413353337
"498591",3.55469604315096,8.73684679986432,7.46151957607002,1.2753272237943,5.18215075671337,3.90682353291906
"66542",2.54240269480321,3.50683984098504,3.13390363896763,0.372936202017407,0.964437146181827,0.59150094416442
"484637",2.35510875320247,3.053798769198,2.79396064530779,0.259838123890216,0.698690015995535,0.438851892105319
"16238",2.7693145125767,2.2051591296145,2.39605690572049,-0.190897776105992,-0.564155382962201,-0.373257606856208
"219987",8.03210635064676,5.85206700155862,6.39309755036883,-0.541030548810206,-2.18003934908814,-1.63900880027793
"242233",0.017048698330154,0.0885775822988561,0.0569887233807028,0.0315888589181533,0.0715288839687021,0.0399400250505488
"75893",2.32144909294114,0.938317238143853,1.39006483654925,-0.451747598405398,-1.38313185479729,-0.931384256391894
"437085",0.475758757495168,0.664989958026919,0.597512028132689,0.0674779298942298,0.18923120053175,0.121753270637521
"250376",1.13695073268486,1.29686959189251,1.22956625876246,0.067303333130051,0.159918859207651,0.0926155260776005
"256431",0.0732362167395394,0.614652083145209,0.395387295181436,0.219264787963773,0.54141586640567,0.322151078441896
"174786",1.36904923827906,0.84763828315453,1.04351954691105,-0.195881263756521,-0.521410955124525,-0.325529691368004
"288683",1e-08,1.19718258545299,0.560622970416377,0.636559615036613,1.19718257545299,0.560622960416377
"513643",0.326087062383148,1.27520012685754,0.866096024604437,0.409104102253102,0.949113064474391,0.540008962221289
"116220",6.88683928455891,8.19537921678263,7.84848046827926,0.346898748503371,1.30853993222372,0.961641183720345
"233887",2.20987512435562,3.80462561239597,3.18031578463121,0.62430982776476,1.59475048804035,0.970440660275592
"236375",8.64683867733153,6.55690569624729,7.08547994864106,-0.528574252393771,-2.08993298108424,-1.56135872869047
"298999",8.64683867733153,6.55690569624729,7.08547994864106,-0.528574252393771,-2.08993298108424,-1.56135872869047
"314427",1.85066196685539,3.38396206304641,2.82548391739043,0.558478145655988,1.53330009619102,0.974821950535034
"328945",2.98140331235362,2.21680373615253,2.483419205058,-0.266615468905468,-0.764599576201084,-0.497984107295616
"435414",9.20994428181927,6.2052419521298,6.95456691970022,-0.749324967570422,-3.00470232968947,-2.25537736211905
"545095",2.45172759472509,3.24504322438969,2.94402923844221,0.301013985947478,0.793315629664598,0.49230164371712
"564394",9.16108555086092,5.85729292760201,6.68572440983545,-0.828431482233438,-3.30379262325891,-2.47536114102547
"145234",10,12.0897394404491,10,2.08973944044907,2.08973944044907,0
"145259",2.46732928644338,2.2969817756811,2.35714947652724,-0.0601677008461388,-0.170347510762276,-0.110179809916138
"161199",1.78886136706389,3.61394189088284,2.90614458862226,0.707797302260581,1.82508052381895,1.11728322155837
"205226",4.08585118565379,4.37433709892548,4.27834283092731,0.0959942679981651,0.288485913271689,0.192491645273524
"241152",6.50539416238202,8.31595049685217,7.83954126516589,0.47640923168628,1.81055633447015,1.33414710278387
"296111",1.55441457270657,3.6444339185922,2.84753579079224,0.796898127799964,2.09001934588564,1.29312121808567
"320508",1.82399647792393,3.79987426658408,3.02151697357892,0.778357293005156,1.97587778866015,1.19752049565499
"327828",1.33978762363649,4.54501499507122,3.25549353739416,1.28952145767706,3.20522737143474,1.91570591375768
"348696",9.27401454665765,6.2118930640832,6.99014235727852,-0.778249293195325,-3.06212148257445,-2.28387218937912
"369038",0.805009488108768,2.53374383902163,1.79481159378727,0.738932245234354,1.72873435091286,0.989802105678505
"399869",2.1099826163408,3.9540445728725,3.20130071418258,0.752743858689922,1.8440619565317,1.09131809784178
"40736",6.40146385819517,8.16589982888936,7.69311970442552,0.472780124463839,1.76443597069419,1.29165584623035
"426174",6.40146385819517,8.16589982888936,7.69311970442552,0.472780124463839,1.76443597069419,1.29165584623035
"44722",4.47089340676685,4.59132665372787,4.55029102880918,0.0410356249186909,0.120433246961023,0.0793976220423325
"469931",1.92842239095413,3.17923790910032,2.70982095568695,0.469416953413365,1.25081551814619,0.781398564732825
"489502",0.316748626360394,1.18744274533314,0.808540376820138,0.378902368512999,0.870694118972743,0.491791750459744
"492498",10,12.0897394404491,10,2.08973944044907,2.08973944044907,0
"499575",1.97687977937069,3.34807950271991,2.81807950855949,0.529999994160411,1.37119972334921,0.8411997291888
"523882",10,12.0897394404491,10,2.08973944044907,2.08973944044907,0
"553416",10,12.0897394404491,10,2.08973944044907,2.08973944044907,0
"80248",0.00643967968793715,2.03179489827074,1.09342918715586,0.938365711114884,2.02535521858281,1.08698950746792
"71342",0.135852457705902,0.965288569391628,0.636860331183311,0.328428238208318,0.829436111685727,0.501007873477409
"261835",0.816037378948513,1.63690473618231,1.29239164961394,0.344513086568376,0.820867357233801,0.476354270665425
"501282",0.329534221337378,1.07308943548071,0.768748451958636,0.304340983522072,0.743555214143331,0.439214230621258
"313477",1.88867751792709,1.84845167548877,1.86443914255274,-0.0159874670639695,-0.0402258424383226,-0.0242383753743531
"455559",0.13234548950037,0.954091980199798,0.531851604324509,0.42224037587529,0.821746490699428,0.399506114824138
"41887",10,2.14659330429119,3.96750307118411,-1.82090976689292,-7.85340669570881,-6.03249692881589
"495034",1e-08,0.171675359736938,0.0973397719708371,0.074335587766101,0.171675349736938,0.0973397619708371
"334872",5.15643259189186,6.30084704394923,6.03093472189217,0.269912322057061,1.14441445205737,0.874502130000311
"492746",1.23119789545829,3.20770702418161,2.34045694587117,0.867250078310435,1.97650912872332,1.10925905041288
"151780",1e-08,0.298255326362355,0.153080986599421,0.145174339762934,0.298255316362355,0.153080976599421
"39589",0.818393011579866,1.24865812468776,1.08226856808956,0.166389556598192,0.43026511310789,0.263875556509698
"103496",1.12812078364136,1.32210091864918,1.24281472032366,0.0792861983255173,0.193980135007818,0.114693936682301
"64866",0.0979909662039913,0.361066375775874,0.225686354862015,0.135380020913859,0.263075409571882,0.127695388658024
"308835",0.815086685414423,1.12194065022077,0.996985598420437,0.124955051800335,0.306853964806348,0.181898913006013
"221516",0.043832413751094,0.728561806816818,0.438410173153633,0.290151633663185,0.684729393065724,0.394577759402539
"386727",5.61307445628659,3.71203527283828,4.08729226699812,-0.375256994159838,-1.90103918344831,-1.52578218928847
"115292",2.27856331892663,3.42397565044227,2.98945449869751,0.434521151744753,1.14541233151563,0.710891179770877
"171945",2.73796794991398,2.94337358505036,2.86747288120363,0.0759007038467341,0.205405635136384,0.12950493128965
"26324",2.62019090339642,2.2224085134771,2.35447188144421,-0.132063367967108,-0.397782389919319,-0.265719021952211
"276229",5.8533546390939,2.67395443674584,3.6055756011542,-0.931621164408364,-3.17940020234806,-2.24777903793969
"28187",7.43691305624144,7.52132378990389,7.49837991982561,0.022943870078274,0.0844107336624473,0.0614668635841733
"40007",10,9.24283466567688,10,-0.757165334323121,-0.757165334323121,0
"406466",7.53895103841767,7.43099608972731,7.45882265014322,-0.0278265604159156,-0.107954948690359,-0.080128388274443
"447319",1.81346773378585,4.242512727908,3.28664122013865,0.955871507769344,2.42904499412214,1.4731734863528
"450985",7.53895103841767,7.43099608972731,7.45882265014322,-0.0278265604159156,-0.107954948690359,-0.080128388274443
"456051",3.05751581338087,2.40260977114784,2.63679034015192,-0.234180569004086,-0.65490604223303,-0.420725473228944
"488853",2.37208574841338,2.67736217519036,2.57155498173286,0.1058071934575,0.305276426776974,0.199469233319475
"489762",1.0580175723516,2.15674909044441,1.74416943744088,0.412579653003527,1.09873151809281,0.686151865089279
"562524",4.31832879499918,4.92132691402022,4.71896128169137,0.20236563232885,0.602998119021041,0.400632486692191
"170985",1.56092971601352,1.99671937757432,1.82563814931035,0.171081228263973,0.435789661560809,0.264708433296836
"154798",1.18793381198399e-08,0.663609722327783,0.374663599043102,0.28894612328468,0.663609710448445,0.374663587163764
"467649",0.0837454349430644,0.32241540733274,0.198616673598954,0.123798733733786,0.238669972389675,0.114871238655889
"392421",1e-08,0.734583459454012,0.318287341961389,0.416296117492623,0.734583449454012,0.318287331961389
"121006",2.15365856466671,1.3804751915344,1.66823333685758,-0.287758145323179,-0.773183373132301,-0.485425227809122
"191759",1e-08,0.4356726737742,0.228696381468858,0.206976292305342,0.4356726637742,0.228696371468858
"94840",0.228055739194003,0.886549194209243,0.572341612942144,0.314207581267099,0.65849345501524,0.344285873748141
"412850",1.08352126267064,1.14170656783904,1.11874684585662,0.022959721982426,0.0581853051684016,0.0352255831859756
"149623",1.46517241191462,2.47875899223645,2.06132224513602,0.417436747100424,1.01358658032182,0.596149833221401
"415045",1.56462710790866,2.41711754979009,2.06372460412857,0.353392945661514,0.852490441881425,0.499097496219911
"568059",1.2803208609553,0.757922804055461,0.939826633456869,-0.181903829401409,-0.522398056899843,-0.340494227498435
"362242",0.722895855156714,1.18812127602188,0.969214959163297,0.21890631685858,0.465225420865163,0.246319104006583
"167981",0.411122051209948,0.332915138456163,0.373968403866118,-0.0410532654099546,-0.0782069127537853,-0.0371536473438307
"199738",0.298153190391148,0.494856193921535,0.408774806351662,0.0860813875698727,0.196703003530387,0.110621615960514
"568010",0.586425775695599,1.88894737310346,1.32571364823496,0.563233724868495,1.30252159740786,0.739287872539362
"243456",0.989950514867273,0.958408069402841,0.969514424461766,-0.0111063550589254,-0.0315424454644324,-0.020436090405507
"322942",2.33120525657818,2.95343807595217,2.72308512267766,0.230352953274514,0.622232819373995,0.39187986609948
"233995",5.12386114726954,2.40219885232597,3.15529950901532,-0.753100656689343,-2.72166229494356,-1.96856163825422
"499746",1.94371283672177,3.06100246759513,2.66464427406954,0.396358193525593,1.11728963087336,0.72093143734777
"24425",0.52345548875645,1.03341849242247,0.815809163884109,0.217609328538356,0.509963003666016,0.29235367512766
"527967",0.935318824558174,2.70667675366054,1.98759458734933,0.719082166311204,1.77135792910236,1.05227576279116
"484654",1.71680960029247,1.8760712569659,1.81537557772652,0.0606956792393789,0.159261656673432,0.0985659774340533
"152454",2.74670547996478,2.56682282707776,2.63108799381933,-0.0642651667415639,-0.179882652887022,-0.115617486145458
"289957",4.74946501407852,2.97162584046938,3.48440210579499,-0.512776265325606,-1.77783917360914,-1.26506290828353
"83065",5.70344939463984,3.93442289846755,4.2957933545356,-0.361370456068054,-1.76902649617229,-1.40765604010423
"351653",0.11994552910757,0.394738363087808,0.325016464802151,0.0697218982856568,0.274792833980238,0.205070935694581
"75899",1.37070869915605,0.817942187748096,1.02024448338521,-0.202302295637115,-0.552766511407955,-0.35046421577084
"403096",0.341208257635321,0.933572700072633,0.700466727145702,0.233105972926931,0.592364442437313,0.359258469510381
"526269",1e-08,0.695795660738049,0.341163412719515,0.354632248018533,0.695795650738049,0.341163402719515
"483852",1e-08,2.0391481433602,1.21214609546117,0.827002047899028,2.0391481333602,1.21214608546117
"400659",0.0916622726886881,0.179241716037682,0.135004297213741,0.0442374188239416,0.087579443348994,0.0433420245250525
"465865",1.50155699831734,1.89812184824749,1.77768903371551,0.120432814531984,0.396564849930149,0.276132035398166
"65344",1.01861308278355,1.11738807457663,1.07977119652581,0.0376168780508175,0.0987749917930776,0.0611581137422601
"226882",2.61762928242138,3.29630070206284,3.03887343970485,0.257427262357981,0.678671419641458,0.421244157283477
"415645",1.69531821846676,2.3512920737268,2.08075722677389,0.270534846952906,0.655973855260039,0.385439008307134
"548405",0.99378485775595,1.37939309247372,1.22372985017259,0.155663242301127,0.385608234717766,0.229944992416639
"119931",2.4096803544659,0.925066728982502,1.41762621311934,-0.492559484136833,-1.4846136254834,-0.992054141346562
"165900",0.0135820082183878,2.01370725282618,1.14351097704435,0.870196275781832,2.0001252446078,1.12992896882597
"139326",0.631985017101797,1.63834247957402,1.22290741225936,0.415435067314662,1.00635746247222,0.590922395157559
"300004",0.0854037298328656,0.715802501916077,0.429591210247706,0.286211291668371,0.630398772083211,0.34418748041484
"300820",5.7731303935787,3.39762129112436,4.13929662175739,-0.741675330633033,-2.37550910245434,-1.63383377182131
"5698",10,4.04061431296203,5.77344140295986,-1.73282708999783,-5.95938568703797,-4.22655859704014
"570308",3.57757403261433,2.55138175923554,2.93089061054968,-0.379508851314136,-1.02619227337879,-0.646683422064654
"151402",2.57069632429662,1.04281146058882,1.58300537530702,-0.540193914718199,-1.5278848637078,-0.9876909489896
"325011",9.54819252592356,4.72165912025583,5.87504256780477,-1.15338344754893,-4.82653340566773,-3.6731499581188
"368603",2.22829493249252,1.52446001057857,1.79430637068229,-0.269846360103719,-0.703834921913953,-0.433988561810234
"362321",0.112453939392603,1.56483597980838,0.91164300356118,0.653192976247201,1.45238204041578,0.799189064168577
"436206",1.03806154786189,2.24821948587183,1.76697135839494,0.481248127476885,1.21015793800994,0.728909810533053
"206170",0.454794128237905,1.22735433325556,0.880592445778051,0.346761887477506,0.772560205017651,0.425798317540145
"256615",1.26646264508783,0.860737385050749,1.00973116153648,-0.148993776485728,-0.405725260037081,-0.256731483551352
"543423",3.91861446463841,3.42545094757862,3.57890403214567,-0.153453084567051,-0.493163517059795,-0.339710432492744
"331191",1.89881092517808,1.73215141446203,1.77825245152409,-0.0461010370620625,-0.166659510716048,-0.120558473653986
"161957",1e-08,0.393964582509791,0.193789301674413,0.200175280835378,0.393964572509791,0.193789291674413
"287408",0.224358332814958,1.43298888613813,0.894394543046006,0.538594343092123,1.20863055332317,0.670036210231048
"387774",0.272348642523366,0.456680511590308,0.380407375943003,0.0762731356473048,0.184331869066941,0.108058733419637
"237789",6.09829192371675,2.61994996212215,3.64000737065422,-1.02005740853207,-3.4783419615946,-2.45828455306253
"122778",5.72509904190875,9.01470569273428,8.13347753104321,0.881228161691068,3.28960665082553,2.40837848913446
"12336",10,10.976620064915,10,0.97662006491502,0.97662006491502,0
"196405",1.0618066632864,2.91945951352219,2.08144449424966,0.838015019272522,1.85765285023579,1.01963783096326
"19803",3.50878386259466,5.46831301087926,4.80007527994386,0.668237730935402,1.9595291482846,1.2912914173492
"203806",2.46435615509086,2.68171246908759,2.60118470014213,0.0805277689454535,0.217356313996729,0.136828545051276
"232182",4.75490393041221,3.34605071157707,3.78021681870031,-0.434166107123239,-1.40885321883513,-0.974687111711896
"272923",10,10.976620064915,10,0.97662006491502,0.97662006491502,0
"333358",0.69653629914856,2.69422941052792,1.85997886986601,0.834250540661904,1.99769311137936,1.16344257071745
"336928",0.243127904804795,0.913886193885051,0.653525887733963,0.260360306151088,0.670758289080255,0.410397982929168
"370037",2.62949969608975,6.64233537966422,5.22926284344743,1.41307253621679,4.01283568357447,2.59976314735768
"397750",4.65084018757859,3.55173085096299,3.89681645615891,-0.345085605195918,-1.0991093366156,-0.75402373141968
"49994",3.50259677700653,5.47471425811809,4.80201129719566,0.672702960922435,1.97211748111156,1.29941452018913
"519578",10,10.976620064915,10,0.97662006491502,0.97662006491502,0
"25159",1e-08,0.390144983426575,0.177564001548447,0.212580981878128,0.390144973426575,0.177563991548447
"563349",1.47487908370769,1.14022088595286,1.24451314096482,-0.104292255011956,-0.334658197754823,-0.230365942742867
"108572",0.175360414396017,1.68673703419641,0.989551374691243,0.697185659505163,1.51137661980039,0.814190960295226
"213838",3.89108997860524,1.54763384758549,2.30635686314698,-0.758723015561484,-2.34345613101975,-1.58473311545826
"505436",0.574019894353,1.94790971974853,1.37517951047255,0.572730209275974,1.37388982539553,0.801159616119553
"349424",0.241049194273654,0.544379530665427,0.415265113277401,0.129114417388026,0.303330336391773,0.174215919003747
"477302",2.33072779353051,1.37006200401213,1.72887551208832,-0.358813508076194,-0.960665789518377,-0.601852281442183
"71233",1.95453294979709,2.07020041664455,2.02256235176791,0.0476380648766406,0.115667466847459,0.0680294019708183
"133465",0.00908759059612074,0.477579604940283,0.314718945199271,0.162860659741012,0.468492014344162,0.30563135460315
"568069",10,6.21604649113361,8.20911101749948,-1.99306452636586,-3.78395350886639,-1.79088898250052
"173167",1.10358755691605,2.8072846027615,2.35938350012894,0.447901102632564,1.70369704584545,1.25579594321289
"13530",4.26579818875441,2.93707204880526,3.33456987843396,-0.397497829628701,-1.32872613994916,-0.931228310320456
"321581",0.64743957191638,1.64874551429073,1.2382957448779,0.410449769412827,1.00130594237435,0.590856172961521
"122973",0.169940455938083,0.743195142151997,0.480032525056329,0.263162617095668,0.573254686213914,0.310092069118246
"79204",0.41695352894338,1.29289289294252,0.898775825243908,0.394117067698615,0.875939363999143,0.481822296300528
"287305",1.53338357992708,1.1493914162842,1.3095771565218,-0.160185740237605,-0.383992163642883,-0.223806423405277
"469194",5.42706059367711,5.56258563228474,5.53184067629296,0.0307449559917767,0.135525038607622,0.104780082615846
"486266",2.15291433194776,3.87285197460139,3.19394579116213,0.678906183439261,1.71993764265362,1.04103145921436
"500860",0.921336590692944,1.75628442671776,1.39022732695428,0.366057099763478,0.834947836024817,0.468890736261339
"183215",0.0374920734173356,0.335040866628253,0.203352819756592,0.131688046871661,0.297548793210917,0.165860746339256
"181235",9.82778246860473,5.74314055069652,6.75644171862366,-1.01330116792714,-4.08464191790821,-3.07134074998107
"279686",10,4.56235559401091,6.2326344270553,-1.6702788330444,-5.43764440598909,-3.7673655729447
"312303",10,4.56235559401091,6.2326344270553,-1.6702788330444,-5.43764440598909,-3.7673655729447
"337295",10,3.84483977490943,5.82426453061811,-1.97942475570868,-6.15516022509057,-4.17573546938189
"414489",1.47965118472982,2.26650395622642,1.95237068293049,0.314133273295933,0.786852771496598,0.472719498200665
"452841",8.17120395517096,7.05756895424951,7.34907430003047,-0.291505345780952,-1.11363500092144,-0.82212965514049
"453746",5.50666212695291,3.62620057749334,4.22478857207144,-0.598587994578101,-1.88046154945957,-1.28187355488147
"573840",10,8.58929706849402,10,-1.41070293150598,-1.41070293150598,0
"72569",0.220345851979204,1.4738398718635,1.05817143032332,0.415668441540182,1.25349401988429,0.837825578344113
"407017",0.166884119785506,0.661525178820985,0.433550308456164,0.227974870364821,0.494641059035479,0.266666188670658
"162155",1.5981414529159,1.03143498580649,1.26217323324047,-0.230738247433985,-0.566706467109412,-0.335968219675427
"562563",0.0294965900969511,0.583945173619497,0.346214470992009,0.237730702627488,0.554448583522546,0.316717880895058
"39731",3.15254067926613,2.14100601673578,2.50486047945277,-0.363854462716985,-1.01153466253034,-0.64768019981336
"48022",4.11029346612174,1.78898895914269,2.59022989333225,-0.801240934189569,-2.32130450697906,-1.52006357278949
"284212",0.484314485522062,0.761839013460685,0.656658923869901,0.105180089590784,0.277524527938623,0.172344438347839
"503668",0.843658220215524,0.699865605648516,0.759635420822872,-0.0597698151743558,-0.143792614567008,-0.0840227993926521
"247040",1.70802398330492,1.66903941810056,1.68336658872623,-0.0143271706256787,-0.038984565204365,-0.0246573945786863
"468900",0.305277626878914,1.67731023422606,1.17825544273336,0.499054791492703,1.37203260734715,0.872977815854447
"237422",1e-08,4.060044609902,2.80919824278979,1.25084636711221,4.060044599902,2.80919823278979
"498073",0.914897586045773,1.10187789015884,1.03398951696478,0.0678883731940578,0.186980304113063,0.119091930919005
"179808",10,6.30971085918418,8.09838424282719,-1.78867338364301,-3.69028914081582,-1.90161575717281
"440712",1.93532084891205,2.4737018965922,2.28155050220444,0.192151394387763,0.538381047680146,0.346229653292383
"470648",0.913790397596489,1.40025996459722,1.20417459041646,0.196085374180761,0.486469567000729,0.290384192819967
"115173",0.413945273791494,0.586307876062657,0.504783324993122,0.0815245510695355,0.172362602271163,0.0908380512016272
"159874",0.231827292022905,0.257362085570304,0.244814687944779,0.0125473976255252,0.0255347935473989,0.0129873959218738
"254472",1e-08,0.556895891834097,0.295924435658976,0.260971456175121,0.556895881834097,0.295924425658976
"434446",0.155485841638238,0.948013886049312,0.559299568811776,0.388714317237536,0.792528044411073,0.403813727173537
"451938",0.987635240300539,1.27938474278534,1.16236349115944,0.117021251625899,0.291749502484801,0.174728250858902
"199006",1.03566205687548,1.40528525423735,1.25300057099392,0.152284683243429,0.36962319736187,0.217338514118441
"425586",0.770215276646699,0.750196177002247,0.758293253490656,-0.00809707648840896,-0.0200190996444525,-0.0119220231560435
"434667",0.144885852287384,0.2371708775704,0.191831007568967,0.0453398700014327,0.0922850252830161,0.0469451552815834
"71688",10,3.21732326671454,4.68465783062785,-1.46733456391331,-6.78267673328546,-5.31534216937215
"522938",0.131570963265768,0.307444693623063,0.216104163144817,0.0913405304782461,0.175873730357295,0.0845331998790493
"246311",0.307769045136428,1.01216451846566,0.733480938222466,0.278683580243191,0.704395473329229,0.425711893086038
"407256",0.965529690137232,4.94226643603783,3.37244364168537,1.56982279435246,3.9767367459006,2.40691395154814
"451349",0.695897620745037,3.41038311890209,2.26462585390655,1.14575726499554,2.71448549815706,1.56872823316152
"196292",1.64185030109835,1.21832554141775,1.35216202609422,-0.133836484676469,-0.423524759680601,-0.289688275004132
"271848",0.498976575441524,1.29815654651856,1.02367495377853,0.274481592740024,0.799179971077032,0.524698378337008
"314488",2.74395462049058,3.0150617878863,2.91517284843824,0.0998889394480589,0.271107167395722,0.171218227947664
"57811",3.37691225879531,2.79103873722102,3.01030459506955,-0.219265857848535,-0.585873521574296,-0.366607663725761
"58728",3.1726689059357,2.31314608239719,2.61441284310935,-0.301266760712156,-0.859522823538509,-0.558256062826353
"62174",1.72725726517931,1.4030486344934,1.51481702323198,-0.111768388738575,-0.324208630685908,-0.212440241947333
"97674",0.687322041158423,1.33530816729069,1.08854969895114,0.246758468339545,0.647986126132263,0.401227657792718
"52393",0.0381310941168876,0.131132564564698,0.0866252861334153,0.044507278431283,0.0930014704478107,0.0484941920165277
"575506",1.39519739791975,2.10259847050973,1.82875962762327,0.273838842886465,0.70740107258998,0.433562229703514
"278096",1.06215911039263,1.50795604642145,1.32062405822764,0.18733198819381,0.445796936028818,0.258464947835007
"417486",0.89554974616738,0.901758096703119,0.899777051151334,0.00198104555178469,0.00620835053573854,0.00422730498395385
"9058",1.48686907944548,2.52381215482816,2.0934008852081,0.430411269620059,1.03694307538268,0.606531805762621
"99513",4.54660201274883,1.68523310956602,2.40114161830446,-0.715908508738437,-2.86136890318281,-2.14546039444437
"559824",0.0875856336817857,0.335765461683928,0.21300281615972,0.122762645524208,0.248179828002142,0.125417182477934
"260048",0.590511891458418,1.08127739646689,0.860825543260175,0.220451853206717,0.490765505008474,0.270313651801757
"427118",0.121005544831978,0.45776659381872,0.286365362765618,0.171401231053103,0.336761048986742,0.165359817933639
"155641",0.126693593890176,0.467134249260518,0.282758044833749,0.184376204426769,0.340440655370342,0.156064450943573
"188377",0.14255752597515,0.557951999181356,0.332009266651092,0.225942732530264,0.415394473206206,0.189451740675942
"357966",0.0626652605631606,0.319926813257123,0.199712909941065,0.120213903316058,0.257261552693962,0.137047649377904
"112627",4.16411372475083,4.45070984692656,4.35575112949384,0.0949587174327231,0.286596122175734,0.191637404743011
"345533",3.01737828290282,5.95545697649627,4.94315667327461,1.01230030322165,2.93807869359345,1.92577839037179
"364659",1.26816361909304,2.10958959990577,1.76034898577001,0.349240614135762,0.841425980812724,0.492185366676962
"433312",2.05894510144228,3.28130882611888,2.81919171923414,0.462117106884746,1.2223637246766,0.760246617791855
"443263",7.07026134738464,7.23796136152401,7.19597275463195,0.0419886068920592,0.167700014139372,0.125711407247313
"455607",10,10.0399112224933,10,0.03991122249335,0.03991122249335,0
"474129",2.14830814111908,3.02573187378188,2.70224466129486,0.323487212487027,0.877423732662808,0.553936520175782
"532128",2.1795146890417,2.86158967673629,2.6131802906916,0.24840938604469,0.682074987694591,0.433665601649901
"565552",1.17824822292921,1.52091653563416,1.39405094119453,0.126865594439626,0.342668312704942,0.215802718265317
"71677",8.17174784021887,6.58359157957946,6.9848917918733,-0.401300212293835,-1.5881562606394,-1.18685604834557
"255431",5.51945633748511,3.08020657060226,3.8140690761396,-0.733862505537343,-2.43924976688285,-1.7053872613455
"416351",2.86465679656519,2.34789168270828,2.53330620437462,-0.185414521666334,-0.51676511385691,-0.331350592190575
"113560",2.16475354208665,1.40591334402842,1.6868679640416,-0.280954620013184,-0.758840198058231,-0.477885578045047
"357015",0.860305080479442,2.97698136161014,2.43597406868095,0.541007292929194,2.1166762811307,1.5756689882015
"278484",8.3782953379337,6.76162279622858,7.18014763715493,-0.418524840926342,-1.61667254170511,-1.19814770077877
"373107",1.43088377581194,2.5432658032056,2.08546062161216,0.457805181593443,1.11238202739366,0.654576845800217
"69115",0.123239928502934,0.465299507769045,0.328707752514505,0.13659175525454,0.342059579266111,0.205467824011571
"161626",0.652386694259064,3.26901431383351,2.15242489526682,1.11658941856669,2.61662761957444,1.50003820100775
"218011",2.40943064489116,6.91328695700633,5.29226889966911,1.62101805733721,4.50385631211517,2.88283825477796
"240708",8.40147254830812,6.76832151871154,7.18316634351598,-0.414844824804441,-1.63315102959658,-1.21830620479214
"240749",6.60998247349055,8.50083223960234,7.99807695308319,0.502755286519145,1.89084976611179,1.38809447959264
"267511",4.81602210822269,3.75208038153315,4.08855324947245,-0.336472867939304,-1.06394172668954,-0.727468858750234
"286040",2.55135853403901,2.05792032862842,2.21891828479719,-0.160997956168768,-0.493438205410588,-0.332440249241821
"392039",2.69311452508325,6.48778104946816,5.14365959245419,1.34412145701397,3.79466652438491,2.45054506737094
"406663",8.97100993931138,6.39952777417489,7.0443130205766,-0.64478524640171,-2.57148216513649,-1.92669691873478
"412545",1.92472375692741,3.37272152138131,2.8424628402491,0.530258681132212,1.4479977644539,0.917739083321689
"457494",4.14204984888521,5.06576809062794,4.75524605992031,0.310522030707629,0.923718241742725,0.613196211035096
"481622",0.5612487252559,2.96962569989131,2.00137690767889,0.968248792212413,2.40837697463541,1.44012818242299
"515465",7.92224364776365,6.83428920875805,7.11602533378544,-0.281736125027388,-1.0879544390056,-0.80621831397821
"97646",2.7875212045845,2.19014175944066,2.39630172247276,-0.206159963032107,-0.597379445143841,-0.391219482111734
"461329",0.842368084997734,2.28636577533222,1.67945128631164,0.606914489020584,1.44399769033449,0.837083201313903
"83287",0.1280490481297,0.912947482690015,0.535323649440358,0.377623833249657,0.784898434560314,0.407274601310658
"186484",1.8480202128115,3.82373639467616,3.07220421572426,0.751532178951903,1.97571618186466,1.22418400291275
"516568",1.1495968941114,1.42517136505576,1.30928150394353,0.115889861112227,0.275574470944353,0.159684609832125
"120550",1e-08,0.331650126382139,0.17312925760617,0.158520868775969,0.331650116382139,0.17312924760617
"519473",5.19782421586693,3.66940070042292,4.15380046770973,-0.484399767286809,-1.52842351544401,-1.0440237481572
"469110",0.672979430180856,0.804059656964141,0.750690784104609,0.0533688728595325,0.131080226783286,0.0777113539237531
"258272",0.0394371016935773,0.279640642157786,0.163938554796214,0.115702087361572,0.240203540464209,0.124501453102637
"478695",1.03134629663147,1.5886669235847,1.35112339954586,0.237543524038836,0.55732062695323,0.319777102914394
"180085",0.73110316860223,1.38318115801752,1.11643205104309,0.266749106974431,0.652077989415288,0.385328882440857
"44116",4.31688385733041,4.42200489842821,4.38840232637279,0.0336025720554156,0.105121041097797,0.0715184690423811
"455591",2.72669325988048,5.27495237167439,4.45233670408841,0.822615667585976,2.5482591117939,1.72564344420793
"385579",0.469359142290403,1.12576748699991,0.834992248129226,0.290775238870684,0.656408344709507,0.365633105838823
"16531",1.80408762046778,1.9944924268338,1.91829000443057,0.0762024224032352,0.190404806366026,0.114202383962791
"417534",0.373227130796625,0.762100545575815,0.57763896771909,0.184461577856725,0.38887341477919,0.204411836922465
"300274",0.428982820302978,0.861941680929932,0.693405398122164,0.168536282807768,0.432958860626954,0.264422577819186
"175397",0.276466809758794,0.603493421925899,0.46350721392254,0.139986208003359,0.327026612167105,0.187040404163746
"202579",0.193153572081703,0.443228516488094,0.337581360489317,0.105647155998777,0.250074944406392,0.144427788407615
"167839",0.275880492966852,1.6260013016655,0.972372475213787,0.653628826451717,1.35012080869865,0.696491982246935
"237706",0.755294537013336,4.63756453166716,3.11520096535745,1.52236356630971,3.88226999465382,2.35990642834411
"404701",0.117832893934972,0.918732378369429,0.621727988845471,0.297004389523959,0.800899484434458,0.503895094910499
"263454",1.06872600863176,2.94244749120479,2.28421817045592,0.658229320748873,1.87372148257303,1.21549216182416
"252986",1.32890530051392,1.39673993916276,1.36738310760875,0.0293568315540114,0.0678346386488424,0.0384778070948311
"296087",1e-08,0.786708698637926,0.364828244400738,0.421880454237189,0.786708688637926,0.364828234400738
"148992",0.195227166230521,0.298980583499597,0.250154632774194,0.0488259507254033,0.103753417269076,0.0549274665436728
"208824",2.37314495990359,3.30470133724042,2.95350118374054,0.351200153499883,0.931556377336826,0.580356223836943
"65486",0.317898954849717,0.347528558563261,0.333285632126223,0.0142429264370378,0.0296296037135443,0.0153866772765065
"517120",0.0490630063602286,0.557179112130654,0.34095423322107,0.216224878909585,0.508116105770426,0.291891226860841
"170849",1e-08,0.233828668741303,0.117488736521612,0.116339932219692,0.233828658741303,0.117488726521612
"516091",10,4.48636497644436,5.85317925456631,-1.36681427812195,-5.51363502355564,-4.14682074543369
"542162",8.29448794223936,5.56530995910141,6.23418109174177,-0.668871132640358,-2.72917798313795,-2.06030685049759
"55683",0.783249433806316,1.58391270092741,1.2450912935639,0.338821407363517,0.800663267121099,0.461841859757582
"425770",1e-08,2.0386202939679,1.02884084400789,1.00977944996001,2.0386202839679,1.02884083400789
"119521",2.65635870617851,1.20549180814138,1.74103705566385,-0.535545247522475,-1.45086689803713,-0.915321650514657
"446068",0.609927684702693,2.07004179582436,1.40794657628048,0.662095219543884,1.46011411112167,0.798018891577788
"461172",0.531856185633369,0.947794476404904,0.775824165972533,0.171970310432372,0.415938290771535,0.243967980339164
"345829",1.46804345984608,1.85516196468159,1.70885560946851,0.14630635521308,0.387118504835505,0.240812149622425
"465886",0.905739573128339,1.27479298023813,1.12827746049013,0.146515519748005,0.369053407109792,0.222537887361787
"65634",0.625054078455547,0.728204007412168,0.687913342032491,0.0402906653796767,0.10314992895662,0.0628592635769437
"487008",1e-08,2.52931325065709,1.51412487367786,1.01518837697923,2.52931324065709,1.51412486367786
"78060",0.0773494419787475,1.11370633328356,0.694808974361334,0.418897358922223,1.03635689130481,0.617459532382586
"285586",0.331122029550432,0.896412489766803,0.723078795594889,0.173333694171913,0.56529046021637,0.391956766044457
"556585",0.567657067806607,1.39703957166103,1.07357412755094,0.323465444110088,0.829382503854421,0.505917059744333
"259562",0.0327787967935924,1.87173906619143,0.914660608702891,0.957078457488542,1.83896026939784,0.881881811909299
"424789",1e-08,2.31158779898691,1.07257189041845,1.23901590856846,2.31158778898691,1.07257188041845
"78979",2.12987916078357,3.03293837063344,2.68223802210091,0.350700348532529,0.903059209849871,0.552358861317341
"92782",2.98306071287568,2.5492790587204,2.70745849552186,-0.158179436801452,-0.43378165415528,-0.275602217353828
"214561",8.63125431749357,6.55730924046858,7.09103754584311,-0.533728305374535,-2.07394507702499,-1.54021677165045
"249287",2.65318654253918,3.46425545920519,3.15026155549814,0.313993903707054,0.811068916666012,0.497075012958959
"307295",4.79557260069006,4.43292347203181,4.55419119139187,-0.121267719360065,-0.362649128658258,-0.241381409298193
"461166",3.69068533639709,1.51879047342936,2.20333377122841,-0.684543297799048,-2.17189486296773,-1.48735156516868
"479944",4.84774273228049,4.72432804861855,4.7660597033987,-0.0417316547801549,-0.123414683661942,-0.0816830288817867
"514519",3.22657355421537,2.12132348681871,2.49642434794676,-0.375100861128055,-1.10525006739666,-0.730149206268607
"573230",4.97886373267194,4.49074305992138,4.65364475610572,-0.162901696184341,-0.488120672750565,-0.325218976566224
"275744",2.0773412811717,1.63084233810272,1.8012916562956,-0.17044931819288,-0.446498943068973,-0.276049624876093
"172231",1.47564235679338,2.18775188117932,1.97068805843547,0.217063822743845,0.712109524385943,0.495045701642099
"310035",5.0244076972381,0.723589951034808,5.0244076972381,-4.30081774620329,-4.30081774620329,0
"551167",1.60553466026995,1.71952545023095,1.67846739873596,0.0410580514949908,0.113990789961004,0.072932738466013
"223453",0.314358618500493,0.215927341645107,0.250800924789097,-0.0348735831439896,-0.0984312768553859,-0.0635576937113963
"339111",1.27077162557233,2.2725145897107,1.89170184621372,0.380812743496984,1.00174296413838,0.620930220641396
"264192",0.475552586637621,1.25213208724797,0.898989019191674,0.353143068056297,0.77657950061035,0.423436432554053
"72106",1.15960284865601,1.4037249450358,1.30158961415907,0.102135330876735,0.24412209637979,0.141986765503055
"564019",0.0308529144973232,0.236582814939053,0.140798608134995,0.0957842068040579,0.20572990044173,0.109945693637672
"309081",0.00192893929159539,0.0718979942170873,0.0419242768253597,0.0299737173917276,0.0699690549254919,0.0399953375337644
"238878",1e-08,0.181397526330694,0.081251038821928,0.100146487508765,0.181397516330694,0.081251028821928
"552050",0.31210835565783,1.41586866009479,0.919295091795145,0.496573568299649,1.10376030443696,0.607186736137314
"509803",0.318459566007631,1.50447115650098,0.943400034615597,0.561071121885378,1.18601159049334,0.624940468607967
"22078",0.232749827754423,0.429735078035865,0.349794431422494,0.0799406466133709,0.196985250281442,0.117044603668071
"65269",0.132884021472747,0.214889225245686,0.174121363896523,0.0407678613491633,0.082005203772939,0.0412373424237757
"114784",2.05920075104527,3.1412122383793,2.7399079288801,0.401304309499207,1.08201148733403,0.680707177834822
"124619",10,4.43724351752017,5.96056413292627,-1.5233206154061,-5.56275648247983,-4.03943586707373
"135829",4.75927071520194,3.49183722669981,3.8843150718095,-0.392477845109688,-1.26743348850213,-0.874955643392438
"180427",6.99092938371833,7.03645802741002,7.02476395490526,0.0116940725047598,0.045528643691692,0.0338345711869321
"292320",10,5.20957928603455,6.37400245534317,-1.16442316930862,-4.79042071396545,-3.62599754465683
"454401",4.02302014182621,4.54273300459858,4.37321448356223,0.169518521036342,0.519712862772365,0.350194341736023
"540884",2.36201315599333,2.66274920055636,2.55492270686665,0.107826493689702,0.30073604456303,0.192909550873328
"552278",1.91761295451857,3.73472062261381,3.0315932762956,0.70312734631821,1.81710766809524,1.11398032177703
"404870",1.10836117106873,0.99128020983594,1.03441039643334,-0.0431301865973973,-0.117080961232795,-0.0739507746353973
"454205",3.14756259794854,2.22050679675643,2.54035914029374,-0.319852343537306,-0.92705580119211,-0.607203457654804
"113275",3.79137886809612,4.15743648043776,4.03754517076895,0.119891309668803,0.366057612341641,0.246166302672837
"177841",1e-08,1.20886238499399,0.490273446387365,0.718588938606624,1.20886237499399,0.490273436387365
"519733",3.35555593721234,2.42533302296461,2.76443400665963,-0.339100983695019,-0.93022291424773,-0.591121930552711
"527184",3.26339644264016,2.07362122325657,2.48586629214297,-0.412245068886396,-1.18977521938359,-0.777530150497195
"561313",3.571373375813,2.05614508674942,2.59102057637656,-0.534875489627136,-1.51522828906358,-0.980352799436447
"414094",0.0532132507606388,0.151859821338676,0.106765720568265,0.0450941007704106,0.0986465705780374,0.0535524698076267
"127174",2.00342321214764,1.75460521968028,1.85222079712905,-0.0976155774487748,-0.248817992467366,-0.151202415018591
"163846",4.96150983185093,3.87177712260268,4.22092136831192,-0.349144245709239,-1.08973270924825,-0.740588463539009
"290677",5.28796655550612,3.62162226139771,4.14912975690421,-0.5275074955065,-1.66634429410841,-1.13883679860191
"40603",8.98365865480603,5.10408799281303,6.02615060726781,-0.922062614454775,-3.879570661993,-2.95750804753822
"332085",6.03095397389097,2.57060026458859,3.58444600724486,-1.01384574265626,-3.46035370930237,-2.44650796664611
"276831",0.18655395179824,1.04560134053073,0.614070937587362,0.431530402943364,0.859047388732487,0.427516985789123
"282845",2.19860161043365,0.848181414962032,1.12174379257562,-0.273562377613585,-1.35042019547161,-1.07685781785803
"164398",1.28896233494356,1.84729872900363,1.64846873444762,0.198829994556014,0.558336394060074,0.35950639950406
"233955",10,8.4370222764013,10,-1.5629777235987,-1.5629777235987,0
"412036",4.64358818327093,4.16002345467562,4.31676938273122,-0.156745928055601,-0.483564728595305,-0.326818800539704
"452635",1.25250395655572,1.72117739351451,1.56126715915955,0.159910234354962,0.4686734369588,0.308763202603838
"91539",4.24570342495529,1.52719013466496,2.426356979268,-0.89916684460304,-2.71851329029034,-1.8193464456873
"296082",0.859946766253465,0.828131817461592,0.842064801408058,-0.0139329839464659,-0.0318149487918732,-0.0178819648454073
"172301",0.0185194537361041,0.031599015318914,0.0254275281947773,0.00617148712413673,0.0130795615828099,0.00690807445867318
"107795",1.18753413144456,4.2205677181772,3.07391219432174,1.14665552385546,3.03303358673263,1.88637806287717
"41072",0.352997635642592,0.648762536296452,0.546020263638898,0.102742272657554,0.295764900653859,0.193022627996305
"346534",0.325787350259397,0.468934529877938,0.40978332462354,0.0591512052543988,0.143147179618541,0.0839959743641425
"331651",1.01876422174232,2.01823195620699,1.66103036758042,0.357201588626562,0.999467734464664,0.642266145838102
"198315",1.39203908226739,0.796168045899324,1.01323444711224,-0.217066401212915,-0.595871036368067,-0.378804635155151
"203741",0.467275476801281,0.958996863763363,0.750657927247509,0.208338936515854,0.491721386962082,0.283382450446228
"437942",0.55790273796805,1.71950920011811,1.2183150143701,0.501194185748007,1.16160646215006,0.660412276402055
"156937",1e-08,0.442194457420078,0.265215953253406,0.176978504166672,0.442194447420078,0.265215943253406
"135270",0.179818488428696,0.522329194134038,0.347301820150105,0.175027373983933,0.342510705705342,0.167483331721408
"168814",0.935810108923451,1.54261846708955,1.29281567204931,0.249802795040237,0.606808358166094,0.357005563125858
"439487",4.13220699652645,3.74913521070116,3.86723106494311,-0.118095854241945,-0.38307178582529,-0.264975931583344
"233207",0.606380238547932,0.821945607226216,0.736059201397688,0.0858864058285279,0.215565368678284,0.129678962849756
"299359",4.25119898417477,3.01645347904542,3.38626109641292,-0.3698076173675,-1.23474550512935,-0.864937887761846
"170813",0.326234449506898,0.709017839902411,0.52380895177759,0.185208888124821,0.382783390395513,0.197574502270691
"417090",1.38625376208458,2.04788817546639,1.79764731911093,0.250240856355461,0.661634413381809,0.411393557026348
"536624",0.255718825021954,0.487414617489762,0.394305772805236,0.0931088446845256,0.231695792467808,0.138586947783282
"568246",0.0826238195019868,0.690205323892133,0.472514005123006,0.217691318769127,0.607581504390146,0.389890185621019
"154518",1e-08,1.05495675915251,0.531596788333494,0.523359970819018,1.05495674915251,0.531596778333494
"451117",6.3573885936931,3.6087436237533,4.17295940825936,-0.564215784506056,-2.7486449699398,-2.18442918543374
"531388",0.712611338763293,1.65462777648496,1.25707642597439,0.397551350510571,0.942016437721667,0.544465087211095
"62469",0.55035130542743,1.05053554072001,0.832623252005009,0.217912288714999,0.500184235292577,0.282271946577579
"186181",0.233606212063632,0.616588554824858,0.489447512107251,0.127141042717606,0.382982342761225,0.255841300043619
"220293",0.369716056689453,2.31962346353713,1.45645847733494,0.863164986202186,1.94990740684768,1.08674242064549
"37667",0.311708932705721,0.761390309040859,0.60292131298885,0.15846899605201,0.449681376335138,0.291212380283129
"534721",9.15436058713043,3.37959798865009,4.60059049162814,-1.22099250297805,-5.77476259848034,-4.55377009550229
"166505",0.313188488399431,2.01959538961335,1.27152647154282,0.748068918070529,1.70640690121392,0.958337983143388
"412554",4.67008991376581,4.09435377482303,4.27539001287246,-0.181036238049433,-0.575736138942789,-0.394699900893356
"525846",0.938598654911103,1.28101988158227,1.14556969491158,0.135450186670685,0.342421226671165,0.20697104000048
"6597",0.10211282636384,0.13161688895516,0.11868085336835,0.0129360355868101,0.0295040625913197,0.0165680270045096
"72587",4.14638586605481,1.6352554770322,2.48839963656291,-0.853144159530703,-2.51113038902261,-1.6579862294919
"351450",0.106117077866351,0.504836760561764,0.286495901703539,0.218340858858225,0.398719682695413,0.180378823837187
"535159",1e-08,1.02086196070072,0.414648878372926,0.606213082327794,1.02086195070072,0.414648868372926
"176266",0.161497219067401,0.885343051343292,0.592120369427449,0.293222681915844,0.723845832275891,0.430623150360047
"561417",0.153374541901233,1.39720104363984,0.876066969557814,0.521134074082023,1.2438265017386,0.722692427656582
"439115",0.179647006810177,0.602915314419613,0.41666859374283,0.186246720676784,0.423268307609436,0.237021586932652
"146811",1.25555046475089,0.944122861648477,1.06014324595557,-0.11602038430709,-0.311427603102412,-0.195407218795323
"522400",0.996591547806729,1.24064406775682,1.14515675168173,0.0954873160750926,0.24405251995009,0.148565203874998
"497957",0.0603899363201001,1.09168959785396,0.594205078757215,0.497484519096744,1.03129966153386,0.533815142437115
"45754",0.326073347552699,0.46234353211653,0.404397860837376,0.0579456712791538,0.136270184563831,0.0783245132846772
"18165",0.694660283750625,1.66589820934488,1.27037210284694,0.395526106497948,0.97123792559426,0.575711819096312
"25558",1e-08,0.827628328630204,0.458122452760604,0.3695058758696,0.827628318630204,0.458122442760604
"169810",1.20466027360654,2.26949465154387,1.85142915445251,0.418065497091358,1.06483437793734,0.646768880845978
"153378",2.59956983583247,2.91071508323765,2.79779448853757,0.112920594700072,0.311145247405175,0.198224652705103
"124750",3.05177791899396,2.44114237763365,2.66578824203936,-0.224645864405708,-0.610635541360313,-0.385989676954605
"150261",0.921541190372766,2.96439508037156,2.08242147994793,0.881973600423635,2.0428538899988,1.16088028957516
"173572",2.79740594774275,2.72338627456938,2.75086937259236,-0.0274830980229845,-0.0740196731733747,-0.0465365751503901
"17743",2.43272981366055,3.35316995022555,2.99918045831843,0.35398949190712,0.920440136564998,0.566450644657878
"331015",7.63201040317624,6.36814839446631,6.6786029755514,-0.310454581085099,-1.26386200870994,-0.95340742762484
"332852",2.207635021932,3.23146900565035,2.84772042813396,0.383748577516389,1.02383398371835,0.640085406201964
"347221",1.22630037864668,2.38671739202612,1.90089424876537,0.485823143260751,1.16041701337944,0.674593870118689
"402617",3.71203714108368,5.09696539313141,4.63375868966039,0.463206703471021,1.38492825204773,0.921721548576712
"452415",4.15573895499698,4.5085932290359,4.39203477968898,0.116558449346927,0.35285427403892,0.236295824691993
"496963",5.37212480258458,3.58903076627865,4.15870891131576,-0.569678145037106,-1.78309403630593,-1.21341589126882
"482223",0.242955437582135,1.76855279732763,1.15168718870359,0.61686560862404,1.5255973597455,0.908731751121458
"419541",1.46910216207698,2.10027626859098,1.85052760845697,0.249748660134015,0.631174106514,0.381425446379985
"216126",1e-08,0.76200845018139,0.36149786465073,0.400510585530659,0.76200844018139,0.36149785465073
"106547",0.0121088386724617,0.721129145916325,0.422010761202078,0.299118384714247,0.709020307243863,0.409901922529616
"463509",1.90630670362559,1.90955109509938,1.90821651514008,0.00133457995929787,0.00324439147378808,0.00190981151449021
"23297",6.96527275724663,1.63500378224664,3.01447357240512,-1.37946979015848,-5.33026897499999,-3.9507991848415
"4291",1.31557651035769,0.805219809814625,0.994135583902129,-0.188915774087504,-0.510356700543064,-0.321440926455561
"309424",2.36570843755552e-08,0.82837850910455,0.455305139418223,0.373073369686327,0.828378485447465,0.455305115761138
"251782",1e-08,0.666002453100924,0.30282636409841,0.363176089002514,0.666002443100924,0.30282635409841
"412523",0.057913507962237,0.0824541256245032,0.0707932139279316,0.0116609116965716,0.0245406176622662,0.0128797059656946
"569935",2.74882123206208,3.14363343167256,2.99463507012878,0.148998361543783,0.394812199610483,0.245813838066701
"119934",1.69065668668929,1.61243168340833,1.64267476760727,-0.0302430841989338,-0.0782250032809577,-0.0479819190820239
"11309",3.99546248093164,5.29022191600685,4.84890993870531,0.441311977301536,1.29475943507521,0.853447457773676
"176586",1.52561365513057,4.47329823747616,3.30917294336411,1.16412529411205,2.9476845823456,1.78355928823355
"190754",7.28323334795417,7.54726452560351,7.47845148164508,0.0688130439584338,0.264031177649338,0.195218133690904
"200187",3.99546248093164,5.29022191600685,4.84890993870531,0.441311977301536,1.29475943507521,0.853447457773676
"235252",7.79029181776247,7.05990064907694,7.25038653057271,-0.190485881495762,-0.730391168685529,-0.539905287189766
"251485",2.32795793355248,3.24686841006118,2.89761689084779,0.349251519213388,0.9189104765087,0.569658957295312
"270590",2.3280123090544,7.14305772620868,5.3898582217581,1.75319950445057,4.81504541715428,3.0618459127037
"296238",10,11.2092296659361,10,1.20922966593612,1.20922966593612,0
"30514",3.87347622281354,5.26056368741521,4.79037094766307,0.470192739752139,1.38708746460167,0.916894724849532
"336860",6.97069962944981,8.09236750490996,7.79366303795882,0.298704466951142,1.12166787546016,0.822963408509013
"392419",1.35565251025593,4.69282262655249,3.36196209155524,1.33086053499726,3.33717011629656,2.0063095812993
"409887",2.14858733585915,2.82307458501939,2.58199878473029,0.241075800289094,0.674487249160239,0.433411448871145
"467733",8.84036223517452,6.60316164888847,7.17096624327077,-0.567804594382292,-2.23720058628604,-1.66939599190375
"482991",6.57639280360034,8.70830084395425,8.13631412498796,0.571986718966286,2.1319080403539,1.55992132138762
"507781",6.4678740319642,8.82687970391684,8.19193333367647,0.634946370240373,2.35900567195264,1.72405930171227
"108768",4.39357963388577,3.48644476083729,3.75482453762997,-0.268379776792679,-0.907134873048474,-0.638755096255795
"268615",4.03727322528568,6.32656116647668,5.81894836991965,0.507612796557037,2.289287941191,1.78167514463397
"31740",0.198245245402972,0.730670643931121,0.488796449875003,0.241874194056118,0.532425398528149,0.290551204472031
"263783",1.18793381198399e-08,1.37334410389846,0.729496119561795,0.643847984336667,1.37334409201912,0.729496107682457
"108289",0.660784933983865,1.05206592378079,0.875868320938726,0.176197602842067,0.391280989796928,0.215083386954861
"361551",1.73389444317842,0.820810210349564,1.17766880389001,-0.356858593540443,-0.913084232828855,-0.556225639288412
"18212",1.6165263258418,1.93941730109123,1.81309949144725,0.126317809643985,0.322890975249439,0.196573165605455
"488896",1.50462582003877,3.87700776247677,3.01062393986193,0.866383822614845,2.372381942438,1.50599811982315
"544438",1.99446771086442,3.51438577084955,2.95023144873925,0.564154322110306,1.51991805998513,0.955763737874825
"151097",1e-08,0.43397009086214,0.200097869435879,0.233872221426261,0.43397008086214,0.200097859435879
"346566",0.0246033077572397,0.135465964875378,0.0826488159843838,0.0528171488909942,0.110862657118138,0.0580455082271441
"107497",0.956707809646187,1.36054188581163,1.19864192052757,0.161899965284056,0.403834076165441,0.241934110881385
"154407",1e-08,2.31802224125924,1.34810621758521,0.969916023674031,2.31802223125924,1.34810620758521
"483222",1e-08,0.928687799717935,0.43874714891877,0.489940650799165,0.928687789717935,0.43874713891877
"348097",0.237878915943189,1.0942945543607,0.752986892642844,0.341307661717856,0.856415638417511,0.515107976699654
"124711",2.552648489562,0.435071948192861,2.552648489562,-2.11757654136914,-2.11757654136914,0
"234109",1.21979719386201,1.4958255648914,1.37665543891463,0.119170125976766,0.276028371029385,0.156858245052619
"208806",2.14203229147255,2.2216988833788,2.18751214161972,0.0341867417590853,0.0796665919062582,0.0454798501471729
"26322",3.24844409868899,4.74684768990367,4.25368121957333,0.493166470330335,1.49840359121468,1.00523712088434
"522219",5.0931249181735,5.40561887653594,5.33790371682426,0.0677151597116827,0.312493958362448,0.244778798650765
"210595",0.21891640901723,0.967719606436763,0.572514431050856,0.395205175385907,0.748803197419533,0.353598022033626
"372866",0.44555764381553,0.468695117444956,0.458299478500682,0.0103956389442736,0.0231374736294259,0.0127418346851523
"428342",0.0880326199495758,0.797134391553401,0.527976816061402,0.269157575491999,0.709101771603825,0.439944196111826
"171899",5.79390655832018,3.58289676556945,4.28735430952785,-0.704457543958398,-2.21100979275073,-1.50655224879234
"200490",5.13060809268706,4.44964607520024,4.67608525565923,-0.226439180458989,-0.680962017486812,-0.454522837027823
"319033",0.657462961712109,1.61125895410657,1.22033819215184,0.390920761954724,0.95379599239446,0.562875230439736
"339291",10,4.90507721040478,6.30950689156272,-1.40442968115794,-5.09492278959522,-3.69049310843728
"461368",4.22684325899622,5.07339162280086,4.7867223334327,0.28666928936816,0.846548363804635,0.559879074436474
"539484",10,7.66633106460406,9.35170394228578,-1.68537287768172,-2.33366893539594,-0.648296057714219
"565181",4.36832095873681,4.87877180791682,4.70664647457609,0.172125333340724,0.510450849180009,0.338325515839284
"305316",3.09113731943958,2.4662374740498,2.69192128986978,-0.225683815819973,-0.624899845389773,-0.3992160295698
"538001",6.49871383542994,2.49450707074958,3.668383974665,-1.17387690391542,-4.00420676468036,-2.83032986076494
"20285",5.63490148483018,2.51129577334497,3.3921435591136,-0.880847785768628,-3.1236057114852,-2.24275792571658
"478525",1.50642095539779,2.21827248546253,1.9249018624824,0.293370622980133,0.711851530064737,0.418480907084605
"110397",1.22262387568541,2.72220155943356,2.08802887676398,0.634172682669583,1.49957768374815,0.865405001078564
"376936",1.02835990695388,2.91908602495863,2.12202285681235,0.797063168146281,1.89072611800475,1.09366294985847
"273339",1.26161639712099,1.18581086791477,1.21674512288134,-0.0309342549665723,-0.0758055292062227,-0.0448712742396504
"573884",0.692049896795458,1.1605591299331,0.941896118681654,0.218663011251442,0.468509233137638,0.249846221886196
"119532",3.12844866961232,2.13475727004695,2.47389431316596,-0.339137043119006,-0.993691399565368,-0.654554356446362
"369177",1.222785647844,1.87289865886982,1.64068217929719,0.232216479572636,0.65011301102583,0.417896531453193
"450456",3.45384763334963,1.27053194992925,1.91839445152389,-0.647862501594643,-2.18331568342038,-1.53545318182574
"535125",6.2297470530238,2.84441021597083,3.87606661387859,-1.03165639790776,-3.38533683705296,-2.3536804391452
"173796",0.193671172652758,0.304380076593061,0.253463791345291,0.0509162852477709,0.110708903940304,0.0597926186925329
"119357",10,7.23266229323275,9.18021386634586,-1.94755157311312,-2.76733770676725,-0.819786133654139
"236028",3.58009184842315,2.36216334746244,2.80082116287712,-0.438657815414682,-1.21792850096071,-0.779270685546026
"250736",3.29310443263924,2.55660481931114,2.82441076940695,-0.267805950095815,-0.736499613328097,-0.468693663232282
"567814",3.00991926120146,3.00051448530754,3.00409507113553,-0.00358058582798426,-0.00940477589392286,-0.00582419006593859
"434308",3.1722288969003,2.26052177569665,2.58750028529197,-0.326978509595316,-0.911707121203644,-0.584728611608329
"135103",10,3.5685950274506,5.47193244583458,-1.90333741838398,-6.4314049725494,-4.52806755416542
"411978",10,4.52085976460563,7.99819473145497,-3.47733496684935,-5.47914023539437,-2.00180526854503
"471406",10,5.0427686364158,8.33134885793907,-3.28858022152327,-4.9572313635842,-1.66865114206093
"568561",2.12779096210931,2.12057385234936,2.12364164129848,-0.0030677889491213,-0.0072171097599556,-0.0041493208108343
"214288",5.91924080323388,3.1429354633054,4.00248272276492,-0.85954725945952,-2.77630533992847,-1.91675808046895
"501168",3.74240132027962,1.97046705375276,2.58205594973768,-0.61158889598492,-1.77193426652686,-1.16034537054194
"155408",2.98530229320847,2.38758334876624,2.59744529027317,-0.209861941506933,-0.597718944442231,-0.387857002935298
"176614",5.62671088673562,3.01025316752003,3.79695516961849,-0.786702002098466,-2.61645771921559,-1.82975571711712
"217505",7.53588959395341,7.41502789781564,7.44613721779909,-0.0311093199834529,-0.120861696137772,-0.0897523761543191
"22421",1.85932243233366,3.98808894395438,3.17433357926397,0.813755364690407,2.12876651162071,1.31501114693031
"272070",2.37617321815464,3.35499359580195,2.99042265606854,0.364570939733411,0.978820377647311,0.6142494379139
"327962",7.63770662232306,7.32675720716688,7.40641176979375,-0.0796545626268683,-0.310949415156179,-0.23129485252931
"402708",9.79452560858537,5.69404507496718,6.69844280003536,-1.00439772506818,-4.10048053361819,-3.09608280855001
"430187",4.3187087495579,5.04713097994556,4.80290793192694,0.244223048018625,0.728422230387661,0.484199182369036
"442118",3.31453143082949,5.78852359409637,4.92882544816991,0.859698145926462,2.47399216326687,1.61429401734041
"285596",0.621088362263079,1.17696943467169,0.924814314686782,0.252155119984908,0.555881072408612,0.303725952423704
"152102",1e-08,0.404713830864096,0.241872699696514,0.162841131167582,0.404713820864096,0.241872689696514
"203593",0.345905365750205,1.90715929010207,1.2470414910216,0.660117799080473,1.56125392435187,0.901136125271396
"306608",0.593353968530789,1.08595321835692,0.908895202632484,0.177058015724431,0.492599249826127,0.315541234101695
"558665",1.35645905601205,2.57184513231871,2.06538761677014,0.50645751554857,1.21538607630666,0.708928560758092
"559688",1.03560013888269,2.87068846887532,2.11270506492442,0.757983403950904,1.83508832999264,1.07710492604173
"565692",0.724894449276019,1.73008991338667,1.2913166081118,0.438773305274871,1.00519546411065,0.566422158835779
"439602",0.860696697276399,1.00753986332618,0.940746792105857,0.0667930712203266,0.146843166049785,0.0800500948294582
"471977",0.642888923283431,0.534578790509555,0.585188299666376,-0.0506095091568214,-0.108310132773876,-0.0577006236170545
"102882",4.68855218794156,3.15087037105501,3.6149054761865,-0.46403510513149,-1.53768181688655,-1.07364671175506
"155691",9.00993265309634,5.82545232033702,6.62448474110275,-0.799032420765731,-3.18448033275932,-2.38544791199359
"201743",10,9.34266316322186,10,-0.657336836778137,-0.657336836778137,0
"205057",5.7404345913424,1.74051399758223,2.78592554633867,-1.04541154875644,-3.99992059376016,-2.95450904500372
"213688",10,9.34266316322186,10,-0.657336836778137,-0.657336836778137,0
"243600",10,12.0308642177185,10,2.03086421771848,2.03086421771848,0
"277892",9.23424277566128,6.18828385087005,6.96542816804172,-0.777144317171668,-3.04595892479122,-2.26881460761956
"295937",4.34673728821098,3.83796918385736,3.99824272829938,-0.160273544442019,-0.508768104353619,-0.3484945599116
"474775",10,1.58269318515095,10,-8.41730681484905,-8.41730681484905,0
"506949",9.98682425207876,5.37569001540047,6.51698741658861,-1.14129740118813,-4.61113423667828,-3.46983683549015
"525456",10,7.5019083479266,10,-2.4980916520734,-2.4980916520734,0
"532240",0.941030727374661,1.50258909299864,1.30002865730798,0.202560435690666,0.56155836562398,0.358997929933314
"72480",4.88751697433291,3.08027439565828,3.62518397563992,-0.544909579981635,-1.80724257867463,-1.26233299869299
"85835",1e-08,0.373722721844064,0.200108363679574,0.17361435816449,0.373722711844064,0.200108353679574
"140083",4.03133606385435,7.49671528966463,6.67327156097568,0.82344372868895,3.46537922581027,2.64193549712132
"205688",1.19964738921208,2.395905161367,1.92772901948357,0.468176141883435,1.19625777215492,0.728081630271484
"330317",3.66784989123044,5.24240542753049,4.720906424098,0.52149900343249,1.57455553630004,1.05305653286755
"331880",2.7680520401051,3.15023108179862,3.00684377325948,0.143387308539135,0.382179041693516,0.23879173315438
"33475",1.10262208560834,2.39226291461348,1.89593814600675,0.496324768606733,1.28964082900514,0.793316060398405
"239134",0.711219739444129,1.34047969102075,1.08941583420706,0.251063856813687,0.629259951576617,0.37819609476293
"12187",0.0932460491174847,0.160223218528852,0.128134704055372,0.03208851447348,0.0669771694113672,0.0348886549378872
"113468",2.0291470470653,3.40906877948169,2.89292194646779,0.516146833013895,1.37992173241639,0.863774899402494
"199891",5.23348931519167,5.12526872697176,5.15010447151432,-0.0248357445425595,-0.108220588219909,-0.0833848436773499
"146953",3.43598863777711,3.27469777861374,3.32285688730009,-0.0481591086863475,-0.161290859163361,-0.113131750477014
"26536",0.807548944788985,1.61228432279967,1.27680298546613,0.335481337333538,0.804735378010681,0.469254040677143
"415309",3.80778006040614,3.51964009719896,3.60932730446927,-0.0896872072703077,-0.288139963207177,-0.198452755936869
"175820",0.128042932383119,0.843213111048488,0.510058215195667,0.33315489585282,0.715170178665368,0.382015282812548
"9079",0.424446159925758,1.20853974022622,0.870513111314563,0.338026628911657,0.784093580300463,0.446066951388806
"10440",10,7.96582824306847,9.29815634288796,-1.33232809981949,-2.03417175693153,-0.70184365711204
"160421",1.88234303809277,1.33810408840226,1.54540275383465,-0.207298665432381,-0.54423894969051,-0.336940284258129
"22347",2.5756064239272,2.49590257525411,2.52402887924643,-0.028126303992321,-0.0797038486730877,-0.0515775446807667
"35342",1.28018730647146,2.32278597089471,1.88938577247614,0.433400198418573,1.04259866442325,0.609198466004679
"373764",8.73947246407394,5.39102507272456,6.2049259117563,-0.813900839031737,-3.34844739134937,-2.53454655231763
"533501",2.57154309004408,2.54283089129574,2.55306757331841,-0.0102366820226694,-0.0287121987483392,-0.0184755167256698
"575462",7.53489942871845,6.20254732112448,6.52775580421681,-0.325208483092325,-1.33235210759396,-1.00714362450164
"76967",4.08354582924,4.57579024035239,4.41534255901767,0.160447681334723,0.492244411112392,0.331796729777669
"275413",0.606231576885856,0.188303974892409,0.344185723268844,-0.155881748376435,-0.417927601993447,-0.262045853617012
"90283",1e-08,0.176942228368141,0.0909395978990343,0.0860026304691066,0.176942218368141,0.0909395878990343
"152515",10,8.54484685907778,10,-1.45515314092222,-1.45515314092222,0
"172907",3.48140128879774,1.47232770575464,2.09153234934023,-0.619204643585582,-2.0090735830431,-1.38986893945752
"244029",6.75770628597694,1.40489738707263,2.71290628311673,-1.3080088960441,-5.35280889890431,-4.0448000028602
"379315",5.42721029119549,3.64994577910466,4.21736208278947,-0.567416303684808,-1.77726451209083,-1.20984820840602
"433914",3.1454009771654,2.56254802310865,2.77447734624067,-0.211929323132025,-0.582852954056748,-0.370923630924723
"480553",10,3.91193822803552,5.81143534887722,-1.8994971208417,-6.08806177196448,-4.18856465112278
"176546",0.674109753491425,1.50683322536896,1.17602799195545,0.33080523341351,0.832723471877534,0.501918238464024
"229884",0.273714630138347,1.09651247599805,0.740234057030809,0.356278418967246,0.822797845859708,0.466519426892461
"393855",1.09590275808534,1.30694655501007,1.21940605847742,0.0875404965326489,0.211043796924735,0.123503300392086
"336048",2.32095521628393,1.51530716016153,1.82711020807139,-0.311803047909865,-0.805648056122397,-0.493845008212532
"96772",0.520639403660231,0.532644266778577,0.528932408724394,0.0037118580541835,0.0120048631183469,0.00829300506416342
"428345",1e-08,0.249429598116951,0.132246689319901,0.117182908797051,0.249429588116951,0.132246679319901
"208560",1e-08,0.599809604091357,0.272475486451541,0.327334117639816,0.599809594091357,0.272475476451541
"101860",3.02805900860417,1.86962800013333,2.24490720414394,-0.375279204010614,-1.15843100847084,-0.783151804460226
"179530",0.377017229893992,0.575191150907871,0.488542084048788,0.0866490668590835,0.198173921013879,0.111524854154796
"186468",5.06974613807778,4.18594451889412,4.47518665388637,-0.289242134992246,-0.883801619183656,-0.59455948419141
"211727",10,4.94937573277277,6.19477876516682,-1.24540303239405,-5.05062426722723,-3.80522123483318
"452705",2.78527342150676,3.09965168620946,2.98150865069369,0.118143035515762,0.314378264702698,0.196235229186937
"475960",5.31808191518285,4.00192025223288,4.4300188085235,-0.428098556290616,-1.31616166294997,-0.888063106659352
"73097",10,7.26749646490035,8.9502505249183,-1.68275406001794,-2.73250353509965,-1.0497494750817
"87275",10,7.26749646490035,8.9502505249183,-1.68275406001794,-2.73250353509965,-1.0497494750817
"98043",4.78999187565858,4.26189549468395,4.43371234397024,-0.171816849286286,-0.528096380974629,-0.356279531688343
"264533",0.160951186889414,0.283728736637927,0.225120556130992,0.0586081805069354,0.122777549748513,0.0641693692415781
"222180",0.67260508701075,0.706793285295741,0.693456468071801,0.0133368172239402,0.0341881982849913,0.0208513810610511
"159796",1e-08,0.835349729997132,0.403389890263519,0.431959839733612,0.835349719997132,0.403389880263519
"304502",2.18229362782584,1.52245080796546,1.77427417821757,-0.251823370252106,-0.659842819860378,-0.408019449608272
"160731",1.33567379561045,0.599781709808033,0.915674207814957,-0.315892498006925,-0.735892085802418,-0.419999587795493
"344534",0.279649936667929,0.678481356791246,0.495872993846554,0.182608362944692,0.398831420123317,0.216223057178625
"330178",1e-08,1.3617405875356,0.677051355643311,0.684689231892287,1.3617405775356,0.67705134564331
"396130",0.98441508638151,1.32157059795778,1.1848197126854,0.136750885272375,0.33715551157627,0.200404626303895
"411345",1.97574086784758,1.44694661263673,1.6425640209764,-0.195617408339675,-0.528794255210855,-0.33317684687118
"575929",1.48503332233369,1.99784904452955,1.79982437121235,0.198024673317202,0.512815722195859,0.314791048878656
"63508",0.800816813436453,2.81663281829334,2.0295665596751,0.787066258618241,2.01581600485688,1.22874974623864
"373142",2.36710308266436,3.19349713860938,2.88786638229377,0.305630756315613,0.826394055945026,0.520763299629413
"45399",1.22633098410505,2.41659486821773,2.02440091630627,0.392193951911465,1.19026388411268,0.798069932201212
"79501",3.16065990646314,2.58953884884606,2.8000222515637,-0.210483402717632,-0.571121057617076,-0.360637654899444
"333610",0.308973408553938,0.417414591929618,0.372811528346111,0.0446030635835074,0.10844118337568,0.0638381197921722
"143061",10,4.23664552168972,5.77807883431793,-1.54143331262821,-5.76335447831028,-4.22192116568207
"66296",1.7251769785119,1.82678920381871,1.78819680212414,0.0385924016945667,0.101612225306803,0.0630198236122366
"70563",0.0279679152878232,0.126120338921748,0.082886059011388,0.0432342799103596,0.0981524236339243,0.0549181437235648
"418983",0.184056897082306,0.754536557044277,0.488603013896597,0.26593354314768,0.570479659961971,0.304546116814291
"50513",1.98191968302995,1.82998337917917,1.89067830072237,-0.0606949215431996,-0.151936303850788,-0.0912413823075886
"313643",0.502901231573343,0.891426969057959,0.733235896593382,0.158191072464577,0.388525737484616,0.230334665020039
"202099",1.2873892695458,2.67875553348103,2.10293624395958,0.575819289521454,1.39136626393523,0.815546974413778
"442845",1.08077144642663,1.22269581423627,1.16575219954341,0.0569436146928597,0.141924367809645,0.084980753116785
"492785",2.49690052127105,3.02374676084982,2.83110120540168,0.192645555448141,0.526846239578775,0.334200684130634
"103094",0.196928358795304,0.996187019438789,0.589194936264126,0.406992083174663,0.799258660643485,0.392266577468822
"256294",1.2892465241651,2.56965821728134,2.0386314235954,0.531026793685945,1.28041169311624,0.749384899430293
"549862",0.12932958694008,0.297324023052073,0.213946730413408,0.083377292638665,0.167994436111993,0.0846171434733275
"536832",0.406970739508068,0.520517733222825,0.471426103494121,0.0490916297287037,0.113546993714756,0.0644553639860527
"250344",1.79618934333836,1.89029428245826,1.85367780673363,0.0366164757246226,0.0941049391198989,0.0574884633952764
"145739",1e-08,0.387863236815112,0.17891955762639,0.208943679188722,0.387863226815112,0.17891954762639
"66344",1.62893258993233,3.41963237853974,2.7420622143231,0.677570164216642,1.79069978860741,1.11312962439077
"10008",0.884943077733695,1.49522482352891,1.24088657785802,0.254338245670894,0.610281745795217,0.355943500124322
"340524",0.881887805716443,1.51584007188824,1.25374080622812,0.262099265660119,0.6339522661718,0.371853000511681
"541773",2.32861630994214,3.41960504253861,3.00642091106772,0.413184131470891,1.09098873259647,0.677804601125576
"122050",0.575565393225433,2.50476702652987,1.74420374987506,0.760563276654814,1.92920163330444,1.16863835664963
"457067",4.04522496996511,1.88434550094391,2.63441561689386,-0.750070115949947,-2.16087946902119,-1.41080935307125
"562089",0.315203797440436,0.783838368479676,0.597011155758938,0.186827212720738,0.46863457103924,0.281807358318502
"188911",1e-08,0.211765024009144,0.11380242662545,0.0979625973836937,0.211765014009144,0.11380241662545
"406362",4.11697438752317,1.59150094444943,2.42992409530441,-0.838423150854982,-2.52547344307374,-1.68705029221876
"117474",8.60514565056857,6.52683569924365,7.06249107246658,-0.53565537322293,-2.07830995132492,-1.54265457810199
"130036",7.56913777201012,7.43209673500014,7.55036880119046,-0.118272066190324,-0.137041037009983,-0.0187689708196581
"213238",2.69215556921732,2.81478361229859,2.76967239507662,0.0451112172219648,0.122628043081264,0.0775168258592993
"301404",10,10.9716554170499,10,0.97165541704994,0.97165541704994,0
"354812",2.3186623458795,3.94371116495466,3.29698280041313,0.646728364541531,1.62504881907516,0.978320454533631
"356445",8.32021764307381,7.04004037937703,7.37002126081507,-0.329980881438043,-1.28017726369678,-0.950196382258732
"540770",2.25297398153119,3.8275202072575,3.20879455380374,0.618725653453768,1.57454622572631,0.955820572272541
"542795",3.76060752855086,5.78906362670367,5.08606924739588,0.70299437930779,2.02845609815281,1.32546171884502
"72867",4.68496644873551,4.37052835245692,4.47389890703344,-0.103370554576519,-0.314438096278591,-0.211067541702072
"75808",0.816835297755468,1.82210228436851,1.47955277941054,0.342549504957967,1.00526698661304,0.662717481655074
"22377",0.529587849277262,0.843994385632084,0.719437725304336,0.124556660327748,0.314406536354822,0.189849876027074
"367962",2.12783805348544,3.15006873874093,2.77662289542691,0.373445843314018,1.02223068525549,0.648784841941472
"381323",0.65443196541114,1.6926498833082,1.26083073256179,0.431819150746414,1.03821791789706,0.606398767150645
"212404",0.144623266412029,1.40138624583716,0.827800496595609,0.573585749241553,1.25676297942513,0.68317723018358
"352610",1.44877901138239,2.62592072885116,2.13297309954026,0.492947629310901,1.17714171746877,0.684194088157873
"116399",5.20455652642178,5.4246447101999,5.375540617184,0.0491040930159024,0.22008818377812,0.170984090762218
"565377",1.10307505659872,2.31001232961867,1.84527929667842,0.464733032940255,1.20693727301995,0.7422042400797
"9592",1.99523527707231,1.90755818944519,1.94322713727639,-0.0356689478311971,-0.0876770876271149,-0.0520081397959178
"447777",0.333339592822124,0.785610177436621,0.570330504143394,0.215279673293227,0.452270584614497,0.23699091132127
"398365",8.59979889848811,5.42115470509214,6.18373018058889,-0.762575475496747,-3.17864419339597,-2.41606871789922
"458198",10,4.42066063927291,5.87849777662342,-1.45783713735051,-5.57933936072709,-4.12150222337658
"89968",0.0327869504967019,0.552017598550184,0.338989852999195,0.213027745550989,0.519230648053482,0.306202902502493
"555504",0.0488272777701208,0.271622395744142,0.164008230192096,0.107614165552046,0.222795117974021,0.115180952421975
"287099",1.06693839749752,0.920785356792939,0.972697898884549,-0.0519125420916102,-0.146153040704578,-0.0942404986129681
"561707",5.74243297029497,3.10731638863793,3.9046269350903,-0.797310546452376,-2.63511658165704,-1.83780603520466
"505521",0.610560640304908,0.572743441821921,0.586129485631408,-0.0133860438094864,-0.0378171984829869,-0.0244311546735005
"334242",9.66701787650968,4.58711642821781,5.78598529236381,-1.198868864146,-5.07990144829187,-3.88103258414587
"532127",0.491318576659751,0.310242781283341,0.381554950205378,-0.0713121689220375,-0.181075795376411,-0.109763626454373
"287816",0.100884162974293,0.28411287985785,0.191305870213842,0.0928070096440083,0.183228716883557,0.0904217072395488
"60813",0.961868404243063,1.14498311704558,1.07765112317481,0.0673319938707782,0.183114712802521,0.115782718931743
"415059",0.930707234736644,1.49878260523621,1.25372245930622,0.245060145929993,0.568075370499567,0.323015224569574
"418798",0.142917603791906,0.829912410815777,0.499196094687727,0.330716316128049,0.686994807023871,0.356278490895821
"489141",1e-08,0.306449472793281,0.17077059469078,0.135678878102501,0.306449462793281,0.17077058469078
"50908",0.217852661763298,0.834002615492549,0.537354265841479,0.29664834965107,0.616149953729251,0.319501604078181
"3458",2.6106130202685,2.35217836146601,2.43985362242466,-0.0876752609586444,-0.258434658802487,-0.170759397843842
"410235",5.00073065901753,3.61648491643423,3.87433961110516,-0.257854694670927,-1.38424574258331,-1.12639104791238
"520423",0.410038352367063,0.620807674519671,0.524895830020035,0.0959118444996364,0.210769322152608,0.114857477652972
"374509",1e-08,0.356797644951417,0.179602522658314,0.177195122293103,0.356797634951417,0.179602512658314
"213325",5.53905815704454,3.76406310459728,4.33678257019521,-0.572719465597931,-1.77499505244726,-1.20227558684933
"305367",10,7.77885094059391,9.38255694133434,-1.60370600074043,-2.22114905940609,-0.617443058665662
"356342",4.13590710848585,1.40039467335801,2.29041496161853,-0.890020288260521,-2.73551243512783,-1.84549214686731
"461908",0.531334053855882,1.48482669565548,1.10879210861118,0.376034587044302,0.9534926417996,0.577458054755299
"519781",2.77102589058241,2.94507662620228,2.88104395184464,0.0640326743576458,0.174050735619869,0.110018061262223
"524994",5.43695942966179,3.77069662085311,4.30658466334453,-0.535888042491421,-1.66626280880867,-1.13037476631725
"557419",2.42059635180495,3.67840832221781,3.1888420783799,0.489566243837904,1.25781197041285,0.768245726574949
"117656",7.31362952554971,7.83720675613064,7.70081614255126,0.136390613579375,0.523577230580921,0.387186617001546
"153146",10,9.84508965082805,10,-0.154910349171953,-0.154910349171953,0
"169412",2.45997856832734,3.1169484300392,2.87248141040303,0.244467019636171,0.656969861711865,0.412502842075694
"210738",10,4.81201568556742,6.1869601715115,-1.37494448594408,-5.18798431443258,-3.8130398284885
"40273",1.12335879621337,2.49764857563703,1.94565951223654,0.551989063400488,1.37428977942366,0.822300716023176
"428876",10,9.84508965082805,10,-0.154910349171953,-0.154910349171953,0
"544395",2.77684774632872,2.09328733785992,2.31961519990204,-0.226327862042119,-0.683560408468801,-0.457232546426681
"78149",3.74695846149381,5.15420266120298,4.68057381982963,0.473628841373348,1.40724419970917,0.933615358335822
"565120",1e-08,0.0786539535610424,0.0380086458279198,0.0406453077331226,0.0786539435610424,0.0380086358279198
"545678",0.102330444845943,0.212871341005114,0.159815953304444,0.0530553877006693,0.11054089615917,0.0574855084585012
"117398",0.470530671301929,0.744966625201513,0.609941842027261,0.135024783174252,0.274435953899585,0.139411170725332
"87235",0.0433091048276177,0.152967088058233,0.101240041681048,0.0517270463771849,0.109657983230615,0.0579309368534304
"146225",0.256497287768511,0.559776608908128,0.432470791431579,0.127305817476549,0.303279321139618,0.175973503663069
"246604",0.045342942012969,0.893457654027207,0.481620727796319,0.411836926230888,0.848114712014238,0.43627778578335
"251967",3.92168425439162,5.22408527346578,4.96405335807803,0.260031915387743,1.30240101907416,1.04236910368641
"44086",1.04503178274834,1.39049914490363,1.24744970600599,0.143049438897645,0.345467362155294,0.20241792325765
"11117",1.24174490333798,0.679956556590741,0.925958397216005,-0.246001840625264,-0.561788346747242,-0.315786506121978
"190536",1.8018502946535,0.897988678791943,1.26421546158542,-0.36622678279348,-0.903861615861555,-0.537634833068076
"250169",0.114093311771985,1.00872791836396,0.566226230637049,0.442501687726912,0.894634606591976,0.452132918865064
"54467",0.123531900132703,0.173091176963576,0.148799870424403,0.0242913065391724,0.0495592768308732,0.0252679702917008
"94193",2.42415468262453,0.493319888072757,1.21236712365448,-0.719047235581718,-1.93083479455177,-1.21178755897005
"306217",10,1.41634397141542,10,-8.58365602858458,-8.58365602858458,0
"301969",0.750072774921157,1.05871039742237,0.916736801738602,0.141973595683764,0.308637622501209,0.166664026817445
"294419",1.56264971460318,2.36851878021789,2.0400014597816,0.328517320436291,0.805869065614704,0.477351745178413
"287994",5.94657186934842,2.66848002730708,3.63178149995101,-0.963301472643937,-3.27809184204134,-2.3147903693974
"316361",1e-08,0.426349792646755,0.219558441995298,0.206791350651456,0.426349782646755,0.219558431995298
"508466",0.133479001192389,0.418713424267699,0.280669383266817,0.138044041000883,0.285234423075311,0.147190382074428
"3158",0.421122623621105,1.17517312994668,0.848217478746313,0.326955651200368,0.754050506325576,0.427094855125208
"350692",2.21996928110413,2.37743367293383,2.32028065463291,0.0571530183009177,0.157464391829696,0.100311373528779
"117094",3.62557908388514,4.65501918067194,4.31271840563776,0.34230077503418,1.0294400967868,0.687139321752619
"99336",0.55738441876507,1.98883502648205,1.38320188722797,0.605633139254073,1.43145060771698,0.825817468462904
"120001",1.30009227721792,1.55223707694755,1.46703206713561,0.0852050098119446,0.252144799729629,0.166939789917684
"461168",0.962212326252671,0.900073408643924,0.927292712026017,-0.0272193033820932,-0.0621389176087476,-0.0349196142266543
"276127",0.119228662601012,0.92538152892125,0.518648236915838,0.406733292005412,0.806152866320238,0.399419574314825
"454175",0.994014826852304,1.34110851695005,1.20064376422198,0.140464752728071,0.347093690097743,0.206628937369672
"497426",3.68995370295743,1.77689118583042,2.41627744014684,-0.639386254316424,-1.91306251712701,-1.27367626281059
"388189",1.78440111697563,1.09749437509947,1.31917790860937,-0.221683533509904,-0.686906741876164,-0.46522320836626
"118922",0.0433696734161843,0.0655065283518502,0.05536330517049,0.0101432231813602,0.0221368549356659,0.0119936317543057
"80701",0.791942396999569,1.73661994623,1.33681112589297,0.399808820337025,0.944677549230429,0.544868728893403
"347654",0.544848432215675,1.61841659059515,1.1660311064258,0.452385484169358,1.07356815837948,0.621182674210121
"5250",0.96035944972095,1.62363825451331,1.33348592860147,0.290152325911837,0.663278804792355,0.373126478880518
"104069",1.86874976079123,1.29726193887799,1.4957230140857,-0.19846107520771,-0.57148782191324,-0.373026746705529
"401069",0.601223096278277,1.74302749282795,1.27423039763273,0.468797095195225,1.14180439654968,0.673007301354453
"233489",0.459779130163582,1.27400776120887,0.901483965011112,0.372523796197757,0.814228631045287,0.44170483484753
"212390",0.376697133447533,1.08754365597738,0.790785359634731,0.29675829634265,0.710846522529848,0.414088226187198
"252786",1e-08,0.664789908811348,0.338135794012712,0.326654114798636,0.664789898811348,0.338135784012712
"208891",0.256508832192813,0.310728446008564,0.290675146368452,0.0200532996401114,0.0542196138157504,0.034166314175639
"375430",0.0988810913325675,0.35863789794659,0.224464410052063,0.134173487894527,0.259756806614023,0.125583318719496
"569369",0.218420291364181,0.740746258943678,0.514153153983203,0.226593104960475,0.522325967579497,0.295732862619022
"151928",0.448199241108559,0.929641234943476,0.738824489731018,0.190816745212457,0.481441993834917,0.290625248622459
"170703",0.848737203042035,3.18583607483268,2.20283739372336,0.982998681109318,2.33709887179064,1.35410019068132
"198678",1.59890737011526,2.00942012159238,1.84023063955467,0.169189482037709,0.410512751477114,0.241323269439406
"287383",10,6.9585632838295,8.47265317687256,-1.51408989304306,-3.0414367161705,-1.52734682312744
"418302",4.6149676400108,4.07489238427155,4.2474701525291,-0.172577768257556,-0.540075255739254,-0.367497487481698
"2935",1.40707180537628,1.13272096888973,1.24948144353636,-0.116760474646633,-0.274350836486549,-0.157590361839916
"486712",0.0454525137529791,0.336424560170131,0.201751881091401,0.13467267907873,0.290972046417152,0.156299367338422
"416369",0.470798977232923,0.505892289028322,0.490618739042054,0.0152735499862676,0.0350933117953988,0.0198197618091312
"180288",4.22562635060528,3.12918434101783,3.4526382100672,-0.323453869049369,-1.09644200958745,-0.772988140538081
"390183",0.885599319174755,0.635046644253028,0.735585277070675,-0.100538632817647,-0.250552674921726,-0.150014042104079
"187087",1e-08,4.20615613747145,2.85881239015968,1.34734374731177,4.20615612747145,2.85881238015968
"542234",0.545825700147244,1.98430190846156,1.38197314241921,0.602328766042352,1.43847620831432,0.836147442271969
"201901",7.56902474254839,7.11250415301821,7.22863874125587,-0.116134588237665,-0.456520589530184,-0.340386001292519
"299365",1.78982586707552,1.22831489736415,1.42140167003953,-0.193086772675376,-0.561510969711367,-0.368424197035991
"475980",10,8.35319373904661,9.86643883012056,-1.51324509107395,-1.64680626095339,-0.133561169879435
"503738",4.30505920211918,5.00147580724517,4.76762320194433,0.233852605300846,0.696416605125991,0.462563999825146
"55981",3.63321542929395,5.61636385733621,4.93449233385693,0.681871523479287,1.98314842804226,1.30127690456297
"577475",3.25890452829508,2.74785177546325,2.94050749895215,-0.192655723488899,-0.511052752831827,-0.318397029342929
"361913",0.813834498672428,0.397683088144944,0.540068056505587,-0.142384968360643,-0.416151410527484,-0.273766442166841
"191855",3.09883946968897,2.48654690489289,2.7089394067278,-0.222392501834905,-0.612292564796073,-0.389900062961167
"453668",1.67423785031066,2.72857176495815,2.35496281322015,0.373608951738008,1.05433391464749,0.680724962909482
"130885",6.12105304051757,2.90861181281021,3.8783740326454,-0.969762219835185,-3.21244122770735,-2.24267900787217
"191847",10,5.29576751754521,6.55599029459159,-1.26022277704638,-4.70423248245479,-3.44400970540841
"296034",5.34045827532411,4.01238786428426,4.44463803028117,-0.432250165996913,-1.32807041103985,-0.895820245042934
"314491",3.66181385261172,5.68212278871378,4.96767568204032,0.714447106673457,2.02030893610206,1.3058618294286
"331345",4.87690592654874,4.10281403966324,4.35492861475412,-0.252114575090877,-0.774091886885493,-0.521977311794616
"335989",5.08883461499759,4.48937893811806,4.6885852365813,-0.199206298463235,-0.599455676879524,-0.400249378416289
"412156",9.45839554192454,5.62318026850233,6.58428833083567,-0.961108062333341,-3.83521527342221,-2.87410721108887
"433151",2.40274796144121,3.57450863012756,3.12450887972476,0.449999750402799,1.17176066868635,0.721760918283552
"459879",1.81383730973414,2.10242905997851,1.98527846187981,0.117150598098704,0.288591750244369,0.171441152145666
"481940",10,8.27200513342303,9.97743929859838,-1.70543416517535,-1.72799486657697,-0.0225607014016163
"404937",0.045342942012969,0.429254434594481,0.236543638927333,0.192710795667149,0.383911492581512,0.191200696914364
"247285",6.76696442968978,1.45630486948381,2.75642864331659,-1.30012377383278,-5.31065956020597,-4.01053578637319
"261774",0.269397581237138,0.304539981835812,0.287694778540403,0.0168452032954084,0.035142400598674,0.0182971973032656
"272639",1e-08,0.14695302626976,0.0708137619254524,0.0761392643443073,0.14695301626976,0.0708137519254524
"366736",1.1142699798352,2.47171158840834,1.93506474539069,0.536646843017642,1.35744160857314,0.820794765555496
"529738",0.446667949149031,0.8565835796479,0.693319602632529,0.16326397701537,0.409915630498869,0.246651653483498
"557106",1.07613360895945,1.13009062849578,1.1095394721932,0.0205511563025833,0.0539570195363328,0.0334058632337495
"292677",4.57481448918921,5.46191350835274,5.27108157851679,0.190831929835948,0.887099019163535,0.696267089327587
"252056",1.71878054782083,2.89179648918446,2.37615714333047,0.515639345853982,1.17301594136363,0.657376595509643
"472724",3.76569030768658,4.56784128517539,4.30645503791034,0.26138624726505,0.802150977488808,0.540764730223758
"465337",0.390539220557666,0.539050883026006,0.474925465848196,0.0641254171778101,0.14851166246834,0.0843862452905303
"531945",0.135019396220761,0.278988624967187,0.207205286487332,0.0717833384798542,0.143969228746426,0.0721858902665718
"509891",5.379342531711,2.44708701230504,3.27256496645552,-0.825477954150483,-2.93225551940596,-2.10677756525548
"139457",0.472295164397913,1.63696818862298,1.06612121028731,0.570846978335674,1.16467302422507,0.593826045889398
"368935",0.386818883720473,0.586856893447843,0.495996151978915,0.0908607414689284,0.20003800972737,0.109177268258442
"41050",0.0643228683668587,0.245884560831364,0.161231475386327,0.0846530854450365,0.181561692464505,0.0969086070194686
"456178",1.25356965024754,0.779111719976721,0.944020718742253,-0.164908998765532,-0.47445793027082,-0.309548931505288
"564333",1.570960893641,2.46870761514218,2.07906615085299,0.389641464289189,0.897746721501182,0.508105257211994
"261992",0.667854235581566,1.78432059666286,1.31706255334554,0.467258043317328,1.1164663610813,0.64920831776397
"301106",2.58329025178704,3.71199370365896,3.26498855844524,0.447005145213721,1.12870345187191,0.681698306658193
"433056",0.425114510661451,0.899253540199286,0.690709863100494,0.208543677098792,0.474139029537835,0.265595352439043
"12995",0.0887824031059388,0.239185508065875,0.165001637721129,0.0741838703447461,0.150403104959937,0.0762192346151905
"224649",4.96199992630194,4.32931009697358,4.53574323579046,-0.206433138816879,-0.632689829328356,-0.426256690511478
"363756",1.75308823494925,2.05354293424906,1.93412855071366,0.119414383535407,0.30045469929981,0.181040315764403
"381622",3.12833034112781,5.62050338514044,4.76144674054843,0.859056644592008,2.49217304401263,1.63311639942063
"417921",4.92275808235364,6.46573505455208,6.10288652111852,0.362848533433556,1.54297697219844,1.18012843876488
"200020",10,10.7442880560237,10,0.744288056023688,0.744288056023688,0
"260135",10,4.75924158722164,6.23440407575874,-1.47516248853709,-5.24075841277836,-3.76559592424126
"280010",10,5.3050888967534,8.7356521144637,-3.4305632177103,-4.6949111032466,-1.2643478855363
"313480",10,8.53086323264617,10,-1.46913676735383,-1.46913676735383,0
"316077",4.85066989433306,4.35309770178261,4.51708030143618,-0.163982599653571,-0.49757219255045,-0.333589592896879
"357365",10,6.93697356578039,9.88500992081135,-2.94803635503095,-3.06302643421961,-0.114990079188654
"39382",10,10.7442880560237,10,0.744288056023688,0.744288056023688,0
"39525",10,5.71224820015424,6.82220065314804,-1.10995245299379,-4.28775179984576,-3.17779934685196
"406269",8.42490676258586,6.93459663372142,7.32824393622351,-0.393647302502088,-1.49031012886444,-1.09666282636235
"411610",10,4.09684743841808,5.78225295663957,-1.68540551822149,-5.90315256158192,-4.21774704336043
"469310",10,10.7442880560237,10,0.744288056023688,0.744288056023688,0
"489355",10,5.14216982510616,6.4847098257155,-1.34254000060934,-4.85783017489384,-3.5152901742845
"51457",5.31942512389668,3.6367558029743,4.17255441944423,-0.535798616469928,-1.68266932092238,-1.14687070445246
"563384",10,5.65285553509604,6.79726338296315,-1.14440784786711,-4.34714446490396,-3.20273661703685
"76868",6.1546153551724,1.8615805540865,2.99949739759336,-1.13791684350686,-4.2930348010859,-3.15511795757904
"205459",0.824645089412178,0.574392210290764,0.673881711629499,-0.0994895013387346,-0.250252879121413,-0.150763377782679
"77277",1.93593020758693,1.32934321419425,1.54723801577377,-0.21789480157952,-0.606586993392676,-0.388692191813156
"506510",0.827743551341706,1.10873096336248,1.00945224924729,0.0992787141151885,0.280987412020774,0.181708697905585
"234161",0.574836610709922,0.648815031501449,0.620913888220995,0.0279011432804542,0.0739784207915266,0.0460772775110724
"113112",10,7.24836907823506,9.99402147511038,-2.74565239687532,-2.75163092176494,-0.00597852488962403
"121124",9.39212881209717,6.24994712468067,7.04951429514114,-0.799567170460475,-3.1421816874165,-2.34261451695602
"213335",3.2926639996952,2.15307018552758,2.54735416494012,-0.39428397941254,-1.13959381416762,-0.745309834755084
"311935",10,3.89342722367981,5.77343163176494,-1.88000440808513,-6.10657277632019,-4.22656836823506
"323113",10,5.24590938902789,6.66404051708528,-1.41813112805739,-4.75409061097211,-3.33595948291472
"324804",1.14772571444809,1.36522844582035,1.30002612347382,0.065202322346537,0.217502731372262,0.152300409025725
"329487",10,6.36171661337294,9.47973910843793,-3.11802249506499,-3.63828338662706,-0.520260891562067
"503768",2.68841397568767,2.64508292855788,2.66030069682936,-0.0152177682714769,-0.0433310471297879,-0.0281132788583109
"534462",10,6.98127904285541,9.82627026941796,-2.84499122656255,-3.01872095714459,-0.173729730582043
"576447",10,9.58941423202882,10,-0.410585767971176,-0.410585767971176,0
"92014",3.07544389330898,1.46450724907502,1.93493161773914,-0.470424368664115,-1.61093664423396,-1.14051227556985
"9593",6.17458179829646,2.23200501904792,3.32755303651624,-1.09554801746831,-3.94257677924854,-2.84702876178023
"450964",0.164622831300722,0.555618906639128,0.344865562304353,0.210753344334775,0.390996075338406,0.180242731003631
"509157",0.456086509254553,0.937056191374058,0.735605256461242,0.201450934912816,0.480969682119506,0.27951874720669
"249190",0.848397852418559,1.56437540565448,1.268811332447,0.29556407320748,0.715977553235918,0.420413480028438
"379379",0.589043895704722,1.83303947927828,1.3085655006861,0.524473978592176,1.24399558357356,0.719521604981382
"305086",1e-08,0.23011960296071,0.134995112262295,0.0951244906984142,0.23011959296071,0.134995102262295
"158927",0.297317121501476,0.893606874145241,0.672845529029536,0.220761345115704,0.596289752643764,0.37552840752806
"340468",0.088699912904557,0.325753133598574,0.217752046342875,0.108001087255699,0.237053220694017,0.129052133438318
"62618",0.0547248474711066,0.37400891907443,0.209366070695463,0.164642848378968,0.319284071603324,0.154641223224356
"257439",0.477684801988063,1.12124831446515,0.838557566641709,0.28269074782344,0.643563512477085,0.360872764653646
"103397",2.15413257990726,1.60207620725042,1.77391343045359,-0.171837223203174,-0.552056372656844,-0.38021914945367
"199069",0.215958636409073,0.417413167922135,0.339141063828216,0.0782721040939187,0.201454531513062,0.123182427419143
"542759",0.0321310714411885,0.713592839808651,0.398961747089543,0.314631092719108,0.681461768367463,0.366830675648354
"176844",0.971705112642439,2.45208417935101,1.87317281442301,0.578911364928004,1.48037906670857,0.901467701780566
"578202",0.762637561947761,2.12745679105333,1.57554988668917,0.551906904364162,1.36481922910557,0.812912324741406
"324528",2.37530032743296,1.33258346033641,1.72423555856892,-0.39165209823251,-1.04271686709655,-0.651064768864038
"295879",1.00805658140597,0.523069135849782,0.713453255828583,-0.1903841199788,-0.484987445556192,-0.294603325577392
"115609",0.764680930527267,1.50589600065079,1.19706623538734,0.308829765263448,0.741215070123524,0.432385304860076
"386349",0.119862156358322,0.96574750685931,0.558536144401994,0.407211362457316,0.845885350500988,0.438673988043672
"324990",1.00527965576272,1.29323793573024,1.17981822760925,0.113419708120997,0.287958279967528,0.174538571846531
"477783",1.52557568163037,2.01160892745247,1.82389979524975,0.187709132202719,0.486033245822097,0.298324113619378
"369746",0.479006180657839,2.1962305566477,1.44086325826894,0.755367298378765,1.71722437598986,0.961857077611098
"247062",0.59125923996729,0.969855499746344,0.802667031807397,0.167188467938947,0.378596259779053,0.211407791840106
"90383",1e-08,0.487789131452494,0.296104364770392,0.191684766682102,0.487789121452494,0.296104354770392
"373303",0.980005807521671,2.93758054730814,2.13226769759616,0.805312849711975,1.95757473978646,1.15226189007449
"536519",2.34908645898348,5.34316239854298,4.37519655275646,0.96796584578652,2.9940759395595,2.02611009377298
"109413",8.77559515159765,6.71887319774982,7.24223353566687,-0.523360337917051,-2.05672195384784,-1.53336161593079
"16957",0.422038090075118,3.06860485329052,2.01313449019191,1.05547036309861,2.6465667632154,1.59109640011679
"182810",0.517213261647802,1.46193363869564,1.04457755768916,0.41735608100648,0.944720377047842,0.527364296041362
"187991",3.84790285958118,5.59948977387836,4.99982747881183,0.59966229506653,1.75158691429718,1.15192461923065
"245229",0.354484474976025,2.44633820865802,1.6991756201929,0.747162588465119,2.09185373368199,1.34469114521687
"275408",0.349270676794613,2.85664932641223,1.89137310631089,0.965276220101344,2.50737864961762,1.54210242951627
"369337",8.26865866692975,6.7367497660626,7.1337112998867,-0.396961533824103,-1.53190890086715,-1.13494736704305
"374462",5.89418729963716,2.31834171386785,3.33679118312503,-1.01844946925718,-3.57584558576931,-2.55739611651213
"421023",8.20046950069912,7.11702967304035,7.39497682341384,-0.277947150373492,-1.08343982765877,-0.805492677285278
"529190",0.589405407790446,2.98361605574745,2.00551946220893,0.978096593538521,2.394210647957,1.41611405441848
"554853",7.72198182784498,7.1884391830893,7.3280731926483,-0.139634009559002,-0.533542644755686,-0.393908635196684
"68608",2.38610658570996,2.40934062867315,2.4012061418281,0.00813448684505635,0.0232340429631908,0.0150995561181344
"437866",1.61040643835276,2.28230426053152,2.00741431592071,0.27488994461081,0.671897822178758,0.397007877567948
"515751",0.725141045216986,1.15955071158368,0.981568558900468,0.177982152683208,0.434409666366691,0.256427513683483
"256447",4.08392299901899,4.32174685500249,4.24240660745687,0.0793402475456189,0.237823855983501,0.158483608437882
"272895",0.303709879384303,1.93265478373281,1.28165919399875,0.650995589734056,1.6289449043485,0.977949314614447
"41402",1e-08,0.956182977067314,0.512116602777075,0.444066374290239,0.956182967067314,0.512116592777075
"227171",0.652667134516084,0.798552750629053,0.725142087340276,0.0734106632887767,0.145885616112969,0.0724749528241924
"355429",2.52613435015699,2.6675648799121,2.61738811620236,0.0501767637097355,0.141430529755113,0.0912537660453778
"457090",0.610072555350111,0.67802904396753,0.651507443665627,0.0265216003019024,0.0679564886174183,0.0414348883155159
"519349",1.11499514507759,0.94903097929358,1.02694448050894,-0.0779135012153628,-0.165964165784007,-0.0880506645686441
"300982",6.11701019615635,3.15620255605936,4.08080952973797,-0.924606973678606,-2.96080764009698,-2.03620066641838
"59909",0.278237324771341,0.613593906538997,0.465643708265186,0.147950198273811,0.335356581767656,0.187406383493845
"45997",0.68364917950689,0.652467573646953,0.664335433900599,-0.0118678602536469,-0.0311816058599378,-0.0193137456062908
"291478",0.44360338347086,0.68578035959406,0.59686298675788,0.0889173728361803,0.242176976123201,0.15325960328702
"107697",10,9.00559827879407,10,-0.99440172120593,-0.99440172120593,0
"193835",10,9.00559827879407,10,-0.99440172120593,-0.99440172120593,0
"257739",0.312387849284484,0.772053094853167,0.625155039896405,0.146898054956762,0.459665245568684,0.312767190611921
"270665",7.47559087328633,7.21877639906888,7.28479039604887,-0.0660139969799847,-0.256814474217447,-0.190800477237462
"307065",10,9.00559827879407,10,-0.99440172120593,-0.99440172120593,0
"355938",10,9.00559827879407,10,-0.99440172120593,-0.99440172120593,0
"358315",5.78918106600487,2.8426837119638,3.7162154572039,-0.873531745240097,-2.94649735404107,-2.07296560880097
"454975",7.35796863943224,7.60586527236903,7.54176893681703,0.0640963355520006,0.247896632936784,0.183800297384783
"489271",10,9.00559827879407,10,-0.99440172120593,-0.99440172120593,0
"496206",10,9.00559827879407,10,-0.99440172120593,-0.99440172120593,0
"517871",10,5.55826054643359,6.69133875219093,-1.13307820575734,-4.44173945356641,-3.30866124780907
"82098",4.6081541919937,4.7462201660777,4.69928563083065,0.0469345352470505,0.138065974084007,0.0911314388369568
"56070",2.02118641525901,2.45033783389605,2.30932731381216,0.14101052008389,0.429151418637038,0.288140898553148
"71797",1.51009451413042,2.30948952789598,2.04073730345921,0.268752224436769,0.79939501376556,0.530642789328791
"243229",0.0871988247933939,0.343852196157614,0.255924131336687,0.0879280648209267,0.25665337136422,0.168725306543293
"474709",0.60652270853076,1.14945958815931,0.90166268663635,0.247796901522957,0.542936879628547,0.29513997810559
"523012",0.243287250340856,0.581923336742558,0.43417971603124,0.147743620711318,0.338636086401702,0.190892465690384
"205600",0.654077572067228,0.572582875723908,0.601999600111879,-0.029416724387971,-0.0814946963433202,-0.0520779719553491
"162787",5.08714129380784,1.00393451474585,2.25511590941588,-1.25118139467003,-4.08320677906199,-2.83202538439196
"53301",1e-08,0.379115508745111,0.176333050618751,0.20278245812636,0.379115498745111,0.176333040618751
"239380",1.27697010103595,1.06642668469379,1.14694658029796,-0.0805198956041666,-0.210543416342156,-0.130023520737989
"219253",0.242706262173689,1.0561668501321,0.643759394581484,0.412407455550613,0.813460587958408,0.401053132407795
"173012",0.157700618019255,0.843139421898328,0.500435558100779,0.342703863797548,0.685438803879072,0.342734940081524
"566573",0.0765177125321746,0.55217111862222,0.36183499826379,0.190336120358431,0.475653406090046,0.285317285731615
"105937",0.0131508763003781,0.091905483141921,0.0534796469031913,0.0384258362387297,0.0787546068415429,0.0403287706028132
"194270",8.15227047816069,5.79360859725131,6.37783240135797,-0.584223804106665,-2.35866188090938,-1.77443807680272
"256658",2.48743074064062,0.433820969274449,2.48743074064062,-2.05360977136617,-2.05360977136617,0
"401104",1.32319553884404,2.26233626342223,1.89310882311753,0.369227440304704,0.939140724578192,0.569913284273488
"415185",1.51654621818585,2.33569521750775,2.00118716980123,0.334508047706514,0.819148999321893,0.484640951615379
"504526",3.25590725352083,2.20517991141191,2.57044716522692,-0.36526725381501,-1.05072734210892,-0.685460088293905
"77222",2.95162691949674,2.72587880701038,2.80810912760468,-0.0822303205943036,-0.22574811248636,-0.143517791892056
"327886",0.649040959951571,1.76398168723787,1.30353279233819,0.460448894899677,1.1149407272863,0.654491832386619
"131757",0.780894900127382,0.90159033155781,0.848571803122235,0.0530185284355745,0.120695431430428,0.0676769029948535
"39274",0.693864457378156,0.733332622126068,0.71698492895321,0.0163476931728583,0.0394681647479118,0.0231204715750535
"529937",1.19937650880948,2.89796471993929,2.17279184412653,0.725172875812762,1.69858821112981,0.97341533531705
"548401",3.03819930302431,1.06523595171036,1.79526812587056,-0.730032174160198,-1.97296335131395,-1.24293117715375
"382041",0.0570469837642189,1.07898360502846,0.567593974257267,0.511389630771192,1.02193662126424,0.510546990493048
"517813",0.100178854652548,0.719087968307062,0.442185288754847,0.276902679552215,0.618909113654514,0.342006434102299
"329700",1.00508645026939,2.75358773817087,2.02537725553144,0.728210482639438,1.74850128790148,1.02029080526205
"351666",0.0162830096966286,0.100449567562686,0.0576931505040497,0.0427564170586359,0.084166557866057,0.0414101408074211
"184809",1.46646466533865,2.30927344309548,1.97004751044324,0.339225932652237,0.842808777756828,0.503582845104591
"495049",0.128071821959266,0.581548839692395,0.398078727215266,0.183470112477128,0.453477017733128,0.270006905256
"231703",0.00574120124135925,1.05716542796821,0.560521285279715,0.4966441426885,1.05142422672686,0.554780084038356
"440817",0.0265338291297363,0.128989095300225,0.0836824944118203,0.0453066008884048,0.102455266170489,0.0571486652820841
"561140",0.258373256479186,0.80020540741466,0.539554123933035,0.260651283481624,0.541832150935474,0.281180867453849
"39703",0.0379892405235286,0.152988036343366,0.0959402335045469,0.0570478028388195,0.114998795819838,0.0579509929810183
"333845",1.64641240559009,1.61518051748072,1.6264364722715,-0.0112559547907767,-0.0312318881093658,-0.0199759333185892
"226073",0.192308421623274,1.63303208301679,0.91113609294445,0.721895990072343,1.44072366139352,0.718827671321176
"415077",0.838480440910617,1.75565489209594,1.35002997118344,0.405624920912495,0.917174451185319,0.511549530272823
"54643",8.94421165636213,4.52292010330604,5.55742598781325,-1.03450588450721,-4.42129155305609,-3.38678566854888
"77083",3.09052779817569,2.35698829501192,2.61523432553106,-0.25824603051914,-0.733539503163777,-0.475293472644637
"179885",1.55217606610449,0.886654279177992,1.14243534163,-0.255781062452005,-0.665521786926501,-0.409740724474496
"86227",1.0603238776094,1.42726533873759,1.27469109191159,0.152574246826003,0.366941461128194,0.214367214302191
"410214",0.456667303033069,1.10240368481664,0.820520219556424,0.281883465260217,0.645736381783572,0.363852916523355
"76034",0.832764567010823,1.82410810023249,1.38627212398399,0.4378359762485,0.991343533221666,0.553507556973166
"36308",1e-08,1.94893715103325,0.993513034996064,0.955424116037185,1.94893714103325,0.993513024996064
"186398",1e-08,0.0567859714344104,0.0318185554984913,0.0249674159359191,0.0567859614344104,0.0318185454984913
"346414",1e-08,0.716311353735762,0.293008982179966,0.423302371555796,0.716311343735762,0.293008972179966
"567290",1e-08,0.800200105971257,0.382812250976018,0.417387854995239,0.800200095971257,0.382812240976018
"436516",0.0306068339216983,0.195729166112576,0.118898077075613,0.0768310890369632,0.165122332190878,0.0882912431539143
"39329",0.359628773605755,0.292242898584288,0.317433686358267,-0.0251907877739792,-0.0673858750214675,-0.0421950872474884
"176906",1.9782274326372,1.52742621324692,1.69270662285397,-0.165280409607049,-0.450801219390279,-0.28552080978323
"556782",1e-08,1.29613739288634,0.613857433077981,0.682279959808356,1.29613738288634,0.613857423077981
"23773",3.3095618076551,1.6726867322614,2.20068032068112,-0.52799358841972,-1.63687507539371,-1.10888148697399
"308446",8.65772492809948,5.60171444898035,6.35784791481806,-0.756133465837716,-3.05601047911913,-2.29987701328141
"471693",0.985527487878208,1.35582822183632,1.20306629289579,0.152761928940531,0.370300733958116,0.217538805017585
"152236",1.26790044308025,2.53950856996652,2.02247624186213,0.517032328104385,1.27160812688627,0.754575798781887
"108041",1.72842934266815,1.04186313728468,1.26561623057672,-0.223753093292043,-0.686566205383475,-0.462813112091432
"323201",0.417969771470103,0.315645571433245,0.355578713309509,-0.0399331418762641,-0.102324200036859,-0.0623910581605945
"187458",0.475957122501079,1.00217231254408,0.783467828309986,0.218704484234092,0.526215190042999,0.307510705808906
"423372",1.37090995637842,1.2156027059618,1.27864152237755,-0.0630388164157485,-0.155307250416625,-0.0922684340008768
"18253",4.02511461103701,5.0978707388012,4.73410665275602,0.363764086045175,1.07275612776419,0.708992041719013
"344567",1.08077984993167,2.85148071561354,2.12560497191206,0.725875743701481,1.77070086568187,1.04482512198039
"528841",10,5.39715237455061,6.6228818689463,-1.22572949439569,-4.60284762544939,-3.3771181310537
"446071",0.20536355954386,2.28007373767508,1.20023072733737,1.07984301033771,2.07471017813122,0.994867167793509
"446309",0.546833382012404,1.14157632837901,0.870341755392889,0.271234572986125,0.594742946366611,0.323508373380486
"159328",0.0198182176727927,0.0378990597076897,0.0291190189594279,0.00878004074826173,0.018080842034897,0.00930080128663522
"109930",8.62763729680847,6.76237710550532,7.24217912662943,-0.479802021124105,-1.86526019130315,-1.38545817017904
"163105",4.23840267799126,5.12861368776952,4.82955202763405,0.299061660135475,0.890211009778264,0.591149349642789
"191990",10,9.75737824012141,10,-0.242621759878594,-0.242621759878594,0
"193303",10,9.75737824012141,10,-0.242621759878594,-0.242621759878594,0
"209591",10,9.75737824012141,10,-0.242621759878594,-0.242621759878594,0
"22152",10,9.75737824012141,10,-0.242621759878594,-0.242621759878594,0
"269071",2.65790904502232,2.71320971638527,2.69341230839532,0.0197974079899561,0.0553006713629514,0.0355032633729953
"281904",10,9.75737824012141,10,-0.242621759878594,-0.242621759878594,0
"295902",2.50063035755385,3.2323568092196,2.95920360804158,0.273153201178015,0.731726451665745,0.45857325048773
"343476",0.917288181027516,2.76895853244453,2.03511134231181,0.733847190132718,1.85167035141701,1.11782316128429
"349574",10,4.45354424314278,6.21884084754172,-1.76529660439894,-5.54645575685722,-3.78115915245828
"352240",4.54656438508963,5.3151698439717,5.05178211686615,0.263387727105549,0.768605458882066,0.505217731776517
"422344",10,9.75737824012141,10,-0.242621759878594,-0.242621759878594,0
"425778",1.46265507391286,2.48706691365986,2.05859383237438,0.428473081285479,1.024411839747,0.595938758461526
"441035",7.1767949219196,8.15825254394786,7.89748250843521,0.260770035512654,0.981457622028265,0.720687586515611
"461838",8.53934187169498,6.62556590647277,7.1204545023097,-0.494888595836932,-1.91377596522221,-1.41888736938528
"50864",7.1767949219196,8.15825254394786,7.89748250843521,0.260770035512654,0.981457622028265,0.720687586515611
"574542",7.1767949219196,8.15825254394786,7.89748250843521,0.260770035512654,0.981457622028265,0.720687586515611
"577399",9.42021505258728,6.24378400731193,7.04896428684589,-0.805180279533963,-3.17643104527535,-2.37125076574139
"65928",8.00848337408013,6.962698338508,7.23534342975652,-0.272645091248523,-1.04578503557213,-0.773139944323606
"579249",0.185544223687395,1.03825377197211,0.71066935843063,0.327584413541477,0.852709548284711,0.525125134743234
"436136",3.12560496079284,2.16516080422211,2.49620074936543,-0.331039945143322,-0.96044415657073,-0.629404211427408
"345792",0.364409985840692,0.889640796849268,0.625455187101286,0.264185609747982,0.525230811008576,0.261045201260594
"228739",2.60595906691144,3.16935739732021,2.95693331571164,0.212424081608562,0.563398330408766,0.350974248800203
"190214",2.09462505913046,3.22611766308945,2.81204356507611,0.414074098013333,1.13149260395899,0.717418505945655
"5176",1.12986107582441,1.73680107101664,1.46609370280953,0.270707368207115,0.606939995192235,0.336232626985119
"352705",0.0170878325914151,0.709979368563321,0.405973043243911,0.30400632531941,0.692891535971906,0.388885210652495
"341633",0.220266416909413,0.322220952798172,0.273378672382169,0.0488422804160039,0.101954535888759,0.0531122554727556
"318796",2.36570843755552e-08,1.12049008511769,0.567747420366957,0.552742664750736,1.12049006146061,0.567747396709872
"506179",0.23484502600323,1.15511613433679,0.78180326020364,0.37331287413315,0.920271108333559,0.546958234200409
"572124",3.77887880108402,2.52248018961041,2.99045995585169,-0.467979766241276,-1.25639861147361,-0.788418845232334
"542428",1.18542240670338,0.371924833146374,0.668156976269817,-0.296232143123443,-0.813497573557011,-0.517265430433568
"58767",0.180066763357873,0.868533676239526,0.538069918311047,0.330463757928479,0.688466912881653,0.358003154953174
"459803",3.16984469188146,1.64786749483788,2.12083295284821,-0.47296545801033,-1.52197719704357,-1.04901173903324
"356143",1e-08,0.838992432897899,0.49090068624438,0.348091746653519,0.838992422897899,0.49090067624438
"311995",5.5913394237973,4.78005518513345,4.95697362176102,-0.176918436627569,-0.811284238663844,-0.634365802036275
"322592",0.490451073445719,1.16153986809236,0.86936127632906,0.292178591763296,0.671088794646638,0.378910202883341
"155931",0.627691192697819,0.6654846105933,0.651409966525333,0.0140746440679665,0.0377934178954806,0.0237187738275141
"79768",0.539495853552494,0.440110568177762,0.483920425391356,-0.0438098572135937,-0.0993852853747318,-0.0555754281611381
"228114",0.907041637915552,1.44015387539914,1.21584276606492,0.224311109334222,0.533112237483591,0.308801128149369
"110972",2.17881319737918,3.83245986788498,3.19369529165673,0.63876457622825,1.65364667050581,1.01488209427756
"156598",2.78261347665505,2.46073092188891,2.5714824991145,-0.110751577225589,-0.321882554766137,-0.211130977540549
"192798",3.24552580549193,2.38830247750756,2.69297768342775,-0.304675205920182,-0.857223327984369,-0.552548122064187
"277628",3.312277147395,6.32635889750462,5.23921605836665,1.08714283913798,3.01408175010963,1.92693891097165
"431540",2.51079571712371,3.60082629677507,3.18099195943869,0.419834337336383,1.09003057965137,0.670196242314985
"494304",1.25350441028363,2.46062014799802,1.97851555260388,0.482104595394148,1.2071157377144,0.72501114232025
"526214",6.99388865410553,1.56933982874172,2.97693513322462,-1.4075953044829,-5.42454882536381,-4.01695352088091
"59809",3.24504029378053,2.23357108846341,2.58534749630844,-0.351776407845035,-1.01146920531712,-0.659692797472088
"86568",1.79124971901454,0.895327230270242,1.16527548090326,-0.269948250633021,-0.895922488744294,-0.625974238111273
"564815",1e-08,0.510429796780669,0.282823996498231,0.227605800282438,0.510429786780669,0.282823986498231
"19202",3.88996834284055,3.72999559102451,3.78129742718526,-0.0513018361607545,-0.15997275181604,-0.108670915655286
"21877",10,1.28015959310287,10,-8.71984040689713,-8.71984040689713,0
"427704",0.0917658524038116,0.395581062286803,0.250125540639106,0.145455521647697,0.303815209882991,0.158359688235294
"845",1.19486982666676,0.976948673187805,1.06018413081268,-0.0832354576248703,-0.217921153478956,-0.134685695854086
"420104",1.0214354517226,1.15836177049593,1.10573102850638,0.0526307419895444,0.136926318773331,0.0842955767837861
"576856",0.74514477092102,0.716093905618169,0.728276937954293,-0.0121830323361235,-0.0290508653028514,-0.0168678329667279
"257424",0.616775911412983,0.756539982627012,0.69854376817473,0.0579962144522822,0.139764071214029,0.0817678567617467
"230621",0.18769965645894,0.781194679293031,0.513269332521821,0.26792534677121,0.593495022834091,0.325569676062881
"9531",0.380536809327732,2.01968151924602,1.32191235779225,0.697769161453767,1.63914470991828,0.941375548464518
"286334",0.453250236940553,0.76725348998349,0.636850307244881,0.130403182738609,0.314003253042936,0.183600070304327
"460110",2.10318282376519,1.28087223294514,1.5770475233175,-0.296175290372356,-0.822310590820046,-0.52613530044769
"152251",0.0644379773134017,0.278669414137553,0.173260830287928,0.105408583849626,0.214231436824151,0.108822852974526
"251406",0.168889318217273,1.7586621281144,0.989068318146623,0.769593809967779,1.58977280989713,0.82017899992935
"414566",0.0203057555631908,2.31813534250788,1.07256296165658,1.24557238085129,2.29782958694469,1.05225720609339
"73117",1e-08,0.470760853645919,0.232371911197846,0.238388942448073,0.470760843645919,0.232371901197846
"298437",1.72544780043175,0.798134368726339,1.15616013578638,-0.358025767060042,-0.927313431705414,-0.569287664645372
"441361",4.5030368808592,2.71579256838156,3.23610532407954,-0.520312755697981,-1.78724431247764,-1.26693155677966
"228044",0.26678453851609,4.05955577047098,2.29994973101689,1.7596060394541,3.79277123195489,2.0331651925008
"231698",1.74901747691192,4.01465555918422,3.16969645704654,0.844959102137676,2.2656380822723,1.42067898013462
"318742",1.44163018251034,4.20135175380825,3.16617605522109,1.03517569858716,2.75972157129791,1.72454587271076
"77581",0.750559660228381,1.85123414770904,1.37511030605076,0.476123841658283,1.10067448748066,0.62455064582238
"303556",10,5.95629230005054,7.77694508898242,-1.82065278893188,-4.04370769994946,-2.22305491101758
"360617",1e-08,2.85000438140349,1.66032008622847,1.18968429517503,2.85000437140349,1.66032007622847
"315556",0.330448336389457,1.41206779877581,0.908863870922165,0.50320392785365,1.08161946238636,0.578415534532708
"97903",1e-08,0.672213941266251,0.339095990173386,0.333117951092864,0.672213931266251,0.339095980173386
"1941",1.63332752911243,0.337594698133829,0.852175311919171,-0.514580613785342,-1.2957328309786,-0.781152217193255
"498492",1e-08,0.600953338655644,0.302112903265834,0.29884043538981,0.600953328655644,0.302112893265834
"386298",0.780599553814086,0.667474381192837,0.711473808073572,-0.0439994268807351,-0.113125172621249,-0.0691257457405143
"543918",1.68278421612345,1.94901040661775,1.84538493670262,0.103625469915125,0.266226190494295,0.16260072057917
"166394",2.05424152686568,2.76595110767492,2.51859972054848,0.247351387126441,0.711709580809237,0.464358193682796
"132651",0.41182511851563,0.225485607314957,0.292874580381049,-0.0673889730660918,-0.186339511200674,-0.118950538134582
"124472",10,6.91626670381572,8.83485975285242,-1.91859304903671,-3.08373329618428,-1.16514024714758
"415712",0.0596658018432464,0.401161199278831,0.269075540117369,0.132085659161461,0.341495397435584,0.209409738274123
"496104",1.53843105363899,2.23199960606405,1.9456083965382,0.286391209525848,0.693568552425059,0.407177342899211
"245046",0.241304710126232,2.30238120995792,1.43726386630912,0.865117343648794,2.06107649983168,1.19595915618289
"287265",0.595131403733446,2.34758308940743,1.55231897252406,0.795264116883369,1.75245168567398,0.957187568790612
"481520",1.06950383463928,4.26103897479736,3.1058648132524,1.15517416154496,3.19153514015807,2.03636097861311
"89559",1e-08,1.06923968472074,0.477379539705328,0.591860145015412,1.06923967472074,0.477379529705328
"400658",0.241766819318026,0.576418547982519,0.428295920547319,0.1481226274352,0.334651728664494,0.186529101229294
"409641",0.215118328933173,2.12524762823372,1.33155366567634,0.793693962557375,1.91012929930054,1.11643533674317
"194062",1e-08,0.616254932421487,0.249647312744444,0.366607619677043,0.616254922421487,0.249647302744444
"266069",3.81497444559027,2.88024125675746,3.1355255082864,-0.255284251528948,-0.934733188832811,-0.679448937303863
"177375",10,5.78151214454715,7.48364303729038,-1.70213089274322,-4.21848785545285,-2.51635696270962
"326646",5.32394846713122,3.47104386094592,4.05116648317896,-0.580122622233047,-1.8529046061853,-1.27278198395225
"551897",1.6552267053755,1.51937912297068,1.56986714033948,-0.0504880173688014,-0.135847582404822,-0.0853595650360202
"554899",4.92796467487378,1.72743844775406,2.49424154551015,-0.766803097756091,-3.20052622711973,-2.43372312936364
"552508",1.75402235695685,2.09071376110625,1.95542127809952,0.135292483006728,0.336691404149404,0.201398921142676
"224215",0.556859568072916,0.242057357122894,0.36726015151596,-0.125202794393066,-0.314802210950022,-0.189599416556956
"189513",9.49557698393904,6.14348800256905,6.98767939806625,-0.844191395497202,-3.35208898136999,-2.50789758587279
"208698",3.06519543528275,2.87508797341165,2.94525078455155,-0.070162811139896,-0.190107461871096,-0.1199446507312
"230209",4.11343441067806,5.17222375548844,4.81009209124405,0.362131664244393,1.05878934481038,0.696657680565987
"343731",1.62644669811634,1.79722687996225,1.73342674788999,0.0638001320722636,0.17078018184591,0.106980049773646
"500906",4.88130073819927,4.61865883699016,4.70693522245188,-0.0882763854617208,-0.262641901209109,-0.174365515747389
"85866",2.56926049574089,3.18111051935901,2.95380199888062,0.227308520478392,0.611850023618123,0.38454150313973
"150373",0.0121088386724617,0.2492067799699,0.150405699939799,0.0988010800301004,0.237097941297438,0.138296861267338
"475562",1.26601643898545,0.983259379309226,1.09011273629071,-0.106853356981479,-0.282757059676221,-0.175903702694741
"230658",9.07959865866539,6.44588826584568,7.11516621923931,-0.669277953393633,-2.63371039281971,-1.96443243942608
"231696",7.9935716291535,7.35777641964383,7.52241831277671,-0.164641893132877,-0.635795209509666,-0.47115331637679
"251031",7.9935716291535,7.35777641964383,7.52241831277671,-0.164641893132877,-0.635795209509666,-0.47115331637679
"256325",8.57363657218323,6.93850181681429,7.35760922435315,-0.419107407538863,-1.63513475536894,-1.21602734783008
"284480",10,12.086456955,10,2.08645695500003,2.08645695500003,0
"306435",6.27015745020981,9.24593509681869,8.43738590917575,0.808549187642937,2.97577764660888,2.16722845896594
"422611",10,12.086456955,10,2.08645695500003,2.08645695500003,0
"568517",6.67752845281223,8.56290102624423,8.05497591981448,0.507925106429749,1.885372573432,1.37744746700225
"94331",0.236709124798248,1.78114486474388,1.07163720638436,0.70950765835951,1.54443573994563,0.834928081586117
"101021",0.210733856582172,0.560171785946152,0.410560614870907,0.149611171075245,0.34943792936398,0.199826758288735
"99725",1.18793381198399e-08,0.958713487941095,0.543290294463232,0.415423193477862,0.958713476061756,0.543290282583894
"421844",3.55595532175269,2.34459449954544,2.78343758790823,-0.438843088362796,-1.21136082220725,-0.772517733844458
"485031",0.735912307971606,1.98756980418384,1.43712970281249,0.550440101371349,1.25165749621224,0.701217394840889
"165213",0.567960476856359,1.22608390623967,0.926472494807959,0.299611411431711,0.658123429383311,0.3585120179516
"539339",1e-08,0.64839442948334,0.335037804082341,0.313356625401,0.64839441948334,0.335037794082341
"338810",2.65776972424594,1.13609824918574,1.7018678575649,-0.565769608379158,-1.52167147506019,-0.955901866681034
"566591",0.566842759865455,3.85852146098081,2.94352099655164,0.915000464429171,3.29167870111536,2.37667823668619
"443822",1.1031273262958,1.14841366003537,1.13126321845345,0.0171504415819261,0.0452863337395739,0.0281358921576478
"76416",9.4289243422115,4.04145474998917,5.26720810934486,-1.22575335935569,-5.38746959222233,-4.16171623286664
"368761",1e-08,0.347118717722505,0.176862720418103,0.170255997304402,0.347118707722505,0.176862710418103
"478815",1.76017170949546,1.72268646970565,1.73691299761726,-0.0142265279116016,-0.0374852397898096,-0.0232587118782079
"102484",6.25968979451977,9.25554709350702,8.43472481518427,0.820822278322753,2.99585729898725,2.1750350206645
"114564",10,7.27346986115618,10,-2.72653013884382,-2.72653013884382,0
"120511",10,14.1037542967421,10,4.10375429674215,4.10375429674215,0
"126179",10,10.8102566300443,10,0.810256630044337,0.810256630044337,0
"127000",10,2.17961450947292,3.97889460795709,-1.79928009848417,-7.82038549052708,-6.02110539204291
"13454",10,17.6006181044659,10,7.60061810446593,7.60061810446593,0
"135785",10,10.1033619957309,10,0.103361995730918,0.103361995730918,0
"148914",10,12.2209691439506,10,2.22096914395055,2.22096914395055,0
"161224",1.6711882195221,1.95146199354247,1.86126297269903,0.0901990208434416,0.280273774020372,0.19007475317693
"165721",8.00851097931864,6.71063161173434,7.04498023953569,-0.334348627801349,-1.2978793675843,-0.963530739782954
"168937",10,17.6006181044659,10,7.60061810446593,7.60061810446593,0
"18645",3.0059591453287,4.88439552368335,4.26974322836171,0.614652295321636,1.87843637835465,1.26378408303301
"192832",10,8.04310450189099,10,-1.95689549810901,-1.95689549810901,0
"194525",8.2149427303894,6.23773779915418,6.73770349120689,-0.499965692052708,-1.97720493123522,-1.47723923918251
"199530",5.97117781753687,9.85941694710782,8.77765469567532,1.0817622514325,3.88823912957095,2.80647687813845
"202544",10,17.6006181044659,10,7.60061810446593,7.60061810446593,0
"209732",10,12.2209691439506,10,2.22096914395055,2.22096914395055,0
"218368",10,11.5610450620871,10,1.56104506208706,1.56104506208706,0
"221747",7.38111062363938,8.38400122570144,8.11181147961115,0.272189746090286,1.00289060206206,0.73070085597177
"225718",10,17.6006181044659,10,7.60061810446593,7.60061810446593,0
"23536",0.176441290525576,1.63248636435637,1.10694157820098,0.525544786155393,1.4560450738308,0.930500287675403
"237639",10,14.1037542967421,10,4.10375429674215,4.10375429674215,0
"237886",10,17.6006181044659,10,7.60061810446593,7.60061810446593,0
"274625",3.81126391084753,3.24964166556649,3.41765191365899,-0.1680102480925,-0.561622245281036,-0.393611997188536
"276715",1.20347305471029,4.77546492259015,3.29786858004251,1.47759634254764,3.57199186787986,2.09439552533222
"277388",10,17.6006181044659,10,7.60061810446593,7.60061810446593,0
"295625",7.05645655157061,8.40636574558063,8.04242090085683,0.3639448447238,1.34990919401002,0.985964349286219
"301429",10,13.1054629538019,10,3.10546295380192,3.10546295380192,0
"301552",9.06382666497223,5.72872425477356,6.56707804026354,-0.83835378548998,-3.33510241019867,-2.49674862470869
"326713",10,9.22076117756187,10,-0.779238822438133,-0.779238822438133,0
"328702",10,14.1037542967421,10,4.10375429674215,4.10375429674215,0
"330099",10,14.1037542967421,10,4.10375429674215,4.10375429674215,0
"33218",10,14.1037542967421,10,4.10375429674215,4.10375429674215,0
"337480",10,12.2209691439506,10,2.22096914395055,2.22096914395055,0
"340019",10,17.6006181044659,10,7.60061810446593,7.60061810446593,0
"340153",10,17.6006181044659,10,7.60061810446593,7.60061810446593,0
"348174",1.04139887880189,3.96670605708996,2.85042286953196,1.116283187558,2.92530717828807,1.80902399073007
"351762",10,17.6006181044659,10,7.60061810446593,7.60061810446593,0
"356022",10,17.6006181044659,10,7.60061810446593,7.60061810446593,0
"361001",10,14.1037542967421,10,4.10375429674215,4.10375429674215,0
"365984",10,11.5610450620871,10,1.56104506208706,1.56104506208706,0
"372014",3.04344886524848,5.64916581121925,4.752856527928,0.896309283291258,2.60571694597078,1.70940766267952
"383807",10,12.2209691439506,10,2.22096914395055,2.22096914395055,0
"390502",10,17.6006181044659,10,7.60061810446593,7.60061810446593,0
"405019",10,9.17313270258503,10,-0.826867297414974,-0.826867297414974,0
"406352",3.30520084696475,5.06902662530209,4.47375678536772,0.595269839934368,1.76382577833734,1.16855593840297
"416496",3.34432068110343,5.13159743650999,4.5269345607889,0.604662875721086,1.78727675540655,1.18261387968547
"42016",10,12.2209691439506,10,2.22096914395055,2.22096914395055,0
"444687",3.32212936468782,5.19981149995897,4.56184435214191,0.637967147817061,1.87768213527115,1.23971498745408
"452336",6.37956828814103,9.40761451848139,8.5738331816072,0.833781336874193,3.02804623034036,2.19426489346617
"455492",7.38111062363938,8.38400122570144,8.11181147961115,0.272189746090286,1.00289060206206,0.73070085597177
"472141",8.12240414426299,7.56573537904555,7.71414855453995,-0.1484131754944,-0.55666876521744,-0.40825558972304
"474635",4.51487475228873,2.83142137485666,3.33493601582869,-0.503514640972031,-1.68345337743206,-1.17993873646003
"475557",10,12.1648754819095,10,2.16487548190947,2.16487548190947,0
"488878",10,11.5610450620871,10,1.56104506208706,1.56104506208706,0
"498485",3.18934775160747,6.1491612405999,5.09796578591241,1.05119545468749,2.95981348899242,1.90861803430493
"502687",3.86911861967671,3.34650180195381,3.5044376415056,-0.157935839551794,-0.522616817722906,-0.364680978171112
"507754",10,10.1033619957309,10,0.103361995730918,0.103361995730918,0
"510716",10,10.636954805126,10,0.636954805126013,0.636954805126013,0
"512705",9.58757855368804,5.17152297414904,6.25678327273922,-1.08526029859018,-4.416055579539,-3.33079528094882
"514663",8.12240414426299,7.56573537904555,7.71414855453995,-0.1484131754944,-0.55666876521744,-0.40825558972304
"529376",10,17.6006181044659,10,7.60061810446593,7.60061810446593,0
"536564",10,10.636954805126,10,0.636954805126013,0.636954805126013,0
"538508",10,14.1037542967421,10,4.10375429674215,4.10375429674215,0
"546335",1.94943815140626,2.6501290938896,2.38881252654311,0.261316567346491,0.700690942483345,0.439374375136854
"558972",10,9.67523462291235,10,-0.324765377087649,-0.324765377087649,0
"559239",10,12.1648754819095,10,2.16487548190947,2.16487548190947,0
"56169",10,13.1054629538019,10,3.10546295380192,3.10546295380192,0
"569381",10,14.1037542967421,10,4.10375429674215,4.10375429674215,0
"579295",1.78081099462549,2.44312879363586,2.20749036624427,0.235638427391597,0.662317799010372,0.426679371618774
"61785",7.05645655157061,8.40636574558063,8.04242090085683,0.3639448447238,1.34990919401002,0.985964349286219
"61982",10,17.6006181044659,10,7.60061810446593,7.60061810446593,0
"63659",10,9.82022105296827,10,-0.179778947031734,-0.179778947031734,0
"71643",10,12.2209691439506,10,2.22096914395055,2.22096914395055,0
"95934",6.60328897305168,8.90082541230999,8.27474384922581,0.626081563084186,2.29753643925831,1.67145487617413
"522486",1e-08,0.210423872163307,0.103932347586608,0.106491524576699,0.210423862163307,0.103932337586608
"146357",8.48126523025979,6.42511548193348,6.95421416521892,-0.529098683285444,-2.0561497483263,-1.52705106504086
"415650",10,7.8792198731699,9.66079373807838,-1.78157386490848,-2.1207801268301,-0.339206261921625
"418003",10,7.8792198731699,9.66079373807838,-1.78157386490848,-2.1207801268301,-0.339206261921625
"420551",4.38840821838867,5.12772693679474,4.87555154818079,0.252175388613952,0.739318718406077,0.487143329792125
"497519",2.6500362446893,3.61514990005958,3.23898180829368,0.376168091765895,0.965113655370274,0.588945563604379
"502515",10,7.8792198731699,9.66079373807838,-1.78157386490848,-2.1207801268301,-0.339206261921625
"510859",8.97078889427833,6.14414020084669,6.85576971495239,-0.711629514105699,-2.82664869343164,-2.11501917932594
"512106",8.73669417130217,6.12641915089804,6.79217151094678,-0.665752360048745,-2.61027502040413,-1.94452266035539
"564819",10,7.8792198731699,9.66079373807838,-1.78157386490848,-2.1207801268301,-0.339206261921625
"577518",10,7.8792198731699,9.66079373807838,-1.78157386490848,-2.1207801268301,-0.339206261921625
"117024",2.98292980926768,2.79669066101079,2.86481475438327,-0.0681240933724765,-0.186239148256884,-0.118115054884408
"397390",1.27682092022355,2.46816447762538,1.98931519514778,0.478849282477597,1.19134355740183,0.712494274924229
"421636",1.08557320999181,1.05155947832943,1.06409242245858,-0.0125329441291433,-0.0340137316623801,-0.0214807875332368
"149164",0.0152344045729078,0.212303353322085,0.119945760611725,0.0923575927103602,0.197068948749177,0.104711356038817
"136094",0.691749089160324,2.5396851357474,1.86520938318309,0.674475752564312,1.84793604658708,1.17346029402276
"181259",9.16212002034237,5.97672805786637,6.77930781753681,-0.80257975967044,-3.18539196247599,-2.38281220280555
"214262",7.39741246223643,7.81977541781424,7.70956357534453,0.110211842469714,0.422362955577806,0.312151113108092
"349551",8.15116241702779,6.76338441173048,7.12273319979361,-0.359348788063125,-1.38777800529731,-1.02842921723418
"52430",0.759541107355994,2.86956857598448,2.04613355490443,0.823435021080051,2.11002746862849,1.28659244754843
"527901",1.00828075844421,1.5781531119854,1.39898930543941,0.179163806545986,0.569872353541191,0.390708546995205
"96153",4.53143148244079,4.80828148658108,4.71493114852793,0.09335033805315,0.276850004140292,0.183499666087142
"1110",10,12.96317959707,10,2.96317959707004,2.96317959707004,0
"125055",4.29664025185474,3.75475781343095,3.92419361810237,-0.169435804671426,-0.541882438423796,-0.37244663375237
"146199",10,9.80947063886851,10,-0.190529361131485,-0.190529361131485,0
"149632",10,9.80947063886851,10,-0.190529361131485,-0.190529361131485,0
"153755",7.55892839207019,7.38624588590657,7.43207378655721,-0.0458279006506341,-0.172682506163621,-0.126854605512987
"157905",3.71438050757844,5.48147920273362,4.86518857025745,0.616290632476162,1.76709869515518,1.15080806267902
"225339",10,7.27824556901886,10,-2.72175443098114,-2.72175443098114,0
"22967",8.94874327494268,5.74862796572004,6.54766999758827,-0.799042031868227,-3.20011530922263,-2.40107327735441
"256898",10,9.80947063886851,10,-0.190529361131485,-0.190529361131485,0
"275854",10,12.96317959707,10,2.96317959707004,2.96317959707004,0
"303068",3.98414732445128,4.63690468350913,4.41890827978105,0.217996403728081,0.652757359057853,0.434760955329772
"437693",4.57333387157716,4.10124081560819,4.25622550264009,-0.1549846870319,-0.472093055968963,-0.317108368937063
"476635",7.52134718852032,7.41586530248208,7.44392152651522,-0.0280562240331399,-0.105481886038235,-0.077425662005095
"481983",4.83858784356666,3.38487970353019,3.83964686804662,-0.454767164516436,-1.45370814003648,-0.99894097552004
"484923",10,9.95770102114959,10,-0.0422989788504111,-0.0422989788504111,0
"49780",2.28825345929313,1.64196296838329,1.84226821856206,-0.200305250178776,-0.646290490909838,-0.445985240731062
"55374",10,9.95770102114959,10,-0.0422989788504111,-0.0422989788504111,0
"556593",4.11512457418077,3.93387703308677,3.99159092192842,-0.0577138888416426,-0.181247541093995,-0.123533652252352
"73544",10,9.05040764501751,10,-0.949592354982491,-0.949592354982491,0
"249514",1e-08,1.00027774192057,0.423281924020689,0.576995817899877,1.00027773192057,0.423281914020689
"39795",1e-08,1.42920741909432,0.712272331283001,0.716935087811324,1.42920740909432,0.712272321283001
"117473",0.0712415028134045,0.140933357068718,0.106442994658418,0.0344903624103,0.0696918542553138,0.0352014918450138
"91324",2.31406738520681,3.07622146566306,2.79518538818644,0.281036077476626,0.76215408045625,0.481118002979624
"461656",0.0514062751135176,0.186131047618638,0.122226976415964,0.0639040712026733,0.13472477250512,0.0708207013024467
"433092",0.128586048370037,0.53149288432202,0.317363037720992,0.214129846601028,0.402906835951983,0.188776989350955
"158073",1.70772745216622,1.75449458648449,1.73674646660102,0.0177481198834688,0.0467671343182696,0.0290190144348008
"579564",0.188392505544159,0.990838965988176,0.598941687233818,0.391897278754358,0.802446460444017,0.410549181689659
"517951",0.785490968687658,1.22754035451393,1.05126515222488,0.176275202289051,0.442049385826277,0.265774183537226
"17950",3.6856654634782,1.62195848292278,2.29485662097629,-0.67289813805351,-2.06370698055541,-1.3908088425019
"295309",0.654020865668908,1.26201929865139,0.980216171674196,0.281803126977196,0.607998432982485,0.326195306005289
"507486",0.491672459674473,2.32760769933901,1.47218695642098,0.855420742918029,1.83593523966454,0.980514496746508
"3144",0.067719116901327,0.213662052152891,0.140941683551575,0.0727203686013158,0.145942935251564,0.0732225666502481
"362798",1.15126288908462,0.844859801328033,0.952767972518765,-0.107908171190732,-0.306403087756583,-0.198494916565851
"36458",0.330674726220855,0.31253730094686,0.321537217147235,-0.00899991620037549,-0.0181374252739958,-0.00913750907362026
"145491",4.57479566807034,4.95061087039521,4.87387351593209,0.0767373544631162,0.375815202324869,0.299077847861753
"531303",1.46668387172784,1.84731566463055,1.69634627454738,0.150969390083169,0.380631792902709,0.22966240281954
"286604",1.18793381198399e-08,1.27055049262421,0.660484598216376,0.610065894407831,1.27055048074487,0.660484586337038
"154421",0.996585310204217,2.95782032298488,2.13243595625042,0.825384366734456,1.96123501278066,1.13585064604621
"98151",0.695780463709008,1.23956154067318,0.982225088279722,0.257336452393455,0.54378107696417,0.286444624570715
"141306",0.0639873585963251,1.96045832150273,1.25596572361166,0.704492597891067,1.8964709629064,1.19197836501534
"84922",0.213885218094508,0.237368822814608,0.226074298346126,0.0112945244684814,0.0234836047201001,0.0121890802516187
"487040",0.628133011982314,2.44727511653946,1.60047449523723,0.846800621302234,1.81914210455715,0.972341483254914
"175111",4.11367002342364,1.46497225133794,2.31985307082626,-0.854880819488315,-2.64869777208569,-1.79381695259738
"487063",2.37102291130967,1.27591650537946,1.6865491734897,-0.410632668110239,-1.0951064059302,-0.684473737819963
"303918",0.119717690120513,1.07543790180501,0.614079999459578,0.461357902345434,0.955720211684499,0.494362309339065
"482098",0.768536583554464,1.57433128498257,1.24307652133041,0.331254763652167,0.805794701428109,0.474539937775943
"304507",1e-08,0.293940572400909,0.160295694333004,0.133644878067905,0.293940562400909,0.160295684333004
"467846",0.475610738838817,0.996097858154587,0.778880605238586,0.217217252916001,0.52048711931577,0.303269866399769
"135666",0.860649587312092,0.472999374347904,0.612685697000431,-0.139686322652526,-0.387650212964187,-0.247963890311661
"134725",0.0898022432094946,0.275741915985499,0.185615904583443,0.0901260114020558,0.185939672776004,0.0958136613739483
"450939",1.7007362687951,3.00481440510224,2.56202697131192,0.442787433790316,1.30407813630714,0.861290702516828
"36610",0.654632608112138,1.67139085083637,1.25338397695946,0.418006873876907,1.01675824272423,0.598751368847322
"377875",0.415082252392436,0.974207041919351,0.738646910452319,0.235560131467032,0.559124789526914,0.323564658059883
"309930",1e-08,0.430700446088942,0.212960641279163,0.217739804809779,0.430700436088942,0.212960631279163
"367876",7.0089617105664,2.25452790932464,3.63059843952309,-1.37607053019845,-4.75443380124177,-3.37836327104331
"540466",0.158674506464936,0.253431590692579,0.205063677713472,0.0483679129791075,0.0947570842276429,0.0463891712485354
"205364",0.0581183357626028,0.314479226279703,0.197304825672669,0.117174400607034,0.2563608905171,0.139186489910067
"394628",1e-08,0.0641982920863723,0.0346373838069651,0.0295609082794073,0.0641982820863723,0.0346373738069651
"126007",0.0717721041494008,4.33925149719567,3.19341101778376,1.1458404794119,4.26747939304627,3.12163891363436
"422805",2.97463971345603,2.14991762364065,2.43196678766959,-0.282049164028944,-0.824722089815376,-0.542672925786432
"557991",0.0270478633717192,3.63607531244977,2.09290227617706,1.54317303627271,3.60902744907805,2.06585441280534
"215578",1e-08,0.360472810494645,0.187068684644998,0.173404125849647,0.360472800494645,0.187068674644998
"122672",2.20097055369761,2.53217065982995,2.42124766769022,0.110922992139737,0.331200106132342,0.220277113992605
"45956",0.112424632731072,0.489588838922856,0.29130563953408,0.198283199388777,0.377164206191785,0.178881006803008
"46878",1.57436944371201,1.59980714613786,1.59039879983567,0.00940834630219234,0.0254377024258519,0.0160293561236595
"511220",2.21297268464178,3.30276408169725,2.90424594595489,0.398518135742367,1.08979139705547,0.691273261313103
"424368",2.42114716977509,2.69201635861327,2.59809541641798,0.0939209421952936,0.270869188838188,0.176948246642894
"101322",1e-08,0.405181558704874,0.209198008192504,0.19598355051237,0.405181548704874,0.209197998192504
"144955",0.92922122261056,0.794978183540015,0.853237481023368,-0.0582592974833529,-0.134243039070545,-0.0759837415871918
"500519",0.0601208795849149,0.216234962620207,0.136207997684146,0.0800269649360607,0.156114083035292,0.0760871180992315
"169881",0.928572433666953,1.37280468166356,1.1892799373856,0.183524744277958,0.444232247996606,0.260707503718648
"112874",0.217236687759967,0.375206426335918,0.296160779608965,0.0790456467269535,0.157969738575952,0.0789240918489983
"297129",1e-08,1.0419435876455,0.504888616167341,0.537054971478155,1.0419435776455,0.504888606167341
"258957",0.123420715608718,1.23146761010551,0.77323124349853,0.458236366606978,1.10804689449679,0.649810527889812
"558226",0.291841002226294,0.712752637321341,0.513869331464621,0.19888330585672,0.420911635095047,0.222028329238327
"316056",1.05717591467434,1.73580798193759,1.43582802697828,0.299979954959308,0.678632067263248,0.37865211230394
"479606",0.284755479852647,1.19742297219927,0.809991237694996,0.387431734504278,0.912667492346628,0.52523575784235
"441944",0.162433148498879,1.86908756480587,1.19283237012032,0.676255194685546,1.70665441630699,1.03039922162144
"129536",4.12256793357763,4.58812445451142,4.43744466696151,0.150679787549914,0.465556520933791,0.314876733383877
"85957",0.559909022988209,2.25707842703271,1.4870729686489,0.770005458383811,1.69716940404451,0.927163945660694
"314605",4.92059581619982,2.97632741810044,3.54211596623748,-0.56578854813703,-1.94426839809938,-1.37847984996235
"22753",0.00643967968793715,0.171650246442995,0.106513117309382,0.0651371291336135,0.165210566755058,0.100073437621445
"372895",1.09523713951808,1.22854379383164,1.17481151895905,0.0537322748725917,0.133306654313559,0.0795743794409673
"467728",1.15472631353274,1.53906197078384,1.37492256124259,0.164139409541246,0.384335657251103,0.220196247709856
"51641",0.197753077948625,0.841051363394098,0.541627419211927,0.299423944182171,0.643298285445474,0.343874341263303
"139152",0.755164100074165,1.43856303052171,1.16792064317653,0.270642387345175,0.683398930447541,0.412756543102366
"386070",3.70827872565256,3.29611931171637,3.41951338794658,-0.123394076230214,-0.412159413936193,-0.288765337705979
"529042",2.61809801636723,3.13154152734159,2.94126993022336,0.190271597118234,0.513443510974364,0.323171913856129
"529031",1.0932828551918,0.791138571262571,0.896977089118405,-0.105838517855834,-0.30214428392923,-0.196305766073395
"395349",10,5.37311205120002,7.29287256928208,-1.91976051808206,-4.62688794879998,-2.70712743071792
"42336",1.60880142214149,2.35822464656977,2.04771731591741,0.310507330652356,0.749423224428279,0.438915893775923
"404897",2.72907792741971,1.10322330369643,1.69400669487996,-0.590783391183526,-1.62585462372328,-1.03507123253976
"346851",0.873246004017639,1.10821606031806,1.0171730399783,0.0910430203397683,0.234970056300425,0.143927035960657
"25351",10,3.78280688924335,5.73155786534695,-1.94875097610359,-6.21719311075665,-4.26844213465305
"525350",2.53191904335894,0.854789005534262,1.40160719273572,-0.546818187201453,-1.67713003782468,-1.13031185062323
"371381",0.0852865896301719,1.21164602671539,0.729427519787809,0.482218506927576,1.12635943708521,0.644140930157638
"116697",10,10.1474538169015,10,0.14745381690148,0.14745381690148,0
"126257",7.33130888903769,7.58512845282977,7.51998673145147,0.0651417213782999,0.253819563792079,0.188677842413779
"2244",6.68816729415814,8.43770066017981,7.97199255102732,0.465708109152493,1.74953336602167,1.28382525686917
"250873",4.92640110867553,4.05158988072319,4.33571670797964,-0.284126827256443,-0.874811227952335,-0.590684400695892
"286489",7.11387190776008,7.56052623679811,7.44402174773912,0.116504489058992,0.446654329038034,0.330149839979041
"308599",6.82505342472337,7.97875593589683,7.67274203055224,0.306013905344589,1.15370251117346,0.847688605828874
"398108",2.41859274224799,2.91976057420923,2.73716216160455,0.18259841260468,0.501167831961236,0.318569419356556
"403268",1.7956529121786,3.98554917291624,3.14415811626887,0.841391056647378,2.18989626073764,1.34850520409026
"436174",1.04047103003523,2.49521009240747,1.90607049607337,0.589139596334094,1.45473906237224,0.865599466038143
"540105",10,10.1474538169015,10,0.14745381690148,0.14745381690148,0
"548276",2.99765278701192,6.51625814274183,5.27359216578659,1.24266597695524,3.51860535572991,2.27593937877467
"82659",7.33130888903769,7.58512845282977,7.51998673145147,0.0651417213782999,0.253819563792079,0.188677842413779
"415158",0.264207107937211,1.13836310978188,0.783730274527271,0.354632835254607,0.874156001844666,0.519523166590059
"121375",3.41991978507454,1.72066089449082,2.2618348444677,-0.541173949976872,-1.69925889058372,-1.15808494060685
"156327",10,3.36142442327641,5.34098818964139,-1.97956376636498,-6.63857557672359,-4.65901181035861
"184962",3.47191523889769,1.69748948816727,2.26328609200868,-0.565796603841403,-1.77442575073042,-1.20862914688901
"23060",1.89843425280054,0.995591529597251,1.27100379117067,-0.275412261573419,-0.902842723203286,-0.627430461629867
"280975",6.65009750467765,1.83235254722707,3.10545399808006,-1.27310145085299,-4.81774495745058,-3.54464350659759
"301262",10,6.68574731603043,9.64463406404812,-2.95888674801769,-3.31425268396957,-0.355365935951879
"427196",10,4.75762279770151,6.3596072389961,-1.60198444129459,-5.24237720229849,-3.6403927610039
"434344",10,4.75624987296055,6.23138273839805,-1.4751328654375,-5.24375012703945,-3.76861726160195
"505101",10,3.8741818349211,5.77706838647428,-1.90288655155318,-6.1258181650789,-4.22293161352572
"570205",6.0136681077116,3.09472148421113,3.99227068582708,-0.897549201615953,-2.91894662350047,-2.02139742188451
"576141",5.78960132162669,3.24094476180422,4.02744930347806,-0.786504541673835,-2.54865655982247,-1.76215201814863
"116087",2.31156822445888,3.74439540651749,3.1893828904764,0.555012516041085,1.43282718205861,0.877814666017522
"132657",1.80621598711705,3.94104372219224,3.12882183234294,0.812221889849305,2.13482773507519,1.32260584522589
"181282",1.50987314440193,4.36692623732654,3.2676101237208,1.09931611360574,2.85705309292461,1.75773697931887
"226694",10,10.5281295895463,10,0.528129589546346,0.528129589546346,0
"232030",2.92416818121761,6.4165470175294,5.18064288062934,1.23590413690005,3.49237883631179,2.25647469941173
"232372",0.701910143248438,2.27102364570712,1.71213295637262,0.558890689334505,1.56911350245869,1.01022281312418
"298842",7.0831307632164,8.28203537220879,7.96337188246953,0.318663489739262,1.19890460899239,0.880241119253132
"323998",4.76858387143992,4.48564399041822,4.5790998200982,-0.0934558296799786,-0.282939881021695,-0.189484051341717
"34738",7.0831307632164,8.28203537220879,7.96337188246953,0.318663489739262,1.19890460899239,0.880241119253132
"411561",0.926864785094256,1.62776993534614,1.40091277666892,0.226857158677218,0.700905150251884,0.474047991574666
"401092",0.364924587495575,0.765524202705449,0.577466042051765,0.188058160653684,0.400599615209874,0.212541454556189
"321891",0.333419663942795,1.41754384182002,0.932149800326905,0.485394041493112,1.08412417787722,0.59873013638411
"439902",2.30276600672069,1.87218058036504,2.04798930755555,-0.175808727190512,-0.430585426355656,-0.254776699165145
"61295",0.712344790372679,0.652267419883781,0.675799925773866,-0.0235325058900844,-0.0600773704888979,-0.0365448645988136
"104291",10,12.8841923185749,10,2.88419231857493,2.88419231857493,0
"112945",10,12.8841923185749,10,2.88419231857493,2.88419231857493,0
"113923",10,8.28932508613169,10,-1.71067491386831,-1.71067491386831,0
"11556",10,12.8841923185749,10,2.88419231857493,2.88419231857493,0
"122774",10,12.8841923185749,10,2.88419231857493,2.88419231857493,0
"12291",10,9.09250176512596,10,-0.907498234874042,-0.907498234874042,0
"125362",5.26190241158819,2.01363919398298,2.83381514736004,-0.820175953377065,-3.24826321760522,-2.42808726422815
"126829",10,5.81436289484884,9.15910569169795,-3.34474279684911,-4.18563710515116,-0.840894308302055
"134367",10,12.8841923185749,10,2.88419231857493,2.88419231857493,0
"134762",10,12.8841923185749,10,2.88419231857493,2.88419231857493,0
"139974",10,7.57692688286539,10,-2.42307311713461,-2.42307311713461,0
"148371",10,12.8841923185749,10,2.88419231857493,2.88419231857493,0
"148932",10,9.6759416753425,10,-0.324058324657498,-0.324058324657498,0
"151921",9.11521204464393,6.37175581785954,7.06096061161284,-0.689204793753303,-2.74345622678439,-2.05425143303108
"158087",5.12381272572142,3.65889074134525,4.11414978082246,-0.455259039477215,-1.46492198437618,-1.00966294489896
"161812",8.93625465825209,6.98232534825557,7.48563144785352,-0.503306099597944,-1.95392930999652,-1.45062321039858
"164871",10,12.8841923185749,10,2.88419231857493,2.88419231857493,0
"182218",10,9.1263990187479,10,-0.873600981252102,-0.873600981252102,0
"187148",10,12.8841923185749,10,2.88419231857493,2.88419231857493,0
"191862",10,12.8841923185749,10,2.88419231857493,2.88419231857493,0
"200999",10,8.73393212519979,10,-1.26606787480021,-1.26606787480021,0
"219553",10,10.3353864458299,10,0.335386445829899,0.335386445829899,0
"228888",10,9.6759416753425,10,-0.324058324657498,-0.324058324657498,0
"230111",10,6.95993367320713,9.97297365824295,-3.01303998503582,-3.04006632679287,-0.0270263417570469
"231437",10,10.3353864458299,10,0.335386445829899,0.335386445829899,0
"236624",10,9.1263990187479,10,-0.873600981252102,-0.873600981252102,0
"23810",10,12.8841923185749,10,2.88419231857493,2.88419231857493,0
"268934",10,4.72237524261757,6.19419628683821,-1.47182104422064,-5.27762475738243,-3.80580371316179
"282353",10,12.8841923185749,10,2.88419231857493,2.88419231857493,0
"290259",10,5.80738234590742,6.95131946481116,-1.14393711890374,-4.19261765409258,-3.04868053518884
"290333",10,12.8841923185749,10,2.88419231857493,2.88419231857493,0
"293852",10,12.8841923185749,10,2.88419231857493,2.88419231857493,0
"309729",10,8.28932508613169,10,-1.71067491386831,-1.71067491386831,0
"310520",10,8.28932508613169,10,-1.71067491386831,-1.71067491386831,0
"312100",10,7.57692688286539,10,-2.42307311713461,-2.42307311713461,0
"317233",5.04207613161362,3.34312678598631,3.85444921971998,-0.511322433733664,-1.69894934562731,-1.18762691189364
"317350",9.76039596386807,6.34040942953496,7.20714796908265,-0.866738539547686,-3.41998653433311,-2.55324799478542
"335703",10,10.3353864458299,10,0.335386445829899,0.335386445829899,0
"347610",10,12.8841923185749,10,2.88419231857493,2.88419231857493,0
"35804",10,8.09928310197914,10,-1.90071689802086,-1.90071689802086,0
"359750",8.4170670877513,7.40195298468108,7.66629356898013,-0.264340584299047,-1.01511410307022,-0.750773518771173
"364224",4.42777528198781,3.54033694616495,3.80124481952296,-0.260907873358009,-0.887438335822856,-0.626530462464848
"364332",10,8.73393212519979,10,-1.26606787480021,-1.26606787480021,0
"366005",10,12.8841923185749,10,2.88419231857493,2.88419231857493,0
"367177",10,9.1263990187479,10,-0.873600981252102,-0.873600981252102,0
"372464",10,12.8841923185749,10,2.88419231857493,2.88419231857493,0
"384727",2.17873515584455,1.91529776397546,1.99284324397936,-0.077545480003899,-0.263437391869083,-0.185891911865184
"386357",9.68992291146374,6.19667117858464,7.07598534013727,-0.879314161552628,-3.4932517328791,-2.61393757132647
"392202",10,12.8841923185749,10,2.88419231857493,2.88419231857493,0
"405549",10,5.6138209549813,6.741615324765,-1.1277943697837,-4.3861790450187,-3.258384675235
"40899",10,12.8841923185749,10,2.88419231857493,2.88419231857493,0
"409041",10,9.09250176512596,10,-0.907498234874042,-0.907498234874042,0
"424311",10,9.1263990187479,10,-0.873600981252102,-0.873600981252102,0
"426753",10,9.6759416753425,10,-0.324058324657498,-0.324058324657498,0
"436736",10,10.3353864458299,10,0.335386445829899,0.335386445829899,0
"441635",10,8.28932508613169,10,-1.71067491386831,-1.71067491386831,0
"452576",10,10.3353864458299,10,0.335386445829899,0.335386445829899,0
"454449",10,12.8841923185749,10,2.88419231857493,2.88419231857493,0
"457325",10,12.8841923185749,10,2.88419231857493,2.88419231857493,0
"461873",10,12.8841923185749,10,2.88419231857493,2.88419231857493,0
"472599",10,12.8841923185749,10,2.88419231857493,2.88419231857493,0
"477123",10,12.8841923185749,10,2.88419231857493,2.88419231857493,0
"485534",10,5.44670284545948,6.65447747432201,-1.20777462886254,-4.55329715454052,-3.34552252567799
"499433",10,12.8841923185749,10,2.88419231857493,2.88419231857493,0
"506507",10,12.8841923185749,10,2.88419231857493,2.88419231857493,0
"515695",10,12.8841923185749,10,2.88419231857493,2.88419231857493,0
"516648",10,12.8841923185749,10,2.88419231857493,2.88419231857493,0
"518437",10,12.8841923185749,10,2.88419231857493,2.88419231857493,0
"527045",10,5.74045860690376,6.80566160242444,-1.06520299552068,-4.25954139309624,-3.19433839757556
"529171",10,8.28932508613169,10,-1.71067491386831,-1.71067491386831,0
"532091",10,10.3353864458299,10,0.335386445829899,0.335386445829899,0
"532436",10,8.09928310197914,10,-1.90071689802086,-1.90071689802086,0
"534702",4.3186937383511,4.7188845577797,4.58817504584758,0.130709511932125,0.4001908194286,0.269481307496475
"536257",10,12.8841923185749,10,2.88419231857493,2.88419231857493,0
"540674",10,4.58044602983245,6.04493055567879,-1.46448452584634,-5.41955397016755,-3.95506944432121
"55993",10,12.8841923185749,10,2.88419231857493,2.88419231857493,0
"566676",10,12.8841923185749,10,2.88419231857493,2.88419231857493,0
"568247",10,9.09250176512596,10,-0.907498234874042,-0.907498234874042,0
"568648",10,12.8841923185749,10,2.88419231857493,2.88419231857493,0
"569962",8.63720070961778,7.03119971419832,7.44439868626909,-0.413198972070767,-1.60600099541946,-1.19280202334869
"60463",10,5.86877653854117,6.91572261002161,-1.04694607148044,-4.13122346145883,-3.08427738997839
"72834",10,7.24651253777808,10,-2.75348746222192,-2.75348746222192,0
"81499",10,9.6759416753425,10,-0.324058324657498,-0.324058324657498,0
"82228",10,9.09250176512596,10,-0.907498234874042,-0.907498234874042,0
"89852",10,12.8841923185749,10,2.88419231857493,2.88419231857493,0
"95062",10,9.09250176512596,10,-0.907498234874042,-0.907498234874042,0
"397465",3.57344491282088,2.39630709296154,2.82692810616026,-0.430621013198726,-1.17713781985935,-0.746516806660619
"502562",1.17275886227301,1.63818312164598,1.43377572927235,0.204407392373637,0.46542425937297,0.261016866999334
"456520",0.052172483691609,0.4160613261599,0.234094552091408,0.181966774068492,0.363888842468291,0.181922068399799
"286779",1e-08,0.257334899984899,0.145934862899146,0.111400037085753,0.257334889984899,0.145934852899146
"441719",10,5.73022709951121,7.59216202572136,-1.86193492621015,-4.26977290048879,-2.40783797427864
"252071",1.86787945121016,1.58032333647711,1.6864198313146,-0.106096494837492,-0.287556114733047,-0.181459619895555
"165092",1.72391109401496,4.14268082548798,3.2066226639686,0.93605816151938,2.41876973147302,1.48271156995364
"339573",2.55539153774353,5.70375186926174,4.65650365328151,1.04724821598023,3.1483603315182,2.10111211553798
"35160",3.33997569732728,2.54917902806582,2.83871797082393,-0.289538942758109,-0.790796669261452,-0.501257726503343
"67956",1.21482242108215,1.03711607190535,1.10614695993792,-0.0690308880325781,-0.177706349176803,-0.108675461144225
"85774",1e-08,0.635740484829564,0.325606224066915,0.310134260762648,0.635740474829564,0.325606214066915
"386131",0.340265450284774,1.70417101540656,1.04826068218175,0.655910333224812,1.36390556512179,0.707995231896977
"371165",1e-08,0.174130223309424,0.0872828519828014,0.0868473713266231,0.174130213309424,0.0872828419828014
"277849",0.0789319261405847,0.300378557335958,0.194238777888778,0.10613977944718,0.221446631195374,0.115306851748193
"100116",5.81069858827231,3.40182420820588,4.15783787136171,-0.756013663155826,-2.40887438006643,-1.6528607169106
"114932",10,9.57779150590862,10,-0.422208494091379,-0.422208494091379,0
"136201",10,9.57779150590862,10,-0.422208494091379,-0.422208494091379,0
"171186",10,9.57779150590862,10,-0.422208494091379,-0.422208494091379,0
"181320",5.81819824579698,2.47179938036513,3.41724111070114,-0.945441730336008,-3.34639886543185,-2.40095713509584
"273669",3.2535853084985,2.06655172723438,2.46995461718057,-0.403402889946191,-1.18703358126412,-0.783630691317924
"473478",10,7.6585076898405,10,-2.3414923101595,-2.3414923101595,0
"502244",6.29062116409187,2.32514966271652,3.45220905472752,-1.127059392011,-3.96547150137535,-2.83841210936435
"672",10,9.57779150590862,10,-0.422208494091379,-0.422208494091379,0
"98747",5.75774658758467,2.51530888328402,3.43511059899062,-0.919801715706599,-3.24243770430066,-2.32263598859406
"40579",1.35333109827151,3.0375650992989,2.43458873566724,0.602976363631655,1.68423400102739,1.08125763739574
"157766",1e-08,0.48603516477944,0.223383753810818,0.262651410968622,0.48603515477944,0.223383743810818
"170306",1e-08,1.9854591375003,1.17269048031737,0.81276865718293,1.9854591275003,1.17269047031737
"37543",2.12141414139198,1.29594931783041,1.59069940327067,-0.294750085440255,-0.825464823561571,-0.530714738121316
"112018",0.336405294964943,0.342067034229117,0.339938362300593,0.00212867192852362,0.00566173926417424,0.00353306733565062
"376254",2.46465669602064,1.45793542133029,1.84232194275791,-0.384386521427622,-1.00672127469034,-0.622334753262722
"101868",0.200007003787985,0.466069683424172,0.32546971449155,0.140599968932622,0.266062679636187,0.125462710703565
"497723",1.8062011156103,2.36893318402161,2.17799205768909,0.190941126332518,0.562732068411306,0.371790942078788
"310246",4.34430742697709,5.13976774056939,4.86965946705775,0.27010827351164,0.795460313592297,0.525352040080657
"36590",4.12820875455081,5.15027085555741,4.80535461627159,0.344916239285824,1.0220621010066,0.67714586172078
"380548",1e-08,2.20322066030726,1.30796557912532,0.895255081181939,2.20322065030726,1.30796556912532
"483494",9.30012989896128,5.89174947836938,6.73660640072857,-0.844856922359194,-3.4083804205919,-2.5635234982327
"512825",2.90559148845238,2.40123147618077,2.57921475050281,-0.177983274322038,-0.504360012271614,-0.326376737949576
"551098",1.342946815431,1.13945452255796,1.20103483357122,-0.0615803110132598,-0.20349229287304,-0.141911981859781
"85840",10,8.6843955955646,10,-1.3156044044354,-1.3156044044354,0
"530970",0.302762634121763,1.28948858525919,0.853348249960644,0.436140335298545,0.986725951137426,0.550585615838881
"88417",0.351082020111777,1.98493347901851,1.3049155006936,0.680017978324909,1.63385145890673,0.95383348058182
"90428",0.771163963239949,1.58321387476274,1.24770667732477,0.335507197437976,0.812049911522794,0.476542714084819
"91913",1e-08,0.21385200914613,0.110867193585345,0.102984815560785,0.21385199914613,0.110867183585345
"71372",1.01921782567489,1.13622499003884,1.08964270167942,0.0465822883594125,0.11700716436395,0.0704248760045374
"247668",5.65227227811574,3.25476385936768,3.99760924907491,-0.742845389707238,-2.39750841874807,-1.65466302904083
"55991",5.75433503265231,2.89731897198563,3.75071620066655,-0.853397228680917,-2.85701606066668,-2.00361883198576
"141592",0.928712701866968,0.987538107391955,0.967108366695985,0.02042974069597,0.0588254055249873,0.0383956648290172
"303008",1.03646657958467,3.06106194084538,2.51462559060775,0.546436350237634,2.02459536126071,1.47815901102307
"89038",0.238695297653098,0.667515269416425,0.474575241596233,0.192940027820192,0.428819971763327,0.235879943943135
"179600",1.56114832658364,2.23553816796466,1.96628159635627,0.269256571608389,0.67438984138102,0.405133269772631
"557043",1.00411296205698,0.708836247714341,0.806141982525638,-0.0973057348112966,-0.295276714342643,-0.197970979531346
"219270",0.0719847522799284,0.215240383099987,0.143957422336789,0.0712829607631978,0.143255630820059,0.0719726700568608
"50313",0.770382975461425,1.57229479434532,1.23888623220109,0.333408562144231,0.801911818883893,0.468503256739661
"314936",1.08818532354887,1.41263524087848,1.27424436221448,0.138390878663999,0.324449917329618,0.186059038665618
"390219",3.8136563685966,3.50706346019311,3.60117063707771,-0.0941071768846027,-0.306592908403491,-0.212485731518889
"326528",3.96297541950091,1.95680358053735,2.65966297561565,-0.702859395078304,-2.00617183896356,-1.30331244388526
"279318",0.0550274508963866,0.223058157050472,0.149539287210974,0.0735188698394985,0.168030706154086,0.0945118363145871
"16178",1.9310093693413,3.93938817747817,3.15214761951724,0.787240557960928,2.00837880813687,1.22113825017595
"501941",1.76497608026525,2.58006386473315,2.23266415707253,0.347399707660623,0.8150877844679,0.467688076807277
"23465",1.67645991242091,1.670758008605,1.6728753956865,-0.00211738708149434,-0.00570190381590696,-0.00358451673441262
"487033",1.17643943411367,1.58670582276705,1.40744199683202,0.179263825935037,0.410266388653384,0.231002562718347
"495063",0.100088879489137,0.216357699364915,0.161075410845816,0.0552822885190995,0.116268819875779,0.060986531356679
"302929",1e-08,0.0907452240752088,0.0519483802055293,0.0387968438696795,0.0907452140752088,0.0519483702055293
"392893",0.0877958991592357,0.482890488170222,0.288597269940053,0.194293218230168,0.395094589010986,0.200801370780818
"201553",1.5170328251369,3.49273194773619,2.7156445124439,0.777087435292299,1.97569912259929,1.198611687307
"350083",1.26376439034307,2.0986788197433,1.7836920222724,0.314986797470905,0.834914429400233,0.519927631929328
"78431",5.03031566323047,3.92183944957431,4.27809265885462,-0.356253209280307,-1.10847621365616,-0.752223004375852
"541607",0.552498739303334,0.651879078569588,0.614369946742967,0.0375091318266212,0.0993803392662541,0.0618712074396329
"272067",0.241355986271341,0.778728360169037,0.521348758103683,0.257379602065354,0.537372373897696,0.279992771832342
"301580",9.1689760092746,4.08424343473105,5.22688222109348,-1.14263878636243,-5.08473257454355,-3.94209378818112
"535027",3.74132428819356,1.89059517691903,2.52968503321448,-0.639089856295448,-1.85072911127453,-1.21163925497908
"128951",10,13.2324768567571,10,3.23247685675706,3.23247685675706,0
"133439",10,13.2324768567571,10,3.23247685675706,3.23247685675706,0
"137657",1.91973939142837,4.068510075835,3.18395474942327,0.88455532641173,2.14877068440663,1.2642153579949
"183362",2.1550012259132,7.54341177270876,5.58806346729106,1.9553483054177,5.38841054679556,3.43306224137786
"219899",7.5198616131376,7.72394863128816,7.67048193479546,0.0534666964926993,0.204087018150562,0.150620321657863
"236203",3.129376413274,6.35688229137936,5.21202031204861,1.14486197933075,3.22750587810537,2.08264389877462
"242398",1.46057985922486,4.01294879920094,3.00662159905864,1.0063272001423,2.55236893997607,1.54604173983378
"350085",3.55366431909583,5.83606068693652,5.02856048400504,0.807500202931484,2.28239636784069,1.47489616490921
"370163",4.51401475641202,3.98841436461574,4.16066040262623,-0.172246038010491,-0.525600391796281,-0.35335435378579
"401563",1.95665456347502,3.36610900580429,2.82008533243254,0.546023673371751,1.40945444232928,0.863430768957526
"411193",4.99360542238579,10.5954535389777,9.03319919878965,1.56225434018806,5.60184811659193,4.03959377640386
"443906",10,13.2324768567571,10,3.23247685675706,3.23247685675706,0
"466074",4.99360542238579,10.5954535389777,9.03319919878965,1.56225434018806,5.60184811659193,4.03959377640386
"472216",0.192359109335381,1.98020940873982,1.0939434722637,0.886265936476117,1.78785029940444,0.901584362928319
"505395",10,13.2324768567571,10,3.23247685675706,3.23247685675706,0
"523135",1.87953235866506,7.84671256039092,5.66263580276503,2.18407675762589,5.96718020172587,3.78310344409998
"55587",2.9955298706746,6.18069495400689,5.05369181539214,1.12700313861474,3.18516508333229,2.05816194471754
"576381",10,13.2324768567571,10,3.23247685675706,3.23247685675706,0
"577544",1.07908291847252,4.88907090024879,3.3305831869549,1.5584877132939,3.80998798177627,2.25150026848237
"62330",6.58854894472672,8.26389371261594,7.81197389420508,0.451919818410858,1.67534476788922,1.22342494947836
"82014",1.58563335325353,3.90713647046332,2.98817429249089,0.91896217797243,2.32150311720979,1.40254093923736
"76972",0.341482720415212,0.777290695646091,0.623155866885005,0.154134828761086,0.435807975230879,0.281673146469793
"260330",3.5458692946948,1.52667584030821,2.16267226402887,-0.635996423720664,-2.01919345438659,-1.38319703066593
"72424",5.74832986653019,2.9222331261666,3.76665765086413,-0.844424524697533,-2.82609674036359,-1.98167221566605
"365807",10,6.45401192066174,8.44400453863412,-1.98999261797239,-3.54598807933826,-1.55599546136588
"467421",9.16175550691628,5.39660071165951,6.3237180016112,-0.927117289951683,-3.76515479525677,-2.83803750530509
"399476",2.51561663584219,1.17016527041844,1.65462611554536,-0.484460845126921,-1.34545136542375,-0.860990520296832
"410461",0.531297738086568,1.82301772705003,1.30555670773787,0.517461019312156,1.29171998896346,0.774258969651301
"305946",1e-08,0.649002158175242,0.261779653586948,0.387222504588294,0.649002148175242,0.261779643586948
"347010",0.950226829296154,0.586011230615731,0.730515789444847,-0.144504558829116,-0.364215598680422,-0.219711039851307
"297779",2.41589094312225,1.58261353668444,1.91044092008245,-0.327827383398008,-0.833277406437809,-0.505450023039802
"246532",0.858656366738575,0.876780509184924,0.86899034169014,0.00779016749478423,0.0181241424463486,0.0103339749515644
"122467",0.275366781733754,0.45729133137059,0.381954774589363,0.0753365567812264,0.181924549636835,0.106587992855609
"501344",0.0170878325914151,0.19020630147866,0.106422692538863,0.0837836089397976,0.173118468887245,0.0893348599474474
"494082",0.00242684227279149,1.67435632008569,1.03427587088293,0.640080449202758,1.6719294778129,1.03184902861014
"308333",5.50985636373504,3.55698711878703,3.93350487235084,-0.376517753563802,-1.95286924494801,-1.57635149138421
"306864",0.80652881659707,1.88102053187534,1.41059499528846,0.470425536586875,1.07449171527827,0.604066178691393
"347617",0.229240219765742,1.45704313035862,0.902245143340808,0.554797987017813,1.22780291059288,0.673004923575066
"25090",2.30817322507256,2.45781459549405,2.40485012901487,0.0529644664791835,0.149641370421491,0.0966769039423072
"158773",0.125052132211663,0.198113708670774,0.164648853563689,0.0334648551070852,0.0730615764591111,0.0395967213520259
"108284",0.128473849092891,0.487244551982495,0.296116158036562,0.191128393945934,0.358770702889605,0.167642308943671
"166206",0.715160028000633,0.488523103486961,0.571052685551479,-0.0825295820645182,-0.226636924513672,-0.144107342449154
"89023",0.0984281157451707,0.123307269177846,0.112196866019175,0.0111104031586716,0.0248791534326756,0.0137687502740041
"279486",0.0248350036413875,0.377633836057834,0.216872280522106,0.160761555535729,0.352798832416447,0.192037276880718
"160015",0.147908178546466,0.880251170345211,0.526538237661594,0.353712932683617,0.732342991798746,0.378630059115128
"502630",3.46554467375911,0.640311284831509,3.46554467375911,-2.8252333889276,-2.8252333889276,0
"388504",0.825738169079481,1.04114688118116,0.966390901573434,0.0747559796077254,0.215408712101678,0.140652732493953
"142565",2.28775435886303,3.34476568088446,2.95204397599142,0.392721704893036,1.05701132202143,0.664289617128394
"185769",2.69625075703561,5.06831069648245,4.30238739663147,0.765923299850978,2.37205993944684,1.60613663959587
"364573",2.69625075703561,5.06831069648245,4.30238739663147,0.765923299850978,2.37205993944684,1.60613663959587
"383479",0.282771127244525,1.62429482332206,0.98872382757473,0.635570995747331,1.34152369607754,0.705952700330205
"51768",0.996220824909059,3.20605843648576,2.45597281063039,0.750085625855364,2.2098376115767,1.45975198572133
"199929",10,6.65663599039704,8.43570379457336,-1.77906780417632,-3.34336400960296,-1.56429620542664
"264155",9.90362084129873,5.1871503240605,6.3296703958324,-1.1425200717719,-4.71647051723823,-3.57395044546633
"254898",0.234974326495625,1.21816063281647,0.693971406609119,0.524189226207351,0.983186306320845,0.458997080113494
"369643",1.10249970916308,0.54517860635873,0.771289377247177,-0.226110770888447,-0.557321102804346,-0.331210331915898
"72399",4.80879296297729,5.49985157047415,5.34917028213617,0.150681288337975,0.691058607496855,0.540377319158879
"120100",10,12.4111153907846,10,2.41111539078459,2.41111539078459,0
"139182",1.99347122071527,3.87059395343858,3.13592001091433,0.734673942524252,1.87712273272331,1.14244879019906
"18057",7.55380812280642,7.5728507499943,7.55646481379384,0.0163859362004679,0.0190426271878819,0.00265669098741395
"210350",1e-08,1.17442080618767,0.730652798133841,0.443768008053825,1.17442079618767,0.730652788133841
"273491",6.71684676853462,8.7409937694157,8.19170468243266,0.549289086983039,2.02414700088108,1.47485791389804
"347557",6.71684676853462,8.7409937694157,8.19170468243266,0.549289086983039,2.02414700088108,1.47485791389804
"404898",10,12.4111153907846,10,2.41111539078459,2.41111539078459,0
"405589",1.90776351044477,3.91183404268123,3.12740402265146,0.784430020029776,2.00407053223646,1.21964051220669
"492252",10,12.4111153907846,10,2.41111539078459,2.41111539078459,0
"537022",10,12.4111153907846,10,2.41111539078459,2.41111539078459,0
"448449",0.0778504629510248,0.256689524135297,0.16401741009636,0.0926721140389374,0.178839061184272,0.086166947145335
"578140",0.0271342453865591,0.0881624066246536,0.0604867729682096,0.0276756336564441,0.0610281612380945,0.0333525275816504
"72495",0.190556997196448,0.507443343758772,0.383326515429032,0.12411682832974,0.316886346562324,0.192769518232584
"114221",0.13334690495504,1.09744530302506,0.594274869986208,0.503170433038847,0.964098398070015,0.460927965031168
"492122",3.56489701573856,3.7055176445272,3.66153789125905,0.0439797532681525,0.140620628788633,0.0966408755204808
"396810",3.00453693294025,2.77156598940484,2.85764934846646,-0.0860833590616243,-0.232970943535411,-0.146887584473786
"572948",1e-08,0.450832272875974,0.225165371236587,0.225666901639387,0.450832262875974,0.225165361236587
"259677",0.513745219392276,2.66106703791,1.65942373296157,1.00164330494843,2.14732181851773,1.1456785135693
"285031",3.87684691737642,2.40228257143062,2.95200265663971,-0.549720085209088,-1.47456434594579,-0.924844260736705
"439730",4.5045150678083,4.33304265842153,4.38932780075935,-0.0562851423378188,-0.171472409386772,-0.115187267048953
"466615",0.077565246067234,0.312920443526843,0.187462773444668,0.125457670082175,0.235355197459609,0.109897527377434
"332136",0.230763148238499,0.434603697121377,0.353289106693406,0.0813145904279713,0.203840548882878,0.122525958454907
"296101",0.761504973464225,1.09763563686393,0.944108714542857,0.153526922321074,0.336130663399707,0.182603741078633
"501220",6.37571502067904,2.16495740544362,3.35015769766324,-1.18520029221962,-4.21075761523542,-3.0255573230158
"79426",1.086352664445,1.7912136527309,1.47377788707761,0.317435765653294,0.704860988285898,0.387425222632604
"89459",0.0865820073364037,0.861527402200213,0.478912783140582,0.382614619059631,0.774945394863809,0.392330775804179
"379516",0.109279035402175,0.479546824264869,0.290262402539621,0.189284421725248,0.370267788862694,0.180983367137445
"504814",1.07055387601653,1.20028472963822,1.14912659424522,0.0511581353929995,0.129730853621698,0.0785727182286982
"192800",0.11555300895478,0.150314298331702,0.135636672430663,0.0146776259010393,0.0347612893769227,0.0200836634758834
"234059",2.18479811271048,2.42104524724153,2.34325571838677,0.077789528854761,0.236247134531051,0.15845760567629
"333021",0.059318045725242,0.72526848889572,0.43305000577185,0.29221848312387,0.665950443170478,0.373731960046608
"314455",2.1107817009545,1.29311330507814,1.58780738600526,-0.294694080927117,-0.817668395876357,-0.52297431494924
"109901",7.84350248781089,7.21835227662146,7.38124686086668,-0.162894584245218,-0.625150211189429,-0.462255626944211
"132594",8.39885447147723,6.91233189196006,7.29573368683361,-0.383401794873545,-1.48652257951716,-1.10312078464362
"211146",6.45033981400676,8.28007555112295,7.80110210444626,0.478973446676691,1.82973573711619,1.3507622904395
"230154",0.040424829741047,2.03632554617293,1.08484346323517,0.951482082937759,1.99590071643188,1.04441863349412
"248881",10,12.0202729768067,10,2.02027297680672,2.02027297680672,0
"257821",10,12.0202729768067,10,2.02027297680672,2.02027297680672,0
"276477",2.33755387294741,3.19963340162845,2.86314360065851,0.336489800969936,0.862079528681034,0.525589727711099
"31146",1.0652868193713,1.21601440872505,1.16339341903659,0.0526209896884566,0.150727589353744,0.098106599665287
"314619",1.61835094827648,3.97798458425519,3.0523775484234,0.925607035831796,2.35963363597872,1.43402660014692
"397054",2.26214655490616,2.86420836672049,2.63973607308931,0.224472293631176,0.602061811814327,0.377589518183151
"409500",10,12.0202729768067,10,2.02027297680672,2.02027297680672,0
"4318",10,12.0202729768067,10,2.02027297680672,2.02027297680672,0
"468137",7.84350248781089,7.21835227662146,7.38124686086668,-0.162894584245218,-0.625150211189429,-0.462255626944211
"517003",0.222428907758606,1.67098948782685,0.984080909969163,0.686908577857685,1.44856058006824,0.761652002210556
"522655",3.46496720956744,5.93286860815689,5.06492636364488,0.867942244512011,2.46790139858945,1.59995915407744
"578024",7.84350248781089,7.21835227662146,7.38124686086668,-0.162894584245218,-0.625150211189429,-0.462255626944211
"66092",2.05016040145043,3.18341837352484,2.75017288600624,0.433245487518605,1.13325797207442,0.700012484555811
"9591",2.33896707128011,6.96321968544928,5.31512444571053,1.64809523973874,4.62425261416917,2.97615737443043
"408512",0.298328335406066,0.145819012639075,0.217406548868626,-0.0715875362295511,-0.152509322766991,-0.0809217865374401
"305064",0.527795204215382,1.97462104636844,1.33782296014268,0.636798086225768,1.44682584215306,0.810027755927294
"551861",0.519494006425601,3.69248118687365,2.30715508769253,1.38532609918112,3.17298718044805,1.78766108126693
"323407",0.225177342347467,0.770327674751788,0.514408942982054,0.255918731769734,0.545150332404321,0.289231600634587
"522104",0.22713139181908,0.28682400832661,0.265572944809172,0.021251063517438,0.0596926165075304,0.0384415529900924
"508730",1e-08,0.168621865545317,0.0919941323615516,0.0766277331837652,0.168621855545317,0.0919941223615516
"433898",0.0368574050621455,1.50166215971975,0.82562550705836,0.676036652661386,1.4648047546576,0.788768101996215
"374976",3.57600390579773,2.24616039288268,2.72410816502595,-0.47794777214327,-1.32984351291506,-0.851895740771786
"500465",3.84324510973913,1.82343344052122,2.51251353400043,-0.68908009347921,-2.01981166921791,-1.3307315757387
"41290",1.32901547990048,1.57852695723438,1.46628366315448,0.112243294079903,0.2495114773339,0.137268183253997
"268909",1e-08,1.99053005099417,1.27802998604052,0.712500064953642,1.99053004099417,1.27802997604052
"2181",1.23192084710513,1.26450361517258,1.25127974582953,0.0132238693430444,0.0325827680674453,0.0193588987244009
"137931",1e-08,0.416307147988105,0.200777432875476,0.215529715112628,0.416307137988105,0.200777422875476
"322462",1.15783525022357,3.24413836849995,2.4742945268748,0.769843841625153,2.08630311827639,1.31645927665123
"351638",0.634689791749943,1.97067160695411,1.39580208025513,0.574869526698976,1.33598181520417,0.76111228850519
"403596",0.771353859883473,0.740711705379598,0.753696392762048,-0.0129846873824505,-0.0306421545038755,-0.017657467121425
"155912",1.15039355452172,1.28673061359527,1.23005293930249,0.056677674292777,0.136337059073546,0.0796593847807694
"344579",3.74689214936331,4.26673764899936,4.09600502808246,0.170732620916898,0.519845499636056,0.349112878719157
"351942",0.878467599516477,1.76279478595777,1.38496687980489,0.377827906152884,0.884327186441295,0.506499280288411
"166088",0.0435141550627616,1.23858995662583,0.776109987131862,0.462479969493967,1.19507580156307,0.7325958320691
"469442",0.25827109413814,1.36104952747352,0.85721205265518,0.503837474818337,1.10277843333538,0.59894095851704
"154892",6.12406036407518,2.93107472908623,3.90391584450656,-0.972841115420332,-3.19298563498895,-2.22014451956861
"361207",5.38292787428946,3.37792808723181,3.99906150644546,-0.621133419213651,-2.00499978705765,-1.383866367844
"389545",1.37658585635935,1.78298624809046,1.63436977673236,0.148616471358102,0.406400391731112,0.25778392037301
"410292",10,8.25641315779404,9.7749104626844,-1.51849730489036,-1.74358684220596,-0.225089537315599
"484866",8.52870931736443,6.17599115158004,6.76204849852975,-0.586057346949715,-2.3527181657844,-1.76666081883468
"434879",0.0210493618675312,0.844904445097902,0.454849495002653,0.390054950095249,0.82385508323037,0.433800133135121
"174771",1.9506266216474,2.2609548490109,2.13068300878229,0.130271840228616,0.310328227363498,0.180056387134882
"571475",3.08356320240423,5.10035007372062,4.42991657302978,0.670433500690844,2.01678687131639,1.34635337062555
"120007",3.98144269617603,4.37861372888744,4.25215089640369,0.126462832483757,0.397171032711412,0.270708200227655
"29051",3.05667823590871,5.10404274855733,4.42898958653733,0.675053162019998,2.04736451264862,1.37231135062862
"20961",0.221441343845446,0.450255368337734,0.333152394841319,0.117102973496415,0.228814024492288,0.111711050995874
"396802",3.32009117181488,1.74330132515822,2.25713481420837,-0.513833489050155,-1.57678984665666,-1.0629563576065
"61705",10,5.27926725185055,7.2649812870142,-1.98571403516366,-4.72073274814945,-2.7350187129858
"184588",8.24543118807466,6.13784112091123,6.66772003163428,-0.52987891072305,-2.10759006716343,-1.57771115644038
"473750",5.50299425718032,3.39712971626504,4.05919703652696,-0.662067320261924,-2.10586454091528,-1.44379722065336
"533683",10,7.43391719447456,9.12688454308661,-1.69296734861205,-2.56608280552544,-0.873115456913389
"44253",0.988631343265882,1.05294705302871,1.02911902609315,0.0238280269355557,0.0643157097628252,0.0404876828272694
"63729",1.18505859113214,3.04836918292779,2.24717783706952,0.801191345858271,1.86331059179565,1.06211924593738
"194893",0.971000399321302,1.13221412846925,1.07056716794072,0.0616469605285304,0.161213729147946,0.0995667686194154
"307118",5.13027220498345,3.06463526591696,3.67173702307891,-0.607101757161951,-2.06563693906649,-1.45853518190454
"329962",3.89557202183636,3.53525974173756,3.64602038467258,-0.110760642935021,-0.360312280098797,-0.249551637163776
"112064",7.38275785712179,8.00760749979292,7.84069174027232,0.166915759520594,0.624849642671126,0.457933883150532
"120472",10,12.1765650422956,10,2.17656504229559,2.17656504229559,0
"141631",10,12.1765650422956,10,2.17656504229559,2.17656504229559,0
"176478",10,12.1765650422956,10,2.17656504229559,2.17656504229559,0
"196836",10,12.1765650422956,10,2.17656504229559,2.17656504229559,0
"231091",0.538147953389253,2.47660036334068,1.77338641998321,0.703213943357471,1.93845240995143,1.23523846659396
"233775",6.56601673235689,9.43634987794588,8.64980322105041,0.786546656895474,2.87033314558899,2.08378648869351
"24206",10,12.1765650422956,10,2.17656504229559,2.17656504229559,0
"251124",7.06984391223102,8.61206094007741,8.19481516990854,0.417245770168872,1.54221702784639,1.12497125767752
"25473",3.44128443638711,5.86859048851916,5.02690076454588,0.841689723973283,2.42730605213205,1.58561632815877
"271021",5.31870176029132,3.5108625249708,4.07882623036141,-0.567963705390611,-1.80783923532053,-1.23987552992992
"295053",8.14306569918006,7.56564990865801,7.71645745851931,-0.150807549861296,-0.577415790522045,-0.426608240660749
"314966",8.14306569918006,7.56564990865801,7.71645745851931,-0.150807549861296,-0.577415790522045,-0.426608240660749
"318166",10,12.1765650422956,10,2.17656504229559,2.17656504229559,0
"320246",10,12.1765650422956,10,2.17656504229559,2.17656504229559,0
"370178",8.37407318039602,7.39579761124743,7.64967183799735,-0.253874226749922,-0.978275569148591,-0.72440134239867
"447456",3.68138704442434,5.53412320822155,4.89840371364695,0.635719494574601,1.85273616379721,1.21701666922261
"528966",6.67208724795138,9.30245021530765,8.58499203751361,0.717458177794041,2.63036296735627,1.91290478956223
"558271",3.86499102003809,5.85405552866947,5.16892249924211,0.685133029427358,1.98906450863138,1.30393147920402
"247039",0.452058064109746,0.808737695096706,0.662790553891527,0.145947141205179,0.35667963098696,0.210732489781782
"275543",0.588212439925229,1.84543999114202,1.30348857278292,0.541951418359096,1.25722755121679,0.715276132857693
"194907",4.10019898496003,2.10625065891367,2.82065866701661,-0.714408008102942,-1.99394832604636,-1.27954031794342
"386546",6.02921244515142,2.43647378606261,3.47091263122718,-1.03443884516457,-3.59273865908881,-2.55829981392424
"159837",1.29864995116804,4.80465889403975,3.43458734600234,1.37007154803741,3.5060089428717,2.1359373948343
"182664",1.97102759412086,4.47888960296782,3.4735959402452,1.00529366272262,2.50786200884696,1.50256834612434
"207820",2.30968520298258,6.24984168712204,4.93093876023171,1.31890292689032,3.94015648413946,2.62125355724914
"27946",0.875404309778624,2.97224317284483,2.1065144194393,0.865728753405522,2.0968388630662,1.23111010966068
"293358",0.107268180503672,2.00891666897506,0.993061867873167,1.0158548011019,1.90164848847139,0.885793687369495
"525882",2.82828744530176,8.03623528126448,6.83694559510476,1.19928968615972,5.20794783596272,4.008658149803
"87222",2.82828744530176,8.03623528126448,6.83694559510476,1.19928968615972,5.20794783596272,4.008658149803
"380198",0.975715384485538,1.99196400529981,1.52557932973044,0.466384675569369,1.01624862081427,0.549863945244901
"422732",1e-08,1.86445297541311,1.00399309387872,0.860459881534393,1.86445296541311,1.00399308387872
"65036",4.0285422107694,2.91006124225163,3.24185889379619,-0.331797651544563,-1.11848096851777,-0.786683316973206
"531398",1.4061717305591,1.88856154807536,1.70748377645014,0.181077771625222,0.482389817516262,0.30131204589104
"381702",0.988002233990179,3.0589505701415,2.19210298937985,0.866847580761656,2.07094833615132,1.20410075538967
"411923",2.26192309372466,3.34541549640251,2.9291222653671,0.416293231035404,1.08349240267785,0.667199171642446
"487147",0.0895750521235303,0.1527449332873,0.123778505622071,0.0289664276652295,0.0631698811637698,0.0342034534985402
"404916",2.97549520016373,4.44193091751525,3.98344302459243,0.458487892922824,1.46643571735152,1.0079478244287
"294175",0.0290606773644786,0.161315363912224,0.0944908986364328,0.0668244652757915,0.132254686547746,0.0654302212719542
"251558",1e-08,0.73566291745067,0.355220670111633,0.380442247339037,0.73566290745067,0.355220660111633
"156791",3.08996128240569,2.47428723684295,2.69613669540101,-0.221849458558058,-0.615674045562742,-0.393824587004684
"268938",1.57788208127767,2.10995276245752,1.89730474793916,0.212648014518356,0.532070681179846,0.31942266666149
"522660",0.482499046445267,0.646116882140949,0.584502006704147,0.061614875436802,0.163617835695682,0.10200296025888
"164422",1e-08,0.684705844900255,0.317290774993605,0.367415069906651,0.684705834900255,0.317290764993605
"385847",10,7.56203836962823,9.37214195564905,-1.81010358602082,-2.43796163037177,-0.627858044350949
"453751",10,7.56203836962823,9.37214195564905,-1.81010358602082,-2.43796163037177,-0.627858044350949
"91155",8.54044063242399,6.30136924655633,6.87058698246931,-0.569217735912978,-2.23907138586766,-1.66985364995468
"319626",0.257455713337951,0.405292115028129,0.331087160198434,0.074204954829695,0.147836401690178,0.0736314468604834
"193853",2.33185238993412,1.55496842296178,1.85856020793912,-0.303591784977338,-0.776883966972338,-0.473292181995
"221222",0.822453729034158,3.04140010975032,2.06247951054383,0.978920599206489,2.21894638071616,1.24002578150967
"238871",3.96621444397129,5.14325627419031,4.74223067583954,0.401025598350772,1.17704183021902,0.776016231868248
"254747",4.9002559263377,3.65097508969796,4.05057319622218,-0.399598106524214,-1.24928083663973,-0.84968273011552
"321139",10,10.9159920326199,10,0.915992032619902,0.915992032619902,0
"423527",10,5.26283711831181,6.47293702347729,-1.21009990516548,-4.73716288168819,-3.52706297652271
"477200",5.10847170803317,3.15081701107889,3.75474085867914,-0.60392384760025,-1.95765469695428,-1.35373084935403
"538416",6.42916213373907,8.02902390533176,7.61405882864796,0.414965076683799,1.59986177159269,1.18489669490889
"5770",7.60810702509737,7.26600631517548,7.35243780549137,-0.0864314903158894,-0.342100709921891,-0.255669219606002
"68944",5.76117679073488,8.97331527479675,8.11325560164317,0.860059673153577,3.21213848406187,2.3520788109083
"88122",2.65395339197257,6.61743536045197,5.2222518576115,1.39518350284047,3.9634819684794,2.56829846563894
"387569",1.18367689445841,2.48598587384687,1.97006763548365,0.515918238363223,1.30230897938846,0.786390741025238
"437964",3.79891595219406,4.21764099816092,4.08217155443272,0.135469443728203,0.418725045966857,0.283255602238654
"311044",3.18011941592382,3.18389487503243,3.18238782836916,0.00150704666326984,0.00377545910861254,0.0022684124453427
"552928",0.23220696120757,0.791014729170161,0.535736255858162,0.255278473311999,0.558807767962591,0.303529294650591
"276849",1e-08,0.101820955034513,0.0558824681019278,0.0459384869325853,0.101820945034513,0.0558824581019278
"548242",0.560468643313562,1.03215385763243,0.831883433605909,0.200270424026519,0.471685214318866,0.271414790292348
"197950",1.64539735477656,4.56485265579384,3.33190051752627,1.23295213826757,2.91945530101729,1.68650316274972
"201451",0.781298147598638,1.38905971315772,1.15451288014359,0.234546833014128,0.607761565559078,0.37321473254495
"527256",2.1106286436173,1.75934860721091,1.89865420704574,-0.139305599834824,-0.351280036406387,-0.211974436571563
"527581",2.25949611838323,3.18163934953613,2.83444693597376,0.347192413562367,0.922143231152897,0.57495081759053
"200695",0.81611068684917,0.87684929987181,0.850127527805048,0.0267217720667623,0.0607386130226407,0.0340168409558784
"416085",0.432074364477102,1.0010330860694,0.756591256875629,0.244441829193769,0.568958721592296,0.324516892398527
"121358",10,12.1422578607201,10,2.1422578607201,2.1422578607201,0
"150488",10,12.1422578607201,10,2.1422578607201,2.1422578607201,0
"164864",2.82154797298961,2.34456693972925,2.51292203277642,-0.168355093047165,-0.476981033260354,-0.308625940213189
"198937",10,12.1422578607201,10,2.1422578607201,2.1422578607201,0
"226679",10,12.1422578607201,10,2.1422578607201,2.1422578607201,0
"22831",10,12.1422578607201,10,2.1422578607201,2.1422578607201,0
"229211",10,12.1422578607201,10,2.1422578607201,2.1422578607201,0
"283189",10,9.28089763688428,10,-0.719102363115717,-0.719102363115717,0
"313344",9.68509607673061,6.09872105802053,7.00926071926722,-0.910539661246692,-3.58637501871008,-2.67583535746338
"330624",10,8.59332027644028,10,-1.40667972355972,-1.40667972355972,0
"3346",10,9.28089763688428,10,-0.719102363115717,-0.719102363115717,0
"335238",10,12.1422578607201,10,2.1422578607201,2.1422578607201,0
"339880",2.51318243182883,2.10484083023327,2.23798087368944,-0.133140043456173,-0.408341601595561,-0.275201558139388
"365150",4.62503796896659,4.19155037509171,4.3314657743377,-0.139915399245983,-0.433487593874876,-0.293572194628893
"396045",10,4.86579908409342,6.2812520259125,-1.41545294181907,-5.13420091590658,-3.7187479740875
"420628",10,12.1422578607201,10,2.1422578607201,2.1422578607201,0
"441966",2.48379925037859,2.54286521103886,2.52210961731015,0.0207555937287118,0.0590659606602668,0.038310366931555
"455494",10,7.38131121478274,10,-2.61868878521726,-2.61868878521726,0
"510508",10,9.28089763688428,10,-0.719102363115717,-0.719102363115717,0
"510754",10,5.23733323055211,6.45976651760901,-1.22243328705689,-4.76266676944789,-3.54023348239099
"539518",10,7.99108408624822,10,-2.00891591375178,-2.00891591375178,0
"546620",10,12.1422578607201,10,2.1422578607201,2.1422578607201,0
"555118",10,7.55061752214918,10,-2.44938247785082,-2.44938247785082,0
"561008",10,12.1422578607201,10,2.1422578607201,2.1422578607201,0
"72088",2.36465825622576,2.17819031502468,2.23853781176445,-0.0603474967397748,-0.186467941201086,-0.126120444461311
"75099",10,12.1422578607201,10,2.1422578607201,2.1422578607201,0
"96761",10,5.46816592142727,8.70121832365824,-3.23305240223097,-4.53183407857273,-1.29878167634176
"12692",0.464296888591309,2.40797175594549,1.53526092140169,0.872710834543797,1.94367486735418,1.07096403281038
"184945",0.59140606121259,1.5068183921211,1.05549991601085,0.451318476110246,0.91541233090851,0.464093854798264
"471142",1e-08,0.867938091423411,0.473501912837549,0.394436178585862,0.867938081423411,0.473501902837549
"201379",0.483984311981756,0.372559236867156,0.417755793004699,-0.045196556137543,-0.1114250751146,-0.0662285189770569
"419392",0.481040123478467,0.80565273637708,0.68060362092365,0.12504911545343,0.324612612898614,0.199563497445183
"52798",1e-08,0.220828505712502,0.129030801414736,0.091797704297766,0.220828495712502,0.129030791414736
"200658",1e-08,0.30119683267682,0.169185788100646,0.132011044576173,0.30119682267682,0.169185778100646
"143573",3.7299985452695,4.9600986278461,4.55762511829754,0.402473509548564,1.2301000825766,0.827626573028033
"203075",3.43676303027094,7.04307964422852,6.23786135268731,0.805218291541205,3.60631661395758,2.80109832241637
"350079",2.22512107445129,6.08622753184156,4.78873140102165,1.29749613081991,3.86110645739027,2.56361032657036
"500034",2.66073749387128,5.56765515218255,4.61496691651163,0.952688235670922,2.90691765831127,1.95422942264035
"214536",1e-08,2.50209368464256,1.43707540558452,1.06501827905803,2.50209367464256,1.43707539558452
"162147",2.55857866885834,2.49553803483721,2.51761914597111,-0.0220811111339039,-0.0630406340211334,-0.0409595228872295
"446465",1e-08,0.809138508053835,0.383317945674837,0.425820562378998,0.809138498053835,0.383317935674837
"191394",0.133294984644023,0.386018530121443,0.249753710125886,0.136264819995557,0.25272354547742,0.116458725481863
"228436",1e-08,1.25389779143445,0.594737330645436,0.659160460789014,1.25389778143445,0.594737320645436
"5911",0.0393337560248386,0.822968959201642,0.456798388732446,0.366170570469196,0.783635203176803,0.417464632707607
"433001",5.88878537259108,3.17650252631125,3.68648980918765,-0.509987282876398,-2.71228284627983,-2.20229556340343
"139563",7.45387026028988,7.52317795824319,7.50426222519977,0.0189157330434204,0.0693076979533114,0.050391964909891
"171219",2.72502953908381,2.91694244081864,2.84648769247829,0.0704547483403464,0.191912901734828,0.121458153394482
"205209",3.2099660544892,2.73840284163143,2.91513929448977,-0.176736452858339,-0.471563212857767,-0.294826759999427
"289988",10,8.8950794835789,10,-1.1049205164211,-1.1049205164211,0
"305093",3.55197145594276,5.901413088906,5.08242536712596,0.818987721780048,2.34944163296324,1.5304539111832
"327245",5.20801042882352,4.16578275285108,4.50722596837157,-0.341443215520489,-1.04222767597245,-0.700784460451958
"41100",10,8.8950794835789,10,-1.1049205164211,-1.1049205164211,0
"415383",7.45387026028988,7.52317795824319,7.50426222519977,0.0189157330434204,0.0693076979533114,0.050391964909891
"80611",8.78529748716918,6.16585922065636,6.83096083351827,-0.665101612861911,-2.61943826651283,-1.95433665365091
"180209",0.195350748329916,2.17236640951443,1.30950507298301,0.862861336531418,1.97701566118452,1.1141543246531
"333412",1e-08,0.87807753377068,0.427729001581189,0.450348532189492,0.87807752377068,0.427728991581189
"529901",0.438186896788326,1.00370310348439,0.76390979339544,0.239793310088946,0.56551620669606,0.325722896607114
"250880",0.262159057685019,0.398394854075878,0.347774453612131,0.0506204004637471,0.136235796390859,0.085615395927112
"265391",0.0549331337222249,0.391628646780196,0.222316538939616,0.16931210784058,0.336695513057971,0.167383405217391
"478765",1.49003899773043,3.3350289829295,2.78393886409084,0.551090118838661,1.84498998519907,1.29389986636041
"382394",0.544234383486599,0.798250835311417,0.696679232668475,0.101571602642942,0.254016451824818,0.152444849181875
"100285",10,13.0222081110077,10,3.02220811100772,3.02220811100772,0
"110817",10,13.0222081110077,10,3.02220811100772,3.02220811100772,0
"115226",1.42141850575254,1.38402450014702,1.39792583962795,-0.013901339480926,-0.0373940056055186,-0.0234926661245927
"134613",1.90409978771172,3.80816191515948,3.06662690972746,0.741535005432021,1.90406212744777,1.16252712201574
"157862",0.0107954561385996,1.83422623849274,1.0140607648099,0.82016547368284,1.82343078235414,1.0032653086713
"173053",3.28827356568692,6.12197653106221,5.13218324977979,0.98979328128242,2.83370296537529,1.84390968409287
"182546",5.84137345724281,9.99797055960027,8.84891089839691,1.14905966120336,4.15659710235746,3.0075374411541
"197097",5.84137345724281,9.99797055960027,8.84891089839691,1.14905966120336,4.15659710235746,3.0075374411541
"198175",7.47469266758389,7.94121659159748,7.81986056613058,0.121356025466898,0.466523924013592,0.345167898546694
"262790",3.02320674020045,6.5841968571953,5.32477175974302,1.25942509745228,3.56099011699485,2.30156501954257
"268363",10,13.0222081110077,10,3.02220811100772,3.02220811100772,0
"281698",3.98104515611846,4.85419285617965,4.56415291062425,0.290039945555402,0.873147700061193,0.583107754505791
"301013",8.81661905144798,6.76882904330655,7.29674363868875,-0.527914595382208,-2.04779000814143,-1.51987541275922
"316168",5.84137345724281,9.99797055960027,8.84891089839691,1.14905966120336,4.15659710235746,3.0075374411541
"325368",5.84137345724281,9.99797055960027,8.84891089839691,1.14905966120336,4.15659710235746,3.0075374411541
"379807",10,13.0222081110077,10,3.02220811100772,3.02220811100772,0
"403514",7.71146363719209,7.757310978587,7.71853947300608,0.0387715055809199,0.0458473413949152,0.00707583581399529
"407306",7.47469266758389,7.94121659159748,7.81986056613058,0.121356025466898,0.466523924013592,0.345167898546694
"411282",1.15338015188181,4.60737627835272,3.27043952884769,1.33693674950502,3.45399612647091,2.11705937696589
"418960",0.616542124390471,1.69322622697227,1.33260456377844,0.360621663193831,1.0766841025818,0.716062439387966
"458579",0.360137108753149,2.8290323507817,1.86209231563897,0.966940035142727,2.46889524202855,1.50195520688582
"463400",0.886163266879895,5.39162518417114,3.57520693605567,1.81641824811547,4.50546191729124,2.68904366917578
"471210",10,13.0222081110077,10,3.02220811100772,3.02220811100772,0
"510665",10,5.49823107611204,6.62744793705156,-1.12921686093952,-4.50176892388796,-3.37255206294844
"532488",10,13.0222081110077,10,3.02220811100772,3.02220811100772,0
"565179",10,13.0222081110077,10,3.02220811100772,3.02220811100772,0
"573673",7.23619748218998,7.8395255791242,7.67898539419255,0.160540184931649,0.603328096934219,0.44278791200257
"256282",0.332945465618528,0.846232278910341,0.599415138935707,0.246817139974634,0.513286813291812,0.266469673317178
"79478",0.57806002545948,1.33789808027845,1.04046059295947,0.297437487318982,0.759838054818974,0.462400567499991
"145088",0.573814087984344,3.29791404289733,2.17609620705679,1.12181783584054,2.72409995491299,1.60228211907245
"333392",0.00192893929159539,1.2440493353146,0.688359079478594,0.555690255836006,1.24212039602301,0.686430140186999
"74855",0.784084263866695,1.94716368844771,1.43337919459724,0.513784493850471,1.16307942458102,0.649294930730549
"22612",1.18793381198399e-08,1.18911386339143,0.604434534090943,0.584679329300483,1.18911385151209,0.604434522211605
"281211",0.813996707214758,2.73980900037212,1.97417929069712,0.765629709675001,1.92581229315736,1.16018258348236
"310274",3.9264241751458,1.80485134559453,2.5437270325525,-0.738875686957968,-2.12157282955127,-1.3826971425933
"331792",2.82828744530176,7.49728496051722,6.47296789499517,1.02431706552205,4.66899751521546,3.6446804496934
"446134",2.45658394896907,5.86697319033583,4.69220460440962,1.17476858592621,3.41038924136677,2.23562065544055
"49423",2.50356001560163,3.61951117926846,3.18623997629374,0.433271202974722,1.11595116366683,0.682679960692107
"508452",1.89237982909286,6.44706725052938,4.91925135875107,1.52781589177831,4.55468742143652,3.02687152965821
"124594",1.13914956869932,1.18148152448343,1.16964277625229,0.0118387482311488,0.0423319557841104,0.0304932075529616
"287442",1.61131822274468,0.981759131518213,1.23507186596765,-0.253312734449439,-0.629559091226471,-0.376246356777033
"41333",0.0672654103346118,0.284621224922326,0.186040751508138,0.0985804734141885,0.217355814587714,0.118775341173526
"166451",2.67774337229637,2.5900377066219,2.62101924762165,-0.0309815409997523,-0.0877056656744664,-0.0567241246747141
"357178",2.04111319908663,1.71335705612167,1.83961440608485,-0.12625734996318,-0.327756142964958,-0.201498793001778
"518808",0.0456147785940887,0.57058101180753,0.378156237530781,0.192424774276748,0.524966233213441,0.332541458936693
"378925",0.599603352352758,0.595423604191561,0.596915309753869,-0.00149170556230838,-0.00417974816119671,-0.00268804259888833
"164800",2.27125701497181,1.34112941523258,1.68922880287431,-0.348099387641731,-0.930127599739225,-0.582028212097494
"208785",1.85977848204674,2.45387923361892,2.20182427885866,0.252054954760258,0.594100751572173,0.342045796811915
"425471",3.58144226462084,4.62847418760922,4.28093936192529,0.347534825683928,1.04703192298838,0.699497097304449
"571537",2.13359228686505,1.78165804093907,1.92388527035252,-0.142227229413443,-0.351934245925973,-0.209707016512531
"59575",0.358110141755754,3.71575507765345,2.82856344663692,0.887191631016533,3.3576449358977,2.47045330488116
"331733",5.76011042641483,4.96287254900584,5.14084969516876,-0.177977146162919,-0.797237877408989,-0.61926073124607
"506791",1.06298359027333,1.28761751864373,1.19883927697047,0.0887782416732665,0.224633928370401,0.135855686697135
"89453",3.01888736933699,4.9743130818142,4.31854542523239,0.655767656581813,1.95542571247721,1.2996580558954
"467577",0.0477760756833456,0.162643003150799,0.109713085144822,0.0529299180059766,0.114866927467453,0.0619370094614763
"82223",0.0321310714411885,1.87803630092445,1.07205325392384,0.805983047000614,1.84590522948326,1.03992218248265
"543959",0.469943735252808,1.91634366144211,1.31169909133069,0.604644570111418,1.4463999261893,0.84175535607788
"182911",0.328317676905032,0.734077406754686,0.537079744534302,0.196997662220384,0.405759729849654,0.20876206762927
"114278",2.04688574033308,3.24515843170795,2.79255378544295,0.452604646265005,1.19827269137487,0.745668045109866
"546772",0.449102015189075,0.374482962103142,0.405950799215146,-0.0314678371120036,-0.074619053085933,-0.0431512159739294
"323512",0.0781896433523229,0.38766423756862,0.229550624825454,0.158113612743166,0.309474594216297,0.151360981473131
"159284",0.406423338556231,0.249886723657811,0.307492114346374,-0.0576053906885624,-0.15653661489842,-0.0989312242098575
"14431",0.149979837465385,2.29845088730709,1.40233102842808,0.896119858879005,2.1484710498417,1.2523511909627
"407728",1e-08,4.1606574320807,2.84746860500822,1.31318882707247,4.1606574220807,2.84746859500822
"84903",0.00234319865116899,4.12275479274914,2.84419246458028,1.27856232816886,4.12041159409797,2.84184926592911
"190000",5.26597431690065,3.52169501337454,4.07838707759773,-0.556692064223185,-1.74427930352611,-1.18758723930292
"205181",10,9.98921751241528,10,-0.0107824875847218,-0.0107824875847218,0
"229623",0.74243968485403,3.04862019366838,2.0499287578761,0.998691435792283,2.30618050881435,1.30748907302207
"274678",2.03125152939596,4.2456781162313,3.34111491938718,0.904563196844126,2.21442658683534,1.30986338999121
"288618",2.54271662258125,3.23092195224595,2.96277855234497,0.26814339990098,0.688205329664692,0.420061929763711
"325554",7.65242584541264,6.88477961809036,7.07975656674409,-0.194976948653727,-0.767646227322279,-0.572669278668553
"34711",1.96448611175869,3.70592852687159,3.02535512632725,0.680573400544334,1.7414424151129,1.06086901456857
"43373",3.47057787589124,5.41921986514122,4.75567137179905,0.663548493342167,1.94864198924998,1.28509349590782
"478095",4.22163596567488,4.53153914548772,4.42745007583154,0.104089069656188,0.309903179812848,0.20581411015666
"81812",0.523265043252299,3.27957223156442,2.08767544307967,1.19189678848475,2.75630718831212,1.56441039982737
"342161",3.81975643543581,2.28453311103553,2.69486048166517,-0.410327370629646,-1.53522332440028,-1.12489595377063
"140162",5.26780256323627,3.76813018182404,4.24328506557702,-0.475154883752979,-1.49967238141223,-1.02451749765925
"211351",1.16770237491583,2.62536687182204,2.03489692635378,0.590469945468254,1.45766449690621,0.867194551437958
"213147",1.39502552696921,1.55276848888841,1.49812936443965,0.0546391244487696,0.157742961919204,0.103103837470434
"293253",3.09614809330039,2.25928966359009,2.55192686027036,-0.292637196680267,-0.836858429710306,-0.544221233030039
"35525",0.557909926800533,0.330153953688916,0.423661323018951,-0.0935073693300353,-0.227755973111617,-0.134248603781582
"78004",0.356949777897911,0.813194166717623,0.627224532507125,0.185969634210497,0.456244388819712,0.270274754609214
"276700",1e-08,0.764323399163409,0.3574266982053,0.406896700958109,0.764323389163409,0.3574266882053
"479925",0.637944838552255,0.557690508314225,0.595713728542817,-0.0380232202285925,-0.08025433023803,-0.0422311100094375
"346081",2.88388303250709,3.91058660256204,3.60405095558878,0.306535646973251,1.02670357005495,0.720167923081697
"499224",6.93313925337409,2.66719031564753,3.95668528266043,-1.2894949670129,-4.26594893772656,-2.97645397071366
"124439",7.30624855030721,8.26288992660786,8.00701198973415,0.255877936873711,0.956641376300652,0.700763439426941
"130848",8.81397753638752,6.74569041529832,7.27541130558644,-0.529720890288123,-2.0682871210892,-1.53856623080108
"139618",9.08207417220725,6.26447761327614,6.98405723140419,-0.719579618128048,-2.81759655893111,-2.09801694080306
"149009",0.682106682963193,2.7140387367474,1.94777327225653,0.766265464490869,2.03193205378421,1.26566658929334
"15183",1.99153037782711,4.04184485238592,3.25179113757367,0.790053714812255,2.05031447455881,1.26026075974656
"17239",5.21770935351505,4.08943608245373,4.45633121132436,-0.366895128870637,-1.12827327106133,-0.761378142190692
"221168",0.932472415845086,1.98548764173467,1.62151867222158,0.36396896951309,1.05301522588958,0.689046256376491
"260310",7.77305439281654,7.60495528958179,7.64952484910478,-0.0445695595229898,-0.168099103234753,-0.123529543711763
"273420",2.83019592308526,2.26088252015308,2.45580871082029,-0.194926190667206,-0.569313402932186,-0.37438721226498
"285580",4.83676015725782,4.57011552343555,4.65881825891479,-0.0887027354792309,-0.266644633822263,-0.177941898343033
"312751",0.740999382712089,2.36341622945474,1.78538797920054,0.578028250254199,1.62241684674265,1.04438859648845
"325236",5.19925603292254,3.67112255484521,4.15826091231387,-0.487138357468662,-1.52813347807732,-1.04099512060866
"369099",9.03724216392934,6.60390012754177,7.22254820502315,-0.618648077481381,-2.43334203638757,-1.81469395890619
"437792",9.53661053390699,5.89698343727584,6.81587557400962,-0.918892136733779,-3.63962709663115,-2.72073495989737
"511123",4.49924244170698,5.03220783201026,4.85207903639735,0.180128795612903,0.532965390303274,0.352836594690371
"52285",7.40952091041449,8.15722886164161,7.95795780514846,0.199271056493156,0.747707951227125,0.548436894733968
"546378",2.54318360163821,3.33309063801372,3.03447418410826,0.298616453905452,0.789907036375506,0.491290582470054
"554660",2.75549686553217,3.10763537800905,2.97589473677227,0.131740641236782,0.352138512476877,0.220397871240095
"112739",8.91360907733693,6.38278897448013,7.03004331853686,-0.647254344056734,-2.5308201028568,-1.88356575880007
"135807",10,13.9527045953499,10,3.95270459534994,3.95270459534994,0
"14660",4.0836402659177,3.53412763285105,3.70214242479936,-0.16801479194831,-0.549512633066649,-0.381497841118339
"166776",10,9.62867113460634,10,-0.371328865393657,-0.371328865393657,0
"172678",10,10.6568590765608,10,0.656859076560842,0.656859076560842,0
"187059",10,13.9527045953499,10,3.95270459534994,3.95270459534994,0
"206376",9.25360398883327,5.62622568537234,6.52698549902358,-0.900759813651239,-3.62737830346093,-2.72661848980969
"258517",4.93944189457704,2.83190498223841,3.46338567368136,-0.631480691442947,-2.10753691233863,-1.47605622089568
"259742",3.90022602022277,4.13589401809458,4.05904239681009,0.0768516212844919,0.235667997871811,0.158816376587319
"287294",4.01103160618,4.61137591474608,4.41039320954254,0.200982705203544,0.600344308566081,0.399361603362537
"292444",6.71245237170897,8.36393677714716,7.91450258804099,0.44943418910617,1.65148440543819,1.20205021633202
"314217",4.27271253892899,3.51461955782576,3.75020496893305,-0.235585411107291,-0.758092981103235,-0.522507569995944
"336107",4.61805675585262,3.04485383418866,3.51745854028284,-0.472604706094182,-1.57320292166396,-1.10059821556977
"34554",8.36572176732181,6.89679499484843,7.28040474715148,-0.383609752303048,-1.46892677247338,-1.08531702017033
"370174",10,8.36717506196497,10,-1.63282493803503,-1.63282493803503,0
"371411",10,13.9527045953499,10,3.95270459534994,3.95270459534994,0
"380910",10,10.6568590765608,10,0.656859076560842,0.656859076560842,0
"400275",6.71245237170897,8.36393677714716,7.91450258804099,0.44943418910617,1.65148440543819,1.20205021633202
"443316",10,9.62867113460634,10,-0.371328865393657,-0.371328865393657,0
"454176",10,5.00533937776747,6.27507703626517,-1.2697376584977,-4.99466062223253,-3.72492296373483
"460506",10,13.9527045953499,10,3.95270459534994,3.95270459534994,0
"4646",10,8.16632129141179,10,-1.83367870858821,-1.83367870858821,0
"480743",10,10.4874810828762,10,0.487481082876203,0.487481082876203,0
"485480",6.07520562290811,1.90567046173586,3.07297675165175,-1.16730628991589,-4.16953516117225,-3.00222887125636
"498723",10,8.89465970426663,10,-1.10534029573337,-1.10534029573337,0
"510502",4.76444927704533,3.67512037008744,4.02455951053069,-0.349439140443242,-1.08932890695789,-0.739889766514649
"542313",10,8.25604514976722,10,-1.74395485023278,-1.74395485023278,0
"548514",4.25747077370348,4.50074758726966,4.41772262550887,0.0830249617607874,0.243276813566175,0.160251851805388
"549123",10,9.62867113460634,10,-0.371328865393657,-0.371328865393657,0
"60764",4.06177615197899,4.12331841442446,4.10244522667566,0.0208731877487924,0.06154226244547,0.0406690746966776
"68806",10,13.9527045953499,10,3.95270459534994,3.95270459534994,0
"72482",2.17286264218703,1.20440702043402,1.46997471395203,-0.265567693518003,-0.968455621753009,-0.702887928235006
"1132",1e-08,3.8893253770288,2.76962943415353,1.11969594287528,3.8893253670288,2.76962942415353
"218835",0.215419270304753,2.33930742909165,1.42421236209265,0.915095066999001,2.1238881587869,1.2087930917879
"384678",1.00365018433768,2.98483951532921,2.16087376787063,0.823965747458579,1.98118933099153,1.15722358353295
"92955",2.81186549618643,5.69732070443495,4.71849553321354,0.978825171221416,2.88545520824852,1.90663003702711
"16808",2.75471172823789,2.7332079925539,2.741033973815,-0.00782598126109901,-0.0215037356839902,-0.0136777544228912
"96634",0.207957752625062,0.61452834107164,0.429935913729231,0.184592427342409,0.406570588446578,0.221978161104169
"157863",1e-08,1.77000201803119,0.890269591112011,0.879732426919178,1.77000200803119,0.890269581112011
"166228",2.43217100948071,3.58924501308961,3.14562594728512,0.443619065804497,1.1570740036089,0.713454937804406
"78131",1.55896404957805,0.594829535459297,0.923283263444486,-0.328453727985189,-0.964134514118757,-0.635680786133569
"95873",0.420315320562925,1.11515217764403,0.871480246035604,0.243671931608425,0.694836857081105,0.451164925472679
"64538",0.928948511893838,1.7572777910967,1.39767653517068,0.35960125592602,0.828329279202859,0.468728023276839
"31082",0.23392192426913,1.53742876060998,0.943568921963091,0.593859838646887,1.30350683634085,0.709646997693961
"337242",0.608761022484992,0.744633113651656,0.691304419037156,0.0533286946145001,0.135872091166664,0.0825433965521638
"332971",1e-08,3.32630825002204,2.53989446121076,0.786413788811277,3.32630824002204,2.53989445121076
"457259",2.16170302600653,2.4655806001124,2.36651874061441,0.0990618594979904,0.303877574105869,0.204815714607879
"366594",0.101666172661512,0.495840136713476,0.289327677606005,0.20651245910747,0.394173964051964,0.187661504944494
"573928",3.17135893666606,2.26061964335454,2.57911204011143,-0.318492396756894,-0.910739293311529,-0.592246896554635
"225796",1.24714320507007,2.09576183394399,1.77703258149561,0.318729252448374,0.848618628873913,0.529889376425538
"255080",0.374078651396296,0.742689777114431,0.600802974511126,0.141886802603306,0.368611125718135,0.22672432311483
"122240",1e-08,0.490431203603546,0.247423188624705,0.243008014978841,0.490431193603546,0.247423178624705
"295781",1.49022868124553,3.51642289996792,2.8049687759949,0.711454123973015,2.02619421872239,1.31474009474937
"59297",2.36570843755552e-08,1.34153597104088,0.830008983712683,0.511526987328197,1.3415359473838,0.830008960055599
"106328",2.78665606419502,6.32016962407969,5.08679962858721,1.23336999549248,3.53351355988466,2.30014356439219
"224332",3.58877971921325,3.99208209437123,3.86182384558233,0.130258248788904,0.403302375157984,0.27304412636908
"526613",0.341914553100886,0.315617800634129,0.323512043281426,-0.00789424264729693,-0.0262967524667561,-0.0184025098194592
"322148",1.40317325896342,2.01721069336596,1.87002082393333,0.147189869432629,0.614037434402541,0.466847564969912
"323333",1.15303338628361,1.10891637722333,1.12577900957548,-0.0168626323521543,-0.0441170090602829,-0.0272543767081286
"484406",1e-08,0.660343059890591,0.492597903760781,0.16774515612981,0.660343049890591,0.492597893760781
"384831",1.94660192444276,1.35305482600647,1.56498130750732,-0.211926481500849,-0.593547098436286,-0.381620616935437
"388030",0.944467934500416,1.07844543539931,1.03027598580323,0.0481694495960803,0.133977500898889,0.085808051302809
"78980",0.326232361185196,0.330939025439428,0.32925990579461,0.00167911964481782,0.00470666425423183,0.00302754460941401
"221218",0.792413213148567,4.86539756598506,3.29215729385626,1.5732402721288,4.07298435283649,2.49974408070769
"372632",1.63824289496599,4.35078016316946,3.2926409414707,1.05813922169876,2.71253726820347,1.6543980465047
"443074",0.880073478216971,2.77019326246374,2.00706193738753,0.763131325076205,1.89011978424676,1.12698845917056
"160214",2.65244177334113,3.55718198918079,3.19185579040028,0.365326198780507,0.904740215839661,0.539414017059153
"161133",2.26632555537913,0.616986324870118,1.08028739442236,-0.463301069552243,-1.64933923050901,-1.18603816095676
"52264",0.073829379850789,0.11820512592656,0.0965006213398092,0.0217045045867505,0.0443757460757707,0.0226712414890202
"368054",0.471059539217465,1.11562332145731,0.833954743159357,0.281668578297956,0.644563782239848,0.362895203941891
"134342",1.39789825184303,2.85719763271095,2.23348224394257,0.623715388768381,1.45929938086792,0.835583992099535
"339166",0.215970880692877,2.38815667506894,1.46437923129889,0.923777443770051,2.17218579437606,1.24840835060601
"40621",1.4046444853806,2.75983535818251,2.18469312995597,0.575142228226532,1.35519087280191,0.780048644575376
"49715",0.323284023719894,2.07825241227332,1.34675822242774,0.731494189845572,1.75496838855342,1.02347419870785
"427261",0.973132762321764,1.25154221275623,1.14293782956772,0.108604383188515,0.278409450434469,0.169805067245954
"55460",10,3.49274528757573,5.36811625552799,-1.87537096795226,-6.50725471242427,-4.63188374447201
"249932",1.05347639873647,1.62579539696545,1.37467212393729,0.251123273028165,0.572318998228977,0.321195725200812
"394652",0.533844538513271,2.19755088227012,1.45653364600819,0.741017236261937,1.66370634375685,0.922689107494916
"358300",0.112713418910434,0.294426783678942,0.209765315325836,0.0846614683531059,0.181713364768508,0.097051896415402
"156443",2.58281014591486,3.25701066214659,3.00255379973629,0.254456862410303,0.67420051623173,0.419743653821428
"234625",2.18818021176064,3.83196371690848,3.19316351044186,0.638800206466615,1.64378350514784,1.00498329868122
"351793",0.0124327722886046,0.131739270218459,0.0797644395221441,0.0519748306963152,0.119306497929855,0.0673316672335395
"92483",0.119643365866928,1.13043484026988,0.71872998702635,0.411704853243528,1.01079147440295,0.599086621159423
"109136",0.40172085786576,1.73671875939416,1.12725543688696,0.609463322507204,1.3349979015284,0.725534579021197
"114907",4.65474651518009,3.74698530708063,4.03332786813423,-0.2863425610536,-0.907761208099453,-0.621418647045853
"115159",0.362325134426166,2.48621106491689,1.42968798696868,1.05652307794821,2.12388593049072,1.06736285254251
"123018",5.07680206644959,3.8630987606975,4.255953269279,-0.392854508581508,-1.21370330575209,-0.820848797170587
"144395",3.50199786732476,5.34994371075764,4.72371002115169,0.626233689605955,1.84794584343288,1.22171215382692
"247795",5.69262098268147,3.19270076878473,3.97549430196942,-0.782793533184694,-2.49992021389674,-1.71712668071205
"340653",0.164615204900386,2.26806641569973,1.27024362746436,0.997822788235375,2.10345121079935,1.10562842256397
"459840",1.01746791416545,2.62148258528799,1.93853415707866,0.682948428209322,1.60401467112254,0.921066242913219
"514593",0.207339657477255,1.85027446991715,1.10758443271474,0.742690037202409,1.64293481243989,0.900244775237483
"575937",10,9.20461410275141,10,-0.795385897248588,-0.795385897248588,0
"549995",0.492220546600252,0.522445701932171,0.509136292250997,0.013309409681174,0.0302251553319193,0.0169157456507453
"195174",0.0367539088654411,0.586545961023025,0.359837064758673,0.226708896264352,0.549792052157584,0.323083155893232
"44603",1e-08,0.133989002313399,0.0667148291937108,0.0672741731196882,0.133988992313399,0.0667148191937108
"152173",0.644263471472965,0.82024373748668,0.747535758664223,0.0727079788224569,0.175980266013715,0.103272287191258
"137876",1.09339847360373,1.38854937750286,1.26695457108666,0.121594806416203,0.295150903899132,0.173556097482929
"506483",0.435337977182309,1.21773190056692,0.870298466690518,0.347433433876402,0.782393923384611,0.434960489508209
"208027",1e-08,0.439766813386225,0.209607865789383,0.230158947596842,0.439766803386225,0.209607855789383
"361086",3.97100080823321,1.48676822733895,2.28367330892209,-0.796905081583142,-2.48423258089426,-1.68732749931112
"154439",0.389788770234525,0.665358459193093,0.531995699424018,0.133362759769075,0.275569688958568,0.142206929189493
"1106",0.453748462821789,0.513154371961934,0.486104814353144,0.02704955760879,0.0594059091401458,0.0323563515313557
"545189",1.17963855279523,2.47293665695932,1.95928042150501,0.513656235454306,1.29329810416409,0.779641868709783
"44774",1e-08,0.52729184407099,0.273641093474977,0.253650750596013,0.52729183407099,0.273641083474977
"141873",2.66620993365458,5.14682684837696,4.34393715938733,0.802889688989635,2.48061691472239,1.67772722573275
"125629",10,5.42194706560227,6.74903058887352,-1.32708352327125,-4.57805293439773,-3.25096941112648
"176401",1.27622026516715,1.99080679275239,1.72427511795348,0.266531674798907,0.714586527585245,0.448054852786337
"215854",2.7963497402683,2.3696160687946,2.51701165346446,-0.147395584669866,-0.426733671473697,-0.279338086803831
"262277",2.02029865071509,4.32612648711826,3.41430832281502,0.911818164303238,2.30582783640317,1.39400967209994
"282694",2.47702972069569,3.87453612736257,3.32268637693648,0.551849750426092,1.39750640666688,0.845656656240785
"284214",0.493356414145598,1.04313687301775,0.847661997372229,0.195474875645526,0.549780458872157,0.354305583226631
"289441",5.02155996971468,4.47855919035956,4.65822660442169,-0.179667414062136,-0.543000779355122,-0.363333365292986
"290438",2.18157413241086,3.5674351143423,3.04827141537311,0.519163698969188,1.38586098193145,0.866697282962257
"313065",4.94918801234028,4.33726054836535,4.53847911371625,-0.201218565350904,-0.611927463974935,-0.410708898624032
"313849",10,10.5731179141049,10,0.573117914104877,0.573117914104877,0
"358826",1.0140904573778,2.17906708725194,1.75420059356297,0.424866493688968,1.16497662987414,0.740110136185172
"38926",2.40776669963388,3.28109676555152,2.95579099970005,0.325305765851466,0.87333006591764,0.548024300066174
"429610",1.24437765035998,1.47588517927067,1.40020361322394,0.0756815660467283,0.231507528910696,0.155825962863968
"436721",2.71856151205701,2.8540293621463,2.80500563118847,0.0490237309578272,0.13546785008929,0.0864441191314631
"442347",1.04443878588985,2.21738435306687,1.78049336841193,0.436890984654939,1.17294556717702,0.736054582522084
"451167",0.82531615459027,2.99532820800714,2.12443416424118,0.870894043765956,2.17001205341687,1.29911800965091
"486385",0.333163973828523,0.874621606164772,0.708134188726942,0.166487417437831,0.541457632336249,0.374970214898418
"49582",0.181737784087997,1.04057975889625,0.705348283989433,0.335231474906813,0.858841974808249,0.523610499901436
"243236",0.499640074434835,0.707442097399918,0.630479498164199,0.0769625992357191,0.207802022965083,0.130839423729364
"521052",1.34042598550879,1.88394097216302,1.67986265104757,0.204078321115446,0.543514986654231,0.339436665538785
"438488",0.74244127110929,3.28374628686294,2.60969109028309,0.674055196579849,2.54130501575365,1.8672498191738
"278505",1e-08,0.4714910972409,0.239523059727464,0.231968037513437,0.4714910872409,0.239523049727464
"458358",0.946360712745687,1.2777048059446,1.14461514488063,0.133089661063967,0.331344093198908,0.198254432134941
"262121",2.52015211492012,5.17690976696485,4.30463879118947,0.872270975775381,2.65675765204473,1.78448667626935
"50547",2.29586678921293,5.41021085914995,4.40532264638717,1.00488821276278,3.11434406993702,2.10945585717424
"116040",0.37156226304743,0.398651463526197,0.387905810870009,0.0107456526561874,0.0270892004787669,0.0163435478225795
"4656",0.425554371186399,1.67647867733303,1.17858450746917,0.497894169863858,1.25092430614663,0.753030136282773
"189173",0.0744322152436363,0.158996351729253,0.122330216646752,0.0366661350825008,0.0845641364856169,0.0478980014031161
"107295",1e-08,0.215907123253099,0.102749271125094,0.113157852128005,0.215907113253099,0.102749261125094
"101369",0.0543313922230329,0.61185464489164,0.373150144545594,0.238704500346046,0.557523252668607,0.318818752322561
"496070",1.38495089561253,2.66295954844163,2.13198103889624,0.530978509545383,1.2780086528291,0.747030143283718
"90214",1.09811279449111,2.91255604594797,2.15694966720556,0.75560637874241,1.81444325145686,1.05883687271445
"152733",1e-08,0.355340809780459,0.154774990275487,0.200565819504972,0.355340799780459,0.154774980275487
"158798",0.295595261473018,0.444981824983655,0.385422168021582,0.0595596569620729,0.149386563510637,0.0898269065485637
"42223",0.165934834401832,0.448742782861932,0.337807993378097,0.110934789483835,0.2828079484601,0.171873158976265
"49434",1.18793381198399e-08,0.746134713700953,0.404573990707123,0.34156072299383,0.746134701821615,0.404573978827785
"479665",3.28237966428635,2.10687400173137,2.51160190313424,-0.404727901402869,-1.17550566255498,-0.770777761152114
"275907",0.374855155833584,0.338894850066412,0.352699889476817,-0.0138050394104051,-0.0359603057671718,-0.0221552663567667
"301859",0.141172344291729,0.58944565184799,0.406524494857986,0.182921156990004,0.448273307556261,0.265352150566257
"147195",9.81100547160177,5.16392444012667,6.28810027908258,-1.12417583895591,-4.64708103147509,-3.52290519251918
"194048",5.60759059255444,3.89627551517597,4.4519777333899,-0.555702218213931,-1.71131507737848,-1.15561285916455
"460084",9.37574995443806,5.37474114472933,6.34339388933375,-0.968652744604418,-4.00100880970873,-3.03235606510431
"517139",4.28170349981056,4.87094146959758,4.67249664604445,0.198444823553125,0.589237969787019,0.390793146233895
"267768",0.0757939872549901,0.237711012397824,0.166542841715751,0.0711681706820728,0.161917025142834,0.0907488544607611
"8860",5.38111790019057,4.47623544552637,4.66752406621153,-0.191288620685154,-0.904882454664192,-0.713593833979038
"351327",4.69726395244202,2.74890774733926,3.30886619729447,-0.559958449955217,-1.94835620510276,-1.38839775514754
"61192",0.126103954925188,0.662105250092145,0.418742227808652,0.243363022283493,0.536001295166957,0.292638272883464
"158510",1.18793381198399e-08,1.61551351036537,0.951891936052556,0.66362157431281,1.61551349848603,0.951891924173218
"165674",2.73932486263151,6.73720920872668,5.31502688143102,1.42218232729566,3.99788434609516,2.57570201879951
"217279",8.05387882594066,7.10494279759691,7.3534426040691,-0.248499806472198,-0.948936028343756,-0.700436221871558
"269318",9.36241967811916,6.3539804545844,7.11594984553691,-0.761969390952514,-3.00843922353476,-2.24646983258225
"274009",6.85584237606795,8.77244612814634,8.25695862841322,0.515487499733117,1.91660375207839,1.40111625234527
"275375",2.52096302594357,2.2692006919054,2.35354951122666,-0.0843488193212645,-0.251762334038175,-0.16741351471691
"326858",2.25866776621472,2.63036554907357,2.50374584850469,0.126619700568883,0.371697782858855,0.245078082289972
"343084",7.55088766724149,7.5974384853076,7.55756721046436,0.0398712748432386,0.0465508180661143,0.00667954322287567
"402532",4.36156151695248,4.75851546513248,4.62707242872249,0.131443036409988,0.396953948180002,0.265510911770014
"440885",4.08347079369259,5.37395203312608,4.93494690836779,0.439005124758292,1.29048123943348,0.851476114675192
"538448",10,11.314213602013,10,1.31421360201303,1.31421360201303,0
"565770",2.11674435667163,2.80137927316673,2.5665917307372,0.234787542429526,0.684634916495093,0.449847374065567
"72493",0.78116767090351,2.15812525065266,1.66432479331828,0.493800457334378,1.37695757974915,0.883157122414767
"175289",0.190448867004352,1.54857140308563,0.933159499348212,0.615411903737413,1.35812253608127,0.74271063234386
"147994",0.684057012141715,0.935871160173038,0.822994477975948,0.11287668219709,0.251814148031323,0.138937465834233
"141040",0.244503302722924,0.814063950797826,0.544250715013748,0.269813235784078,0.569560648074902,0.299747412290824
"540815",1.28087276847539,1.3390493671529,1.31437111894272,0.0246782482101735,0.0581765986775089,0.0334983504673354
"107554",3.31996156341634,6.57992752204803,5.8814368250176,0.698490697030428,3.2599659586317,2.56147526160127
"85818",0.727508954636107,0.528270028877461,0.608944480280426,-0.0806744514029651,-0.199238925758646,-0.118564474355681
"486929",1.62302613302196,2.12288320158249,1.92126267129486,0.201620530287622,0.499857068560527,0.298236538272904
"87959",0.198756395948045,1.49370056919857,0.885536809324002,0.608163759874571,1.29494417325053,0.686780413375958
"45293",2.50955419565704,1.31948306002247,1.76642766253003,-0.446944602507562,-1.19007113563457,-0.743126533127007
"384257",1e-08,0.224139419238189,0.120787530559034,0.103351888679154,0.224139409238189,0.120787520559034
"340521",0.294479494670033,2.00133070346715,1.44578838470288,0.555542318764264,1.70685120879711,1.15130889003285
"564134",1.03891732770118,0.92340126164763,0.963898751230237,-0.040497489582607,-0.115516066053549,-0.0750185764709416
"62763",0.0623368781308458,0.388288380226451,0.230559629775947,0.157728750450505,0.325951502095606,0.168222751645101
"287472",1.66048218498907,4.27760188457877,3.26458016772256,1.01302171685621,2.6171196995897,1.60409798273349
"494967",1e-08,0.427521902573509,0.190401142573582,0.237120759999927,0.427521892573509,0.190401132573582
"165781",1.89503281173837,2.05637738446432,1.98993780658974,0.0664395778745788,0.161344572725954,0.0949049948513754
"522612",1.90931162957343,1.49083860823216,1.64311789314296,-0.152279284910793,-0.418473021341265,-0.266193736430472
"493980",2.16252215214332,1.74799814379312,1.91390034346207,-0.165902199668954,-0.414524008350195,-0.248621808681242
"53103",4.51257428419652,3.49279782797069,3.79951740831125,-0.306719580340562,-1.01977645622583,-0.71305687588527
"182126",1e-08,1.22244067281231,0.592639423940172,0.629801248872136,1.22244066281231,0.592639413940172
"59330",0.560527869143974,1.6178386258213,1.21192131484994,0.405917310971365,1.05731075667733,0.651393445705963
"200121",2.28175466521309,3.44641232052297,2.996801883483,0.449610437039968,1.16465765530987,0.715047218269906
"275058",9.57584330012792,5.42190310661224,6.42948842542487,-1.00758531881263,-4.15394019351568,-3.14635487470305
"314476",4.1623577554672,4.47419560828754,4.37097196614936,0.103223642138175,0.311837852820343,0.208614210682168
"383745",0.342299666358434,1.29740430082827,0.902086743823954,0.395317557004313,0.955104634469834,0.559787077465521
"517205",8.24026603643939,6.0773115119628,6.61403725181142,-0.536725739848619,-2.1629545244766,-1.62622878462798
"272841",1e-08,0.123942145541035,0.0648244709478691,0.0591176745931663,0.123942135541035,0.0648244609478691
"82170",0.573154629001207,0.856658757906096,0.738674582990273,0.117984174915823,0.283504128904889,0.165519953989066
"109045",0.635805235438079,4.70565339316907,3.46286238820015,1.24279100496892,4.06984815773099,2.82705715276207
"351463",0.847184183925791,4.05556465298555,2.84222051392518,1.21334413906037,3.20838046905976,1.99503632999939
"59916",0.516991050338984,0.515253032496378,0.516122098188296,-0.000869065691918358,-0.00173801784260585,-0.000868952150687496
"423959",1e-08,0.407311186371669,0.20136457261571,0.205946613755959,0.407311176371669,0.20136456261571
"170296",3.21536712196477,3.42639998876933,3.36351922339525,0.062880765374083,0.211032866804561,0.148152101430478
"395370",0.791045377930572,1.2004062153498,1.04706013050654,0.153346084843264,0.409360837419232,0.256014752575968
"254580",1e-08,0.0370457728249809,0.0164631648348431,0.0205826079901379,0.0370457628249809,0.0164631548348431
"171127",1.47974839115965,0.792055645752354,1.04561347620706,-0.253557830454705,-0.687692745407295,-0.434134914952591
"294379",0.175561064810477,1.6777153203981,0.946909565865826,0.730805754532271,1.50215425558762,0.771348501055348
"199173",1e-08,0.307954259837149,0.159807339349613,0.148146920487536,0.307954249837149,0.159807329349613
"561528",4.68612266060941,2.95359898588184,3.44934761450151,-0.495748628619668,-1.73252367472757,-1.2367750461079
"202023",0.715052630267112,2.49772455540804,1.66633799100431,0.831386564403725,1.78267192514092,0.9512853607372
"277670",3.81069606400178,4.88332896193369,4.51675852776364,0.36657043417005,1.07263289793191,0.706062463761864
"170278",0.0370739927131601,0.118895412515934,0.0799828359173721,0.0389125765985618,0.0818214198027738,0.0429088432042121
"119992",0.911843578014127,1.36944002285642,1.18616057435961,0.183279448496814,0.457596444842298,0.274316996345485
"194650",1.00804748379232,2.56261885825629,1.94987039310816,0.612748465148132,1.55457137446397,0.94182290931584
"36937",1.70218283108145,3.71884617767192,2.97763989425089,0.741206283421028,2.01666334659047,1.27545706316944
"442699",1.12667519305743,4.15906307591348,3.01799923335328,1.1410638425602,3.03238788285606,1.89132404029585
"449631",4.93991167863677,3.64902507574572,4.05003199720691,-0.40100692146119,-1.29088660289105,-0.889879681429862
"316159",0.0480397677318651,0.233464830311271,0.147736819292415,0.0857280110188564,0.185425062579406,0.0996970515605494
"556268",3.56962500548505,2.00152568615757,2.54293815252015,-0.541412466362587,-1.56809931932748,-1.02668685296489
"382451",0.692784616095159,1.02566204056308,0.914587670435133,0.111074370127947,0.332877424467921,0.221803054339974
"347806",0.571516142423625,0.662933847216559,0.628736570166783,0.0341972770497758,0.091417704792934,0.0572204277431582
"280302",1.86480158947588,2.47102602907923,2.27589529385711,0.195130735222122,0.606224439603354,0.411093704381232
"23738",0.136277545118544,0.073572605453795,0.103043595828109,-0.0294709903743136,-0.0627049396647491,-0.0332339492904355
"216453",0.50147647029399,0.613899004739105,0.561580790412808,0.0523182143262967,0.112422534445115,0.0601043201188183
"194052",0.0841019225957925,0.229539894367656,0.1658189743396,0.0637209200280555,0.145437971771863,0.0817170517438078
"340758",3.03043514969706,4.1970144087089,3.82857639047655,0.368438018232357,1.16657925901185,0.798141240779489
"1576",10,11.516564111461,10,1.51656411146104,1.51656411146104,0
"167271",10,11.516564111461,10,1.51656411146104,1.51656411146104,0
"181952",10,6.02808915291935,9.30618798939259,-3.27809883647325,-3.97191084708065,-0.693812010607406
"185448",10,7.88161506191291,10,-2.11838493808709,-2.11838493808709,0
"190299",10,5.90952599067269,6.99782670707838,-1.08830071640569,-4.09047400932731,-3.00217329292162
"190569",5.9160492384735,1.43864294299402,2.48751184042323,-1.04886889742921,-4.47740629547948,-3.42853739805027
"198917",10,8.022808310453,10,-1.977191689547,-1.977191689547,0
"216780",10,9.37785259172545,10,-0.622147408274548,-0.622147408274548,0
"234932",10,11.516564111461,10,1.51656411146104,1.51656411146104,0
"253591",0.88012876217986,0.961106392059575,0.941006508488616,0.0200998835709592,0.0809776298797151,0.060877746308756
"255534",4.82189894550743,4.2716185684194,4.45042781119716,-0.17880924277777,-0.55028037708803,-0.37147113431026
"26275",10,11.516564111461,10,1.51656411146104,1.51656411146104,0
"27376",8.56500279420303,7.11757883834966,7.49521972049173,-0.377640882142071,-1.44742395585337,-1.0697830737113
"278207",10,11.516564111461,10,1.51656411146104,1.51656411146104,0
"373223",10,9.37785259172545,10,-0.622147408274548,-0.622147408274548,0
"375504",10,11.516564111461,10,1.51656411146104,1.51656411146104,0
"39796",5.14508590629675,2.78302615300093,3.45335814727091,-0.670331994269977,-2.36205975329582,-1.69172775902584
"422897",9.43278990890283,6.48499276729983,7.23636510012601,-0.751372332826182,-2.947797141603,-2.19642480877682
"447001",10,7.88161506191291,10,-2.11838493808709,-2.11838493808709,0
"458971",10,11.516564111461,10,1.51656411146104,1.51656411146104,0
"508646",2.26226689627152,2.51128391574689,2.42958334326184,0.0817005724850461,0.249017019475366,0.167316446990319
"543541",10,7.88161506191291,10,-2.11838493808709,-2.11838493808709,0
"548428",10,7.01272160370809,9.97908703766421,-2.96636543395613,-2.98727839629191,-0.0209129623357853
"554672",10,8.022808310453,10,-1.977191689547,-1.977191689547,0
"555141",5.99710924000012,2.70642442199531,3.68190086177288,-0.975476439777575,-3.29068481800481,-2.31520837822723
"562218",2.64533625993575,1.42796238947172,1.76505313571796,-0.337090746246244,-1.21737387046403,-0.88028312421779
"294649",1e-08,0.267404303585829,0.133427315595674,0.133976987990155,0.267404293585829,0.133427305595674
"98404",0.264300019436784,0.713927326878503,0.510987757672557,0.202939569205946,0.449627307441719,0.246687738235774
"27537",0.408771926682698,0.815949703678152,0.614964102742379,0.200985600935773,0.407177776995454,0.206192176059681
"275009",1e-08,0.842260096491105,0.404482022700803,0.437778073790302,0.842260086491105,0.404482012700803
"181017",6.79313133235223,1.99211076503809,3.32585340872697,-1.33374264368888,-4.80102056731414,-3.46727792362526
"294769",10,4.30280159430069,5.71598911928774,-1.41318752498705,-5.69719840569931,-4.28401088071226
"85657",0.065980818443246,0.748972712111107,0.434642678502961,0.314330033608146,0.682991893667861,0.368661860059715
"211083",0.0327863667377507,0.165280341601478,0.10085525793699,0.0644250836644884,0.132493974863728,0.0680688911992394
"215649",1e-08,0.559070348353988,0.275079787059375,0.283990561294613,0.559070338353987,0.275079777059375
"98458",2.93578460594836,2.77254394997554,2.83223717001585,-0.059693220040312,-0.163240655972817,-0.103547435932505
"492018",0.612858884025834,1.35920251550871,1.00020971402026,0.358992801488451,0.746343631482876,0.387350829994424
"410266",0.319627283748072,0.763555693204183,0.553580640088066,0.209975053116117,0.443928409456111,0.233953356339994
"177843",0.603813972051961,1.51645670081336,1.16328240038177,0.353174300431593,0.912642728761398,0.559468428329805
"347678",1e-08,2.48856666921762,1.44963692366354,1.03892974555408,2.48856665921762,1.44963691366354
"559612",1.16838155530323,2.54290322007259,1.98798722699198,0.554915993080612,1.37452166476936,0.819605671688751
"565471",0.149083941968114,0.590775029700268,0.409361686473891,0.181413343226377,0.441691087732154,0.260277744505777
"378952",0.0845198453985193,1.21899961622476,0.746946019288614,0.472053596936147,1.13447977082624,0.662426173890095
"243369",1.35979685529819,1.36624825996372,1.36322914500495,0.00301911495877127,0.00645140466552951,0.00343228970675824
"342971",0.381893109773115,1.81196410734031,1.23470704032694,0.577257067013368,1.43007099756719,0.852813930553825
"356723",1e-08,0.44874366785028,0.222396303535623,0.226347364314658,0.44874365785028,0.222396293535623
"62346",0.10382915583903,0.250259704294165,0.178684529732688,0.0715751745614773,0.146430548455135,0.0748553738936582
"485205",0.845766760656047,1.98060146672864,1.47098596539993,0.509615501328711,1.1348347060726,0.625219204743885
"277057",3.45266890489688,3.63158501103293,3.577142749444,0.05444226158893,0.178916106136049,0.124473844547119
"470050",1.90115295650831,1.50120869401873,1.64815889047549,-0.146950196456755,-0.399944262489577,-0.252994066032822
"174760",1.51636671100164,1.9195565244566,1.76675230870062,0.152804215755981,0.40318981345496,0.250385597698979
"455581",1.17807258162036,2.54626961491365,1.99965218910513,0.546617425808526,1.36819703329329,0.821579607484762
"51759",0.819268324256483,1.87779177534423,1.40430391308491,0.473487862259325,1.05852345108775,0.585035588828424
"402096",0.73177066138484,1.28103234306639,1.07238441725193,0.208647925814461,0.549261681681553,0.340613755867091
"16944",1.16683775983503,2.60272062715963,2.01303222318933,0.589688403970303,1.4358828673246,0.846194463354296
"487428",0.259853656057294,0.800428604799038,0.547188603892802,0.253240000906236,0.540574948741744,0.287334947835508
"522747",0.0544837689399246,0.710408542657237,0.418825173220332,0.291583369436905,0.655924773717313,0.364341404280408
"8482",10,4.34336298513264,6.47407241270076,-2.13070942756812,-5.65663701486736,-3.52592758729924
"298739",1.4687277204367,1.17524213718388,1.2753218476619,-0.100079710478025,-0.293485583252824,-0.193405872774799
"388209",5.01567467236807,3.39811189974982,3.8996398238935,-0.501527924143683,-1.61756277261826,-1.11603484847457
"146443",10,4.6445095333289,6.26415815856511,-1.61964862523622,-5.3554904666711,-3.73584184143489
"149129",1.47053673798679,1.37718112073658,1.40735682961594,-0.0301757088793582,-0.0933556172502117,-0.0631799083708535
"253140",8.28903548418371,7.49375387896186,7.7054291160075,-0.211675237045644,-0.79528160522185,-0.583606368176206
"307877",4.59331395226444,5.29398208651053,5.05274077737314,0.241241309137389,0.700668134246092,0.459426825108703
"376421",8.62579672102486,7.01182360690894,7.43808499133735,-0.426261384428411,-1.61397311411592,-1.1877117296875
"541972",9.87867019767736,5.82174861687666,6.85113009651289,-1.02938147963623,-4.05692158080069,-3.02754010116447
"560245",2.430921693284,3.85874397001348,3.30029805960259,0.558445910410883,1.42782227672947,0.869376366318592
"577479",8.28903548418371,7.49375387896186,7.7054291160075,-0.211675237045644,-0.79528160522185,-0.583606368176206
"172218",10,3.82760858782437,5.6018329788892,-1.77422439106482,-6.17239141217563,-4.3981670211108
"192079",3.38732711097262,1.96856791139201,2.44566715315589,-0.47709924176388,-1.41875919958061,-0.941659957816726
"363403",10,3.32644580389776,5.32345546325487,-1.99700965935711,-6.67355419610224,-4.67654453674513
"472859",10,3.48151061712889,5.43326624620896,-1.95175562908007,-6.51848938287111,-4.56673375379104
"94918",5.57574543292563,3.35327374740774,4.04119987773813,-0.687926130330393,-2.22247168551789,-1.5345455551875
"117593",1.08339947892622,1.30381346402629,1.21400109087859,0.0898123731476994,0.220413985100074,0.130601611952375
"138917",0.00886344154886987,0.100254774394352,0.0570111925501516,0.0432435818442005,0.0913913328454823,0.0481477510012817
"220273",0.0847322226583079,0.472731400609941,0.284162727240198,0.188568673369744,0.387999177951633,0.19943050458189
"246989",0.0925376869012492,0.26618899117266,0.180285201416159,0.0859037897565006,0.173651304271411,0.0877475145149103
"108730",0.44987211299332,0.885723796484329,0.717017150143203,0.168706646341126,0.435851683491009,0.267145037149883
"444530",1.17709967782395,0.851998053313831,0.96549886196157,-0.113500808647739,-0.325101624510122,-0.211600815862383
"31689",1.49382810028989,1.75765169055235,1.6601873245356,0.0974643660167478,0.263823590262459,0.166359224245711
"83265",1e-08,1.78919133596208,0.867205011821254,0.921986324140822,1.78919132596208,0.867205001821254
"341870",0.00801672727074784,0.0510014542901303,0.0306708108677405,0.0203306434223898,0.0429847270193825,0.0226540835969926
"255627",4.98010547888986,2.79023029044033,3.4210005621772,-0.630770271736866,-2.18987518844953,-1.55910491671266
"70417",0.231127969043367,1.86307804509884,1.15433788845766,0.708740156641182,1.63195007605547,0.923209919414292
"565435",1.88623562504327,3.78610440750805,3.06910463943163,0.716999768076427,1.89986878246478,1.18286901438835
"8409",0.228295024200114,2.27312979372481,1.40688880943763,0.866240984287178,2.04483476952469,1.17859378523751
"434973",0.32619265698502,0.306365249033802,0.314043065969062,-0.00767781693525987,-0.019827407951218,-0.0121495910159581
"388925",6.32692832086556,3.36133700852824,3.95448219255084,-0.593145184022601,-2.96559131233732,-2.37244612831472
"533590",6.19608845102342,2.56300330101161,3.6560591404817,-1.0930558394701,-3.63308515001181,-2.54002931054172
"18644",4.61366328278953,2.75499194640508,3.30966186088081,-0.554669914475733,-1.85867133638445,-1.30400142190872
"349218",2.33998259446253,3.15535605235741,2.85285885107996,0.302497201277456,0.81537345789488,0.512876256617424
"145202",10,6.91466992098813,9.79291031283302,-2.8782403918449,-3.08533007901187,-0.207089687166977
"168015",10,8.50277994699837,10,-1.49722005300163,-1.49722005300163,0
"198556",5.77230187890624,2.01458688968833,3.00281991474029,-0.988233025051957,-3.75771498921791,-2.76948196416595
"201814",10,3.61859011863009,5.41796125805876,-1.79937113942867,-6.38140988136991,-4.58203874194124
"240913",4.59659679828464,4.68163975494846,4.65253339461193,0.0291063603365274,0.085042956663818,0.0559365963272906
"302830",10,7.91117297073805,10,-2.08882702926195,-2.08882702926195,0
"356294",5.69202798847444,2.38185534075999,3.30805660798773,-0.926201267227741,-3.31017264771445,-2.38397138048671
"398051",5.64250723510112,3.45797875985903,4.14542107305976,-0.68744231320073,-2.18452847524209,-1.49708616204136
"429101",10,5.87279065830929,6.91899211575258,-1.04620145744329,-4.12720934169071,-3.08100788424742
"438818",10,2.75689162632131,4.79745897584735,-2.04056734952604,-7.24310837367869,-5.20254102415265
"537740",9.56968577749017,5.8091475814846,6.75327430866432,-0.944126727179719,-3.76053819600557,-2.81641146882585
"553235",10,7.38575650590312,10,-2.61424349409688,-2.61424349409688,0
"65364",10,8.50277994699837,10,-1.49722005300163,-1.49722005300163,0
"537017",1.17683586124643,1.2867039058478,1.23983865022672,0.0468652556210829,0.109868044601369,0.0630027889802864
"464067",0.607912913446438,1.01899048705326,0.838856025454704,0.180134461598554,0.41107757360682,0.230943112008266
"304623",0.332678001047829,1.44547890714226,0.93874107669682,0.506737830445443,1.11280090609443,0.606063075648991
"564869",1.38760784895828,2.01226698477318,1.77561705312762,0.236649931645553,0.6246591358149,0.388009204169347
"270235",0.118478602990705,0.232959811883359,0.176030870558645,0.0569289413247131,0.114481208892653,0.0575522675679403
"251092",4.23786837713454,7.10480459390541,6.42536382407219,0.679440769833214,2.86693621677087,2.18749544693765
"279257",5.18468202601611,3.81700241389724,4.26356003261187,-0.446557618714632,-1.36767961211887,-0.92112199340424
"289904",4.23786837713454,7.10480459390541,6.42536382407219,0.679440769833214,2.86693621677087,2.18749544693765
"533781",1.3771525886243,2.13593172658646,1.84262065288994,0.293311073696518,0.758779137962151,0.465468064265633
"234768",0.0379616320479629,0.0379410512211422,0.0378618798604645,7.91713606776434e-05,-2.05808268207014e-05,-9.97521874983448e-05
"385918",0.841270958032026,1.70294497840429,1.33537366204428,0.367571316360016,0.861674020372266,0.49410270401225
"173072",1.18979149120991,2.16072684202227,1.8022497434997,0.358477098522566,0.970935350812357,0.61245825228979
"145601",0.869155981916291,0.454060427109173,0.607167458074435,-0.153107030965263,-0.415095554807118,-0.261988523841855
"530566",0.454653483024537,2.15020544490432,1.41144395333309,0.738761491571226,1.69555196187978,0.956790470308556
"59615",0.279043216440682,1.42191609627544,0.902063607178462,0.519852489096976,1.14287287983476,0.62302039073778
"543192",2.93012979363734,0.751097218488854,1.47369252735001,-0.722595308861156,-2.17903257514849,-1.45643726628733
"142236",0.236563745062393,0.110613060136416,0.170739522615327,-0.0601264624789115,-0.125950684925977,-0.0658242224470658
"469682",1.78133791548201,1.70676660249957,1.73511447819333,-0.0283478756937632,-0.0745713129824379,-0.0462234372886747
"514915",2.82954045531968,3.03566561058942,2.95783515539421,0.0778304551952114,0.206125155269742,0.12829470007453
"15845",1.17069850365313,1.21558778653867,1.19738874637461,0.018199040164063,0.0448892828855461,0.026690242721483
"194842",2.31538190382821,1.23448284199502,1.62440153341709,-0.389918691422065,-1.08089906183319,-0.690980370411127
"552841",0.175329589632467,1.38533428541188,0.86701264921919,0.518321636192695,1.21000469577942,0.691683059586723
"405586",0.958661395804505,2.89152807335823,2.09474168328311,0.796786390075118,1.93286667755373,1.13608028747861
"464997",0.206020509540937,0.790505917105287,0.517165076347063,0.273340840758224,0.58448540756435,0.311144566806126
"133468",1e-08,0.577687175456859,0.284906869977492,0.292780305479367,0.577687165456859,0.284906859977492
"8914",1e-08,0.404786365406275,0.202700648210258,0.202085717196017,0.404786355406275,0.202700638210258
"185146",0.964470230826094,1.29820963252639,1.16729392559493,0.130915706931457,0.333739401700297,0.20282369476884
"72211",0.176186556257326,0.655931945384585,0.439527188469799,0.216404756914786,0.479745389127259,0.263340632212473
"316679",0.839070199243585,1.62101097871015,1.29734387644331,0.32366710226684,0.781940779466566,0.458273677199726
"262141",1.91924042151215,3.43013456418742,2.85541956297009,0.574715001217327,1.51089414267527,0.936179141457943
"444109",4.1329008206498,1.50404020879616,2.36572083593545,-0.861680627139291,-2.62886061185364,-1.76717998471435
"517047",1e-08,0.695707224860747,0.347537994675079,0.348169230185667,0.695707214860746,0.347537984675079
"443361",4.1286492572072,3.64810474585083,3.7918915315863,-0.143786785735467,-0.480544511356369,-0.336757725620902
"396212",0.471446787705029,0.412709848854613,0.437360291089084,-0.0246504422344712,-0.0587369388504158,-0.0340864966159447
"171458",1e-08,0.399293932871458,0.181061760571725,0.218232172299733,0.399293922871458,0.181061750571725
"426481",0.346000875648375,1.42637884597413,0.917971502928068,0.508407343046062,1.08037797032575,0.571970627279693
"578070",2.75704092853405e-05,0.11257104464111,0.0637636767715874,0.0488073678695227,0.112543474231825,0.0637361063623021
"102689",1.59461503256057,2.15696326039855,1.92908715813479,0.227876102263763,0.562348227837981,0.334472125574218
"12378",0.376900543818892,2.15630413315493,1.37495424070854,0.781349892446385,1.77940358933603,0.998053696889648
"171230",1.33016547016277,4.47058129338319,3.25161697432124,1.21896431906195,3.14041582322041,1.92145150415846
"346033",3.42391243747818,6.91723298667479,6.14370610703626,0.77352687963853,3.49332054919661,2.71979366955808
"572149",3.7287953598525,3.41599164742924,3.50727759989804,-0.0912859524688048,-0.312803712423264,-0.221517759954459
"128292",3.09514036820935,2.06584873540099,2.42064653156297,-0.354797796161982,-1.02929163280836,-0.674493836646373
"149036",7.32804672572408,6.37399735040402,6.61095633693263,-0.23695898652861,-0.95404937532006,-0.717090388791449
"301942",7.93939577344084,5.81978563475267,6.33493021260121,-0.515144577848538,-2.11961013868817,-1.60446556083963
"553125",3.3038705550352,3.35780066264971,3.34223263033072,0.0155680323189924,0.0539301076145113,0.0383620752955189
"287200",0.72603839115375,0.995779148482961,0.899644472993818,0.096134675489143,0.269740757329211,0.173606081840068
"262063",1.88079406543857,1.92601669544102,1.90834542745535,0.0176712679856725,0.0452226300024503,0.0275513620167778
"574526",1e-08,0.792394002148975,0.382735346490719,0.409658655658256,0.792393992148975,0.382735336490719
"500739",0.804291126995824,1.52430485154188,1.23036944406515,0.293935407476731,0.720013724546054,0.426078317069323
"571337",1e-08,0.854359470670932,0.415647179321703,0.43871229134923,0.854359460670932,0.415647169321703
"437513",0.1741323618081,0.79693841777358,0.493595533736851,0.30334288403673,0.622806055965481,0.319463171928751
"256911",0.395764565157736,0.784533658672054,0.599899537935362,0.184634120736692,0.388769093514317,0.204134972777625
"486957",0.155997592783005,0.532924525803479,0.376002429740738,0.156922096062741,0.376926933020474,0.220004836957733
"261707",2.10168510609107,0.497019464523096,1.07119321003529,-0.574173745512189,-1.60466564156797,-1.03049189605578
"120859",1e-08,1.21131449449115,0.677464983228057,0.533849511263089,1.21131448449115,0.677464973228057
"257878",0.414392246328929,0.444761499544377,0.431802645868751,0.0129588536756259,0.0303692532154485,0.0174103995398227
"317902",0.822247228259968,2.79666641174727,1.99880927656409,0.797857135183182,1.9744191834873,1.17656204830412
"170975",0.701991940372987,2.40672024931823,1.61963288728071,0.787087362037528,1.70472830894525,0.917640946907718
"389776",5.13937861120103,3.69609923721771,4.14637194870404,-0.450272711486329,-1.44327937398332,-0.993006662496989
"458921",0.052414161579357,0.0789083459691234,0.0659656754664392,0.0129426705026843,0.0264941843897664,0.0135515138870821
"549548",1.31196246445233,0.902231007334335,1.05582278954713,-0.153591782212793,-0.40973145711799,-0.256139674905197
"174526",10,5.90242026367784,7.91900107816846,-2.01658081449062,-4.09757973632216,-2.08099892183154
"227098",5.65575895495779,3.3432894412919,4.06810976577552,-0.724820324483615,-2.31246951366589,-1.58764918918227
"306448",0.126870062713412,0.439141077133153,0.27873665867332,0.160404418459833,0.312271014419741,0.151866595959908
"346996",4.63470350949441,4.4471168411404,4.48575427605916,-0.0386374349187522,-0.187586668354004,-0.148949233435252
"389701",0.0734341745125644,1.12892520766034,0.688559323277899,0.440365884382438,1.05549103314777,0.615125148765335
"246060",7.95258178226997,6.50940567319647,6.87681536248385,-0.367409689287373,-1.44317610907349,-1.07576641978612
"51116",8.66791629050793,5.70511792474852,6.44351058447581,-0.738392659727285,-2.96279836575941,-2.22440570603212
"242132",2.14183281260937,3.83725338877024,3.16313128722625,0.674122101543986,1.69542057616087,1.02129847461689
"138068",6.86725731550122,8.75895808181513,8.25028935421222,0.508668727602917,1.89170076631391,1.383032038711
"154761",7.25436512071131,8.13691873675211,7.90140752485732,0.235511211894787,0.882553616040804,0.647042404146017
"187960",7.25436512071131,8.13691873675211,7.90140752485732,0.235511211894787,0.882553616040804,0.647042404146017
"223615",8.54618933606757,7.02553008712895,7.41651363322869,-0.390983546099736,-1.52065924893861,-1.12967570283888
"272101",4.25773661511692,5.02546495620583,4.76955738369736,0.255907572508467,0.767728341088905,0.511820768580438
"315187",0.6326330206166,3.0869499687367,2.09650343459864,0.990446534138064,2.4543169481201,1.46387041398204
"373003",2.4555935345134,7.17930956812901,5.47281840049084,1.70649116763817,4.72371603361561,3.01722486597744
"427074",10,11.292081320221,10,1.29208132022104,1.29208132022104,0
"86234",4.11572495654324,5.298632740497,4.8999527904589,0.398679950038102,1.18290778395376,0.784227833915661
"89152",1.89240535705461,4.17139654105631,3.28744903841502,0.883947502641283,2.2789911840017,1.39504368136042
"167093",1.77794310614754,1.51353909526751,1.61015028586244,-0.0966111905949287,-0.264404010880031,-0.167792820285103
"564661",0.0589849150046664,0.496933264045783,0.313870863631596,0.183062400414187,0.437948349041117,0.25488594862693
"177728",0.124607211677125,0.421470574239964,0.269844961233599,0.151625613006365,0.296863362562839,0.145237749556474
"214365",0.71535890307376,1.13795557292817,0.942502598591608,0.195452974336566,0.422596669854413,0.227143695517848
"89811",0.336059330134171,1.2068448724358,0.822928421564453,0.383916450871346,0.870785542301628,0.486869091430282
"516456",1.57230060684884,0.80964814935455,1.10408931655649,-0.294441167201942,-0.762652457494292,-0.46821129029235
"315066",0.0529384192017412,0.166147536297069,0.110618394209606,0.0555291420874632,0.113209117095328,0.0576799750078648
"304463",1e-08,0.602726898295882,0.323054155231484,0.279672743064397,0.602726888295882,0.323054145231484
"370796",4.21454058023641,3.31221946322375,3.59166257180423,-0.279443108580486,-0.90232111701266,-0.622878008432174
"340169",6.03080918981597,3.1727837167155,4.06474985002046,-0.891966133304964,-2.85802547310047,-1.9660593397955
"35347",0.779893828557001,2.26100177331606,1.55537607406877,0.705625699247293,1.48110794475906,0.775482245511769
"571823",3.18059411985612,2.313324983732,2.62077493460683,-0.307449950874833,-0.867269136124119,-0.559819185249287
"445222",1.33064071109661,2.25411127048814,1.89570842247763,0.358402848010502,0.923470559391528,0.565067711381026
"285689",0.562202879779806,1.19733036134555,0.913024602805169,0.284305758540382,0.635127481565745,0.350821723025363
"24315",0.0278199693249421,0.140564452099452,0.0867878520821092,0.0537766000173432,0.11274448277451,0.0589678827571671
"369424",0.455089003826751,0.909789513246433,0.728130615103528,0.181658898142905,0.454700509419682,0.273041611276777
"450171",4.54657779140324,3.77304132187513,4.00856748031937,-0.235526158444234,-0.773536469528109,-0.538010311083875
"351084",1.18793381198399e-08,0.882161836164669,0.502138012438583,0.380023823726087,0.882161824285331,0.502138000559245
"195046",0.254472464330321,0.418846904452736,0.355338266376766,0.0635086380759698,0.164374440122415,0.100865802046445
"297275",0.247713108027855,1.07645764609883,0.652741890520087,0.42371575557874,0.828744538070972,0.405028782492232
"115502",2.31405779494913,1.08445736005224,1.51508596882411,-0.430628608771871,-1.22960043489689,-0.798971826125015
"485470",0.78147990440889,1.3198421765167,1.10961185500161,0.210230321515092,0.538362272107814,0.328131950592721
"546113",1e-08,0.0513424077541358,0.0275092851017051,0.0238331226524307,0.0513423977541358,0.0275092751017051
"523927",0.120444471789515,1.3292208678624,0.788955958306045,0.540264909556358,1.20877639607289,0.66851148651653
"283585",3.19862316688841,2.48564542982464,2.74279826712148,-0.257152837296835,-0.712977737063769,-0.455824899766934
"261879",0.0704066515785449,0.168966664851027,0.122944593906746,0.0460220709442808,0.0985600132724821,0.0525379423282013
"20107",3.12907735554719,3.20189750854245,3.18152376589051,0.0203737426519464,0.072820152995261,0.0524464103433147
"271419",3.4974796094283,2.9955054831577,3.14011625088881,-0.144610767731109,-0.501974126270603,-0.357363358539494
"565925",2.4372980067897,1.00120043411975,1.49637351109928,-0.495173076979523,-1.43609757266995,-0.940924495690427
"293473",0.445582249423248,1.12256073540954,0.824838045241358,0.297722690168185,0.676978485986295,0.37925579581811
"36945",0.872744859098622,1.79955398557395,1.39146651689688,0.408087468677067,0.926809126475328,0.518721657798261
"351322",0.521061052513111,1.69276191331433,1.20935880207737,0.483403111236959,1.17170086080122,0.688297749564259
"74269",1.07978173410529,2.66388681921546,2.02136232042202,0.642524498793441,1.58410508511017,0.941580586316726
"8103",0.0897615994359863,2.30368006349231,1.3710579277501,0.932622135742213,2.21391846405632,1.28129632831411
"295365",0.570577147601323,0.732317862417762,0.669655410002755,0.0626624524150063,0.161740714816439,0.0990782624014327
"163606",1e-08,0.235145703411984,0.132993937804949,0.102151765607035,0.235145693411984,0.132993927804949
"163644",5.15546687051803,4.10068097433666,4.44508392396055,-0.344402949623889,-1.05478589618137,-0.710382946557482
"282270",10,10.5538757263918,10,0.553875726391759,0.553875726391759,0
"294615",8.72754380866845,6.76892833433747,7.28069418337886,-0.511765849041382,-1.95861547433098,-1.4468496252896
"379796",10,10.5538757263918,10,0.553875726391759,0.553875726391759,0
"373791",1.76376694879054,1.34140416792256,1.49644934562133,-0.155045177698773,-0.422362780867975,-0.267317603169202
"465010",0.0679324022093003,0.392497928463191,0.243276782105506,0.149221146357685,0.324565526253891,0.175344379896206
"469445",0.0747818787463332,0.469395730187631,0.270102212722172,0.199293517465459,0.394613851441298,0.195320333975839
"538837",0.865714118345578,1.77080914401128,1.37360603017797,0.397203113833311,0.9050950256657,0.507891911832389
"313888",2.01904934189453,1.73536041360251,1.84864539265358,-0.113284979051073,-0.283688928292015,-0.170403949240942
"169542",0.872296088680458,1.36103320899094,1.16508064829536,0.195952560695575,0.488737120310481,0.292784559614906
"17219",1e-08,0.243638348002853,0.140087134579705,0.103551213423149,0.243638338002853,0.140087124579705
"419683",0.00105777223180612,0.927657365798229,0.482567646082359,0.44508971971587,0.926599593566423,0.481509873850553
"303872",0.279096123279291,0.427740728212245,0.368241054280141,0.0594996739321041,0.148644604932954,0.0891449310008499
"512525",0.0804946853822101,0.262526970919635,0.204561461570032,0.0579655093496031,0.182032285537425,0.124066776187822
"86403",0.439971139067228,1.63358945304743,1.13725395001238,0.496335503035052,1.19361831398021,0.697282810945153
"21012",0.450546491595086,5.3418912887985,3.81134449855207,1.53054679024643,4.89134479720342,3.36079800695699
"44193",1.30402635050824,0.884328497805791,1.04241377652239,-0.158085278716596,-0.419697852702447,-0.261612573985851
"156389",3.32677024895586,4.82152395879539,4.3240670422226,0.497456916572783,1.49475370983953,0.997296793266746
"295058",1.14530047646691,0.809286821401985,0.925476763596248,-0.116189942194263,-0.336013655064929,-0.219823712870666
"433379",0.27325528246755,0.428964858216875,0.365119935269099,0.0638449229477763,0.155709575749325,0.0918646528015489
"480120",1e-08,6.4739372643594,4.37114284640759,2.10279441795181,6.4739372543594,4.37114283640759
"323168",10,7.47342338236229,9.10754439320488,-1.6341210108426,-2.52657661763771,-0.892455606795117
"420108",4.74163621711132,4.20640451822133,4.38083893016259,-0.174434411941259,-0.535231698889994,-0.360797286948736
"45941",5.44480848291049,3.83084704948785,4.35167231864147,-0.520825269153621,-1.61396143342264,-1.09313616426902
"465860",5.53607775866512,3.29319834714425,3.98442615221026,-0.691227805066009,-2.24287941152087,-1.55165160645486
"44905",0.428098705984333,0.514445876207255,0.485988602568019,0.0284572736392363,0.0863471702229222,0.0578898965836858
"206533",10,6.0181785141558,8.09738554707213,-2.07920703291633,-3.9818214858442,-1.90261445292787
"381768",0.257098426783593,0.83854984920369,0.557040309655338,0.281509539548351,0.581451422420096,0.299941882871745
"211394",1.19615900104182,0.936971351839418,1.0388164984546,-0.101845146615185,-0.259187649202407,-0.157342502587221
"446324",3.40985390496827,2.11164021622403,2.56890093896989,-0.457260722745859,-1.29821368874424,-0.840952965998377
"222505",0.203527835834623,0.772362341294272,0.513978349712892,0.25838399158138,0.568834505459649,0.310450513878269
"194619",3.48859719851941,5.96465195250473,5.10113793246367,0.863514020041056,2.47605475398532,1.61254073394426
"196911",9.98584556814439,5.02370103710119,6.2360634679714,-1.21236243087021,-4.9621445310432,-3.74978210017299
"246112",5.53335604552719,10.7029733633962,9.25167857395548,1.45129478944071,5.169617317869,3.71832252842829
"246540",2.54631032584899,6.83661830598746,5.30052517972716,1.53609312626031,4.29030798013847,2.75421485387817
"251988",1.22615298790201,4.3069279741042,3.12015944588784,1.18676852821636,3.08077498620219,1.89400645798583
"270368",5.64869386882859,10.5321186431978,9.16647895914357,1.36563968405423,4.88342477436921,3.51778509031498
"292428",5.64869386882859,10.5321186431978,9.16647895914357,1.36563968405423,4.88342477436921,3.51778509031498
"302155",3.35516814999197,6.12750382472614,5.15580008747421,0.971703737251926,2.77233567473417,1.80063193748224
"305891",5.53335604552719,10.7029733633962,9.25167857395548,1.45129478944071,5.169617317869,3.71832252842829
"327249",0.936367199425973,5.07896818000328,3.44566799829289,1.63330018171039,4.14260098057731,2.50930079886692
"340892",1.36465329088518,4.25173640046023,3.13825890685554,1.11347749360469,2.88708310957505,1.77360561597036
"342466",5.53335604552719,10.7029733633962,9.25167857395548,1.45129478944071,5.169617317869,3.71832252842829
"346389",7.20190151891317,8.39638320421678,8.07878824333879,0.317594960877994,1.19448168530361,0.876886724425619
"359233",10,14.0153645704774,10,4.01536457047742,4.01536457047742,0
"365672",1.61451547833602,3.76731596482732,2.9524544484843,0.814861516343021,2.1528004864913,1.33793897014827
"431663",6.97002815650367,8.28458261280107,7.92971615596925,0.35486645683182,1.3145544562974,0.95968799946558
"456295",1.80425511575963,2.89504041808552,2.50724401723169,0.387796400853831,1.09078530232589,0.702988901472058
"460677",8.32246057412027,7.33163961270749,7.59149521564505,-0.259855602937551,-0.990820961412771,-0.73096535847522
"468777",7.443082720302,8.19432601309214,7.99553719019976,0.198788822892388,0.751243292790147,0.55245446989776
"506363",0.832943943705395,2.55189480941221,1.83081211874411,0.721082690668102,1.71895086570681,0.997868175038712
"514476",8.32246057412027,7.33163961270749,7.59149521564505,-0.259855602937551,-0.990820961412771,-0.73096535847522
"515395",5.53335604552719,10.7029733633962,9.25167857395548,1.45129478944071,5.169617317869,3.71832252842829
"532189",8.44732426928225,6.75897690548677,7.19956530938988,-0.440588403903107,-1.68834736379547,-1.24775895989237
"542613",3.30096780536506,6.0393693174855,5.08280202963666,0.956567287848832,2.73840151212044,1.78183422427161
"551404",9.98584556814439,5.02370103710119,6.2360634679714,-1.21236243087021,-4.9621445310432,-3.74978210017299
"558518",10,14.0153645704774,10,4.01536457047742,4.01536457047742,0
"6356",9.15527595948169,5.97307037254493,6.77914708525936,-0.806076712714433,-3.18220558693676,-2.37612887422232
"296299",3.76798870878936,7.34488243900508,6.51218451970728,0.832697919297798,3.57689373021572,2.74419581091792
"570214",1.19414915003416,1.94024279620422,1.66420873579337,0.276034060410851,0.746093646170062,0.470059585759211
"416083",0.615215127633438,0.670223058915534,0.649469773306048,0.0207532856094851,0.0550079312820955,0.0342546456726104
"250842",1e-08,0.767846427467821,0.380061996047016,0.387784431420805,0.767846417467821,0.380061986047016
"76642",1e-08,0.989532784773323,0.517399681710601,0.472133103062722,0.989532774773322,0.517399671710601
"70033",3.59284221637698,1.54977913781873,2.21291533367397,-0.663136195855246,-2.04306307855825,-1.37992688270301
"563576",0.0225281902832049,0.108750434403606,0.0691401620911571,0.0396102723124493,0.0862222441204015,0.0466119718079522
"371414",2.27873523825245,1.17678247198591,1.56587708925231,-0.389094617266397,-1.10195276626653,-0.712858149000137
"324044",1.62871436302668,3.78483254042777,2.92268087189753,0.862151668530236,2.15611817740109,1.29396650887085
"235947",0.117589315945407,0.397175071371213,0.267757623292444,0.129417448078768,0.279585755425806,0.150168307347038
"119446",0.0520014594211156,0.317450285095223,0.179164251810066,0.138286033285157,0.265448825674107,0.127162792388951
"532218",1.47625513388719,2.0378125926322,1.82251952419549,0.215293068436706,0.56155745874501,0.346264390308304
"284997",1e-08,0.380025490766733,0.193049934427126,0.186975556339607,0.380025480766733,0.193049924427126
"197604",5.1869276964492,3.71806672120068,4.18617367722325,-0.468106956022567,-1.46886097524852,-1.00075401922595
"88414",4.81899759968872,2.48550056306757,3.11630259226138,-0.630802029193816,-2.33349703662115,-1.70269500742733
"381120",0.25873811396483,0.274179135389439,0.266504014118794,0.00767512127064512,0.0154410214246091,0.007765900153964
"481375",1.56534279774808,2.43801420932438,2.07732754120783,0.360686668116557,0.872671411576308,0.511984743459751
"523404",0.734855716896636,1.8798918778761,1.37775431772451,0.502137560151586,1.14503616097946,0.642898600827875
"534674",1.56106909688161,4.32245414847913,3.20971945050397,1.11273469797515,2.76138505159751,1.64865035362236
"407183",0.0718936252172535,0.155060229335581,0.112606231430382,0.0424539979051994,0.0831666041183278,0.0407126062131284
"224818",2.63855718236361,1.30784466776635,1.81446808782084,-0.506623420054498,-1.33071251459726,-0.824089094542764
"366983",3.72533084231512,1.82664813124954,2.46445213245683,-0.637804001207291,-1.89868271106558,-1.26087870985829
"264216",0.803025151713215,2.93905239056978,2.39273396229921,0.546318428270565,2.13602723885656,1.589708810586
"224520",1.52860363789652,2.10813699772338,1.87852021609285,0.229616781630532,0.579533359826862,0.34991657819633
"415658",4.44365423522212,4.40092716024158,4.4139543171116,-0.0130271568700184,-0.0427270749805366,-0.0296999181105182
"388027",0.666191534264026,1.9278795804824,1.34972955222879,0.578150028253604,1.26168804621837,0.683538017964769
"532242",0.581280095269953,1.03402850180886,0.834873297115177,0.199155204693684,0.452748406538908,0.253593201845224
"98129",0.282612706073275,0.471811637429612,0.391685810061122,0.0801258273684902,0.189198931356337,0.109073103987846
"328716",1e-08,0.184295259514023,0.100748191760145,0.0835470677538776,0.184295249514023,0.100748181760145
"152586",10,15.0051232208322,10,5.00512322083216,5.00512322083216,0
"167473",7.03777407969109,7.66818689859815,7.50132327499391,0.16686362360424,0.630412818907066,0.463549195302826
"215022",4.38674399765297,3.59873587382774,3.84811558569108,-0.249379711863332,-0.788008123825225,-0.538628411961893
"235173",10,10.2816514233294,10,0.2816514233294,0.2816514233294,0
"244963",3.61957123595008,4.26840458401828,4.05965133201533,0.208753252002953,0.648833348068194,0.44008009606524
"254662",8.59917953229381,6.31796995513119,6.89805409447638,-0.580084139345184,-2.28120957716262,-1.70112543781743
"261694",10,7.57496122689993,10,-2.42503877310007,-2.42503877310007,0
"282650",10,15.0051232208322,10,5.00512322083216,5.00512322083216,0
"285903",4.58667765688124,3.13043629074822,3.57808287806319,-0.447646587314965,-1.45624136613301,-1.00859477881805
"289170",10,15.0051232208322,10,5.00512322083216,5.00512322083216,0
"289491",1.72912183848787,2.29318210079631,2.10322647848156,0.18995562231475,0.564060262308437,0.374104639993686
"323399",10,8.86673032155066,10,-1.13326967844934,-1.13326967844934,0
"333396",1.56505196403394,3.68784917903048,2.8517927989265,0.836056380103979,2.12279721499655,1.28674083489257
"335210",9.56658294609535,4.51259691549171,5.69675296262034,-1.18415604712863,-5.05398603060364,-3.86982998347501
"346758",10,11.2670684024855,10,1.26706840248551,1.26706840248551,0
"347435",10,10.2816514233294,10,0.2816514233294,0.2816514233294,0
"378554",10,8.64452520580222,10,-1.35547479419778,-1.35547479419778,0
"42458",3.95318836411735,4.69270173135195,4.44300254171335,0.249699189638597,0.739513367234596,0.489814177595999
"436999",3.25461298161369,5.3419440572657,4.62606465958512,0.715879397680576,2.087331075652,1.37145167797143
"437525",4.36322523311236,2.64345193516985,3.13611497110884,-0.492663035938995,-1.71977329794251,-1.22711026200352
"448129",5.52334116646578,1.43182275740254,2.45772132405164,-1.0258985666491,-4.09151840906323,-3.06561984241414
"456445",4.55519572247804,2.74579378076296,3.27580060584103,-0.530006825078078,-1.80940194171508,-1.279395116637
"461291",10,15.0051232208322,10,5.00512322083216,5.00512322083216,0
"467276",10,11.4638141700936,10,1.46381417009364,1.46381417009364,0
"499055",10,10.2816514233294,10,0.2816514233294,0.2816514233294,0
"540436",10,7.57496122689993,10,-2.42503877310007,-2.42503877310007,0
"552357",10,9.45411231787886,10,-0.545887682121135,-0.545887682121135,0
"60651",10,15.0051232208322,10,5.00512322083216,5.00512322083216,0
"68977",10,8.7436921088555,10,-1.2563078911445,-1.2563078911445,0
"99942",10,11.2670684024855,10,1.26706840248551,1.26706840248551,0
"385872",1.74854167849304,3.08814554403393,2.58423535245753,0.503910191576394,1.33960386554089,0.835693673964498
"100340",1.85050970413505,0.371978124570012,0.850482730956191,-0.478504606386179,-1.47853157956503,-1.00002697317885
"202163",2.25317123201297,1.10906757882911,1.50083865978849,-0.391771080959385,-1.14410365318387,-0.752332572224483
"407831",0.766398807223809,1.22144199408822,1.00264566085889,0.21879633322933,0.455043186864411,0.236246853635081
"227681",2.17029573533525,3.75481402081779,3.1409870501385,0.613826970679288,1.58451828548254,0.97069131480325
"416874",2.2724423973489,1.453640060959,1.76414437553598,-0.310504314576972,-0.818802336389897,-0.508298021812925
"553021",0.451125343018248,1.20982539271381,0.930738835446144,0.279086557267669,0.758700049695565,0.479613492427896
"201031",0.285474637392933,0.701280301385958,0.492372269171818,0.20890803221414,0.415805663993025,0.206897631778885
"18177",1.19490717912579,1.02325272165506,1.08932912895124,-0.0660764072961788,-0.171654457470737,-0.105578050174558
"62532",0.353155478127488,1.11475743681739,0.791254833802041,0.32350260301535,0.761601958689903,0.438099355674553
"445942",0.144216381022629,0.917535055274442,0.532062172565445,0.385472882708996,0.773318674251813,0.387845791542816
"545982",0.263877071488724,0.439555638746117,0.36933976410552,0.0702158746405975,0.175678567257394,0.105462692616796
"389362",0.501778031378825,0.761445781553595,0.664084648303712,0.0973611332498826,0.25966775017477,0.162306616924888
"111428",4.83971209774596,5.33244721278197,5.22644206446476,0.106005148317215,0.492735115036006,0.386729966718791
"448430",2.21021700550899,3.36428921523299,2.93495584808025,0.429333367152744,1.154072209724,0.724738842571255
"166619",0.341873353136975,0.359805276177805,0.35293051159421,0.00687476458359504,0.0179319230408295,0.0110571584572345
"435572",1.64758329881289,2.07151621708941,1.90250227835839,0.169013938731019,0.423932918276519,0.2549189795455
"461774",10,7.25873079707786,9.098524477114,-1.83979368003614,-2.74126920292214,-0.901475522886004
"467643",8.70845321036196,6.00725806791603,6.68613253968893,-0.678874471772904,-2.70119514244594,-2.02232067067303
"520385",3.07711687216311,2.42605650585113,2.65736920236642,-0.231312696515292,-0.651060366311984,-0.419747669796692
"515683",0.29333261654774,1.27265056120555,0.841063865194825,0.431586696010727,0.979317944657812,0.547731248647085
"410483",0.305359493511843,0.216507371753522,0.257812244269242,-0.04130487251572,-0.0888521217583213,-0.0475472492426013
"53317",0.309007833754439,2.44737076871279,1.50492413830172,0.942446630411066,2.13836293495835,1.19591630454728
"167043",2.81115461131604,3.30639967959013,3.11580459088969,0.19059508870044,0.495245068274095,0.304649979573656
"206327",3.71382367252955,5.06708253741519,4.6054416922239,0.461640845191288,1.35325886488563,0.891618019694346
"538731",1e-08,0.480068795645876,0.251258237648766,0.22881055799711,0.480068785645876,0.251258227648766
"185308",0.708379188130864,0.820234205292236,0.773651102413058,0.0465831028791787,0.111855017161372,0.0652719142821931
"484656",1.87340671352957,1.70771008826391,1.77148143118358,-0.0637713429196674,-0.165696625265658,-0.101925282345991
"466692",1.2223338408557,0.446471664578255,0.751921320186682,-0.305449655608426,-0.775862176277445,-0.470412520669019
"327625",0.170095386854477,0.371113679506126,0.271745318104579,0.0993683614015467,0.201018292651649,0.101649931250102
"117804",1.87685791463306,2.04139860896715,1.97176459849908,0.0696340104680753,0.164540694334091,0.0949066838660155
"535929",0.139837963254687,0.32682568402515,0.231877806281541,0.094947877743609,0.186987720770463,0.0920398430268538
"209374",10,7.71991609269785,9.30168669104408,-1.58177059834624,-2.28008390730215,-0.698313308955917
"312454",4.91069336621748,4.01563580701099,4.30375556150016,-0.288119754489175,-0.895057559206488,-0.606937804717313
"258797",2.50687239744185,2.36729524120283,2.4164704333812,-0.0491751921783705,-0.139577156239023,-0.0904019640606522
"328679",0.29693165893784,0.706163508155499,0.523047388797283,0.183116119358216,0.409231849217659,0.226115729859443
"323200",0.135289194516235,1.12796865995804,0.621814614007905,0.506154045950136,0.992679465441806,0.48652541949167
"93153",0.0632206670493932,0.223601985472304,0.142933306333289,0.080668679139015,0.16038131842291,0.0797126392838954
"514436",0.999371743097207,2.23903042066591,1.76856827478335,0.470462145882556,1.2396586775687,0.769196531686143
"56209",0.129465422490283,0.586778745231568,0.402343236372423,0.184435508859144,0.457313322741285,0.272877813882141
"82037",0.401678065087794,4.7150684737142,3.44258231839102,1.27248615532318,4.31339040862641,3.04090425330323
"268327",5.39320547364089,3.73894619275719,4.0615983077353,-0.322652114978109,-1.6542592808837,-1.33160716590559
"53906",0.716241667936029,0.494080358004934,0.570990127486634,-0.0769097694816994,-0.222161309931094,-0.145251540449395
"101797",2.29859612128957,3.22808702550459,2.88346152265143,0.344625502853154,0.929490904215013,0.584865401361859
"87266",4.87172934115278,2.40129965255345,3.08484929325143,-0.683549640697987,-2.47042968859933,-1.78688004790134
"215988",0.547647589123906,1.47325170119382,1.11825413172591,0.354997569467908,0.925604112069916,0.570606542602008
"311898",0.97732717500845,1.28977054192913,1.16202139281251,0.127749149116627,0.312443366920685,0.184694217804058
"400561",0.753153840521516,1.02460298706124,0.901455605560781,0.123147381500462,0.271449146539727,0.148301765039265
"247755",6.5519389902311,3.25181189646128,3.9113700964507,-0.659558199989418,-3.30012709376983,-2.64056889378041
"200909",1.63141314265561,2.91513685639365,2.35178353413721,0.563353322256437,1.28372371373803,0.720370391481596
"231513",10,4.91623723253343,6.17600796265986,-1.25977073012642,-5.08376276746657,-3.82399203734014
"45695",1.98934835023704,1.06851288699238,1.3675326271385,-0.299019740146113,-0.920835463244661,-0.621815723098548
"247875",0.0517457747579726,0.630724533878194,0.384242856093768,0.246481677784425,0.578978759120221,0.332497081335796
"334068",1.44008544647798,2.21050582137358,1.90151419026939,0.308991631104192,0.770420374895597,0.461428743791405
"82595",0.923216715182542,1.49697099298402,1.24965023206668,0.247320760917335,0.573754277801478,0.326433516884143
"103403",10,6.11618790928299,7.81615922624201,-1.69997131695902,-3.88381209071701,-2.18384077375799
"78860",1.71515769984391,1.57272217082414,1.62711235999262,-0.0543901891684861,-0.142435529019778,-0.0880453398512915
"487660",0.280736385776494,1.12152760493373,0.736919652812935,0.384607952120795,0.840791219157236,0.456183267036441
"347491",0.398242515198808,1.06228016231458,0.785955344040896,0.276324818273689,0.664037647115777,0.387712828842088
"141760",0.994510829197292,1.20319346688601,1.12245570353198,0.0807377633540263,0.208682637688718,0.127944874334692
"145543",4.90241142024943,4.07648232820657,4.34988361995796,-0.273401291751391,-0.825929092042863,-0.552527800291473
"460847",0.0973141568097388,0.208020447456482,0.156129592880566,0.0518908545759162,0.110706290646743,0.0588154360708268
"493006",0.720250816686086,0.494235409683116,0.573190502721873,-0.0789550930387566,-0.22601540700297,-0.147060313964213
"523169",3.48226292942715,4.31006284091071,4.04371879891148,0.266344041999227,0.827799911483553,0.561455869484325
"277145",0.081069512609003,1.34892450141854,0.729055152114776,0.619869349303761,1.26785498880953,0.647985639505773
"112173",10,9.48899517462411,10,-0.51100482537589,-0.51100482537589,0
"121775",10,13.7187633102848,10,3.71876331028475,3.71876331028475,0
"126373",10,13.7187633102848,10,3.71876331028475,3.71876331028475,0
"132918",10,8.06229108059915,10,-1.93770891940085,-1.93770891940085,0
"146713",10,13.7187633102848,10,3.71876331028475,3.71876331028475,0
"154504",5.03513062986455,2.38204720269117,3.10958390593048,-0.727536703239308,-2.65308342717338,-1.92554672393408
"161976",10,13.7187633102848,10,3.71876331028475,3.71876331028475,0
"182814",10,13.7187633102848,10,3.71876331028475,3.71876331028475,0
"185726",10,13.7187633102848,10,3.71876331028475,3.71876331028475,0
"201635",10,13.7187633102848,10,3.71876331028475,3.71876331028475,0
"229257",4.83330268652328,2.84337799640252,3.41419233564371,-0.570814339241184,-1.98992469012076,-1.41911035087957
"277153",10,8.06229108059915,10,-1.93770891940085,-1.93770891940085,0
"35811",10,13.7187633102848,10,3.71876331028475,3.71876331028475,0
"375972",10,13.7187633102848,10,3.71876331028475,3.71876331028475,0
"378038",10,5.20201327426402,6.38105212186378,-1.17903884759975,-4.79798672573598,-3.61894787813622
"382444",10,10.3227007136366,10,0.32270071363658,0.32270071363658,0
"435516",10,13.7187633102848,10,3.71876331028475,3.71876331028475,0
"459017",10,13.7187633102848,10,3.71876331028475,3.71876331028475,0
"47036",10,10.3227007136366,10,0.32270071363658,0.32270071363658,0
"471753",10,8.77390684255617,10,-1.22609315744383,-1.22609315744383,0
"474116",1.7261959727279,3.85707844198489,3.04488446564111,0.812193976343774,2.13088246925699,1.31868849291322
"487839",10,13.7187633102848,10,3.71876331028475,3.71876331028475,0
"495828",10,9.48899517462411,10,-0.51100482537589,-0.51100482537589,0
"516221",10,10.4867198025142,10,0.486719802514187,0.486719802514187,0
"53096",10,13.7187633102848,10,3.71876331028475,3.71876331028475,0
"543875",10,10.4867198025142,10,0.486719802514187,0.486719802514187,0
"546544",10,8.15005721883237,10,-1.84994278116763,-1.84994278116763,0
"579205",10,13.7187633102848,10,3.71876331028475,3.71876331028475,0
"91618",10,10.4867198025142,10,0.486719802514187,0.486719802514187,0
"398753",5.68647341547338,4.85187170271909,5.03667110394921,-0.184799401230129,-0.834601712754298,-0.649802311524168
"32278",6.41297997716912,2.61190019244859,3.73807598096844,-1.12617578851985,-3.80107978472054,-2.67490399620068
"187334",4.9990961607213,4.90680455236336,4.92805191405809,-0.0212473616947326,-0.0922916083579386,-0.071044246663206
"448790",2.69174986591943,2.50472406792309,2.57041043823959,-0.0656863703164974,-0.187025797996339,-0.121339427679842
"108741",1e-08,15.4027033662745,10,5.40270336627455,15.4027033562745,9.99999999
"109875",1e-08,19.6137523805892,10,9.61375238058924,19.6137523705892,9.99999999
"113742",1e-08,14.3244577551041,10,4.32445775510407,14.3244577451041,9.99999999
"12384",1e-08,3.85169120592704,2.7288505069646,1.12284069896244,3.85169119592704,2.7288504969646
"128844",1e-08,3.25673425728502,2.45781583640332,0.798918420881705,3.25673424728502,2.45781582640332
"139527",2.97319978491679,4.81726054572086,4.2198731584601,0.597387387260761,1.84406076080407,1.24667337354331
"145017",4.02296596124558,3.72686532274198,3.82050434591648,-0.0936390231744952,-0.296100638503603,-0.202461615329108
"146908",10,12.6636473426258,10,2.66364734262576,2.66364734262576,0
"147305",6.67245982682782,9.02459990322603,8.38528379006657,0.639316113159454,2.3521400763982,1.71282396323875
"149381",10,9.66607258895434,10,-0.333927411045661,-0.333927411045661,0
"150667",10,11.8294279038439,10,1.82942790384391,1.82942790384391,0
"150955",3.34830994872168,4.64569992760113,4.22263464921749,0.423065278383647,1.29738997887945,0.874324700495803
"151971",1e-08,19.6137523805892,10,9.61375238058924,19.6137523705892,9.99999999
"157836",1e-08,19.6137523805892,10,9.61375238058924,19.6137523705892,9.99999999
"179210",1e-08,19.6137523805892,10,9.61375238058924,19.6137523705892,9.99999999
"184667",10,11.6268792219903,10,1.6268792219903,1.6268792219903,0
"184703",10,13.3132599324852,10,3.31325993248524,3.31325993248524,0
"205359",7.60673877895525,6.9116384852904,7.0887446895828,-0.177106204292398,-0.695100293664855,-0.517994089372457
"219795",1e-08,19.6137523805892,10,9.61375238058924,19.6137523705892,9.99999999
"224696",10,13.3735631846088,10,3.37356318460881,3.37356318460881,0
"226263",1e-08,19.6137523805892,10,9.61375238058924,19.6137523705892,9.99999999
"227934",1e-08,15.4027033662745,10,5.40270336627455,15.4027033562745,9.99999999
"231439",10,9.90262222996997,10,-0.0973777700300325,-0.0973777700300325,0
"232695",3.0958984629565,4.34200137736378,3.94982871389189,0.392172663471887,1.24610291440728,0.853930250935397
"234287",6.55324926480517,9.45181509915418,8.65732807477912,0.794487024375057,2.89856583434901,2.10407880997395
"238670",6.98781692209447,8.37805126306208,8.00742336750302,0.370627895559059,1.39023434096761,1.01960644540855
"246306",3.10482158757653,5.34616780116512,4.59140157149477,0.754766229670348,2.24134621358859,1.48657998391824
"254817",7.81540555787308,7.48459688280534,7.57204648134141,-0.0874495985360699,-0.330808675067744,-0.243359076531674
"261086",1e-08,15.4027033662745,10,5.40270336627455,15.4027033562745,9.99999999
"280192",10,11.6268792219903,10,1.6268792219903,1.6268792219903,0
"281757",0.969605529010261,2.8489335647902,2.21756193027369,0.631371634516506,1.87932803577993,1.24795640126343
"28759",1e-08,14.3244577551041,10,4.32445775510407,14.3244577451041,9.99999999
"292693",3.20923569773731,5.24574181921894,4.55629983571572,0.689441983503222,2.03650612148163,1.34706413797841
"295028",2.36489812789264,6.80240030461208,5.24911633921615,1.55328396539594,4.43750217671945,2.88421821132351
"295777",1e-08,19.6137523805892,10,9.61375238058924,19.6137523705892,9.99999999
"296383",1e-08,19.6137523805892,10,9.61375238058924,19.6137523705892,9.99999999
"296705",1.23121826063464,2.61976997563249,2.14772105204278,0.472048923589716,1.38855171499785,0.916502791408138
"299219",1e-08,15.4027033662745,10,5.40270336627455,15.4027033562745,9.99999999
"303867",7.5194741352128,8.07117806204939,7.92485492202385,0.146323140025535,0.551703926836589,0.405380786811054
"305979",1.48841640026249,1.98045258139232,1.82336760199504,0.157084979397282,0.492036181129835,0.334951201732553
"309727",1e-08,19.6137523805892,10,9.61375238058924,19.6137523705892,9.99999999
"313957",1e-08,19.6137523805892,10,9.61375238058924,19.6137523705892,9.99999999
"320659",0.200756791032243,1.27786408805645,0.893083518933046,0.384780569123399,1.0771072970242,0.692326727900803
"321679",1e-08,19.6137523805892,10,9.61375238058924,19.6137523705892,9.99999999
"327479",9.46180158540775,4.69672427596213,5.82872229683291,-1.13199802087079,-4.76507730944562,-3.63307928857483
"331790",10,12.6636473426258,10,2.66364734262576,2.66364734262576,0
"333894",2.12260804576607,7.60110479100151,5.6017973677452,1.99930742325631,5.47849674523543,3.47918932197913
"337774",3.57166913782498,4.06563529241364,3.9086390038819,0.156996288531743,0.493966154588666,0.336969866056922
"342105",1e-08,19.6137523805892,10,9.61375238058924,19.6137523705892,9.99999999
"342845",3.71805806701321,2.68391985567293,2.96871119741196,-0.284791341739031,-1.03413821134028,-0.749346869601248
"345188",6.22651561467345,9.53420653304506,8.62746347010236,0.906743062942695,3.30769091837161,2.40094785542891
"364357",1e-08,19.6137523805892,10,9.61375238058924,19.6137523705892,9.99999999
"370866",1e-08,19.6137523805892,10,9.61375238058924,19.6137523705892,9.99999999
"370928",1e-08,19.6137523805892,10,9.61375238058924,19.6137523705892,9.99999999
"371196",10,11.6268792219903,10,1.6268792219903,1.6268792219903,0
"372325",1e-08,19.6137523805892,10,9.61375238058924,19.6137523705892,9.99999999
"383779",1e-08,19.6137523805892,10,9.61375238058924,19.6137523705892,9.99999999
"389617",8.49458712448302,6.49629752545274,7.01080772540382,-0.514510199951086,-1.99828959903028,-1.48377939907919
"389674",1e-08,19.6137523805892,10,9.61375238058924,19.6137523705892,9.99999999
"392565",1e-08,14.3244577551041,10,4.32445775510407,14.3244577451041,9.99999999
"393619",9.27328778602542,5.28486951406196,6.26200536241722,-0.977135848355257,-3.98841827196345,-3.0112824236082
"396159",1e-08,19.6137523805892,10,9.61375238058924,19.6137523705892,9.99999999
"397423",10,13.3132599324852,10,3.31325993248524,3.31325993248524,0
"398230",1e-08,14.3244577551041,10,4.32445775510407,14.3244577451041,9.99999999
"402604",1e-08,19.6137523805892,10,9.61375238058924,19.6137523705892,9.99999999
"406289",1e-08,19.6137523805892,10,9.61375238058924,19.6137523705892,9.99999999
"41750",10,12.6636473426258,10,2.66364734262576,2.66364734262576,0
"427906",10,12.6636473426258,10,2.66364734262576,2.66364734262576,0
"429208",1e-08,19.6137523805892,10,9.61375238058924,19.6137523705892,9.99999999
"434876",0.755294537013336,2.99987826810167,2.26435005461653,0.735528213485146,2.24458373108834,1.50905551760319
"435532",1e-08,15.4027033662745,10,5.40270336627455,15.4027033562745,9.99999999
"436057",2.77966539637715,5.55902827920469,4.62745015419271,0.931578125011985,2.77936288282755,1.84778475781556
"43619",6.22651561467345,9.53420653304506,8.62746347010236,0.906743062942695,3.30769091837161,2.40094785542891
"442088",1.00527022547461,3.77482506380234,2.72891585088639,1.04590921291595,2.76955483832773,1.72364562541178
"447629",2.79385964661585,5.73229844967719,4.73639247568267,0.995905973994518,2.93843880306134,1.94253282906682
"451841",10,11.8294279038439,10,1.82942790384391,1.82942790384391,0
"454211",1e-08,19.6137523805892,10,9.61375238058924,19.6137523705892,9.99999999
"460503",9.0731748286862,5.5553122654059,6.42901615878798,-0.873703893382079,-3.5178625632803,-2.64415866989822
"469970",1e-08,19.6137523805892,10,9.61375238058924,19.6137523705892,9.99999999
"471535",6.55324926480517,9.45181509915418,8.65732807477912,0.794487024375057,2.89856583434901,2.10407880997395
"476872",1e-08,19.6137523805892,10,9.61375238058924,19.6137523705892,9.99999999
"494614",1e-08,15.4027033662745,10,5.40270336627455,15.4027033562745,9.99999999
"497222",10,11.8294279038439,10,1.82942790384391,1.82942790384391,0
"510292",1e-08,19.6137523805892,10,9.61375238058924,19.6137523705892,9.99999999
"511531",1e-08,19.6137523805892,10,9.61375238058924,19.6137523705892,9.99999999
"51766",2.76992335974202,6.00270837266575,4.8913014041349,1.11140696853085,3.23278501292373,2.12137804439288
"518610",6.81734748314316,8.50944774818179,8.05699255203923,0.452455196142564,1.69210026503863,1.23964506889607
"526860",1e-08,19.6137523805892,10,9.61375238058924,19.6137523705892,9.99999999
"527711",10,13.3735631846088,10,3.37356318460881,3.37356318460881,0
"532364",10,9.66607258895434,10,-0.333927411045661,-0.333927411045661,0
"536621",1e-08,19.6137523805892,10,9.61375238058924,19.6137523705892,9.99999999
"537129",1e-08,19.6137523805892,10,9.61375238058924,19.6137523705892,9.99999999
"540099",6.81734748314316,8.50944774818179,8.05699255203923,0.452455196142564,1.69210026503863,1.23964506889607
"542856",2.43596468502614,6.47702936255127,5.07960218697029,1.39742717558098,4.04106467752512,2.64363750194415
"543381",7.27204845394032,8.09212216446593,7.87367405416943,0.218448110296498,0.820073710525617,0.601625600229119
"547048",1.53232835987406,2.52054348164369,2.17347047198022,0.347073009663464,0.988215121769628,0.641142112106164
"553436",7.21977158050125,7.92455365148489,7.73872664061998,0.185827010864905,0.704782070983637,0.518955060118731
"555652",6.55324926480517,9.45181509915418,8.65732807477912,0.794487024375057,2.89856583434901,2.10407880997395
"572243",10,11.8294279038439,10,1.82942790384391,1.82942790384391,0
"573676",2.77966539637715,5.55902827920469,4.62745015419271,0.931578125011985,2.77936288282755,1.84778475781556
"574365",10,11.6268792219903,10,1.6268792219903,1.6268792219903,0
"57482",8.42717589154715,6.20055334017301,6.76272056669991,-0.562167226526906,-2.22662255137415,-1.66445532484724
"5880",10,13.3132599324852,10,3.31325993248524,3.31325993248524,0
"60109",5.96549240290816,10.1744346572521,9.00396348320974,1.17047117404235,4.20894225434393,3.03847108030158
"6892",10,12.6636473426258,10,2.66364734262576,2.66364734262576,0
"71010",3.11290347013574,4.93335622499787,4.33188049753251,0.601475727465366,1.82045275486213,1.21897702739677
"71072",3.06334995156207,4.54562504327913,4.07262917988086,0.472995863398278,1.48227509171706,1.00927922831878
"74775",1e-08,14.3244577551041,10,4.32445775510407,14.3244577451041,9.99999999
"76973",10,9.66607258895434,10,-0.333927411045661,-0.333927411045661,0
"81320",3.2208576183396,4.72794375479684,4.23351832627588,0.494425428520959,1.50708613645724,1.01266070793628
"82238",3.665997678505,4.67640387845869,4.33885950574966,0.337544372709024,1.01040619995369,0.672861827244667
"88624",10,12.3606418858751,10,2.36064188587509,2.36064188587509,0
"88795",10,12.6636473426258,10,2.66364734262576,2.66364734262576,0
"89788",2.92766625062559,5.1651131275817,4.42605842617103,0.739054701410675,2.23744687695611,1.49839217554544
"9068",9.27328778602542,5.28486951406196,6.26200536241722,-0.977135848355257,-3.98841827196345,-3.0112824236082
"93993",1e-08,19.6137523805892,10,9.61375238058924,19.6137523705892,9.99999999
"94816",1e-08,19.6137523805892,10,9.61375238058924,19.6137523705892,9.99999999
"280828",1.24359213308518,0.545903061627121,0.837308926088897,-0.291405864461776,-0.697689071458056,-0.406283206996279
"389500",1.34380759160569,4.26794690196883,3.08771320384965,1.18023369811918,2.92413931036315,1.74390561224396
"240227",0.0530545494079455,0.65700535852043,0.413854626738729,0.243150731781701,0.603950809112484,0.360800077330783
"572000",4.33926675735158,3.06464505706755,3.45004123796715,-0.385396180899597,-1.27462170028402,-0.889225519384428
"303390",1.49304595124334,1.72484499780219,1.64105425618255,0.0837907416196411,0.231799046558854,0.148008304939213
"37321",0.549946313181379,0.993822648029233,0.802776171736512,0.191046476292722,0.443876334847854,0.252829858555132
"4175",1.44211087106773,1.05464071874718,1.2078972291671,-0.153256510419926,-0.387470152320553,-0.234213641900627
"182908",2.18679867604038,2.72981996791702,2.5420683310437,0.187751636873319,0.543021291876641,0.355269655003323
"183318",0.248177605662128,1.17501095471816,0.773699139477807,0.401311815240354,0.926833349056033,0.525521533815679
"122933",0.0616417950252628,0.416521781553031,0.276040851512617,0.140480930040413,0.354879986527768,0.214399056487354
"203524",0.880456697451541,1.56376857589275,1.27422485182962,0.289543724063128,0.683311878441206,0.393768154378078
"143023",2.0790867385936,4.04265394485821,3.27472223530048,0.767931709557724,1.96356720626461,1.19563549670688
"145376",1.99534678007782,3.26181820522657,2.8055391511987,0.456279054027867,1.26647142514875,0.810192371120881
"179352",8.13152608343159,7.57614231812212,7.72124855651374,-0.145106238391617,-0.555383765309467,-0.41027752691785
"208456",10,12.2004910428092,10,2.20049104280919,2.20049104280919,0
"315783",2.88446418458438,6.641796985807,5.30968847931291,1.33210850649409,3.75733280122263,2.42522429472854
"321937",3.98840246104722,5.43616655767892,4.94337275224343,0.492793805435483,1.44776409663169,0.954970291196212
"334037",9.30246793851187,6.17356955258295,6.96988599942564,-0.796316446842688,-3.12889838592892,-2.33258193908623
"42091",5.3624561290827,3.31088094660052,3.95025993539483,-0.639378988794306,-2.05157518248218,-1.41219619368787
"440208",8.36264039968596,7.40590819103677,7.65428443286165,-0.248376241824882,-0.956732208649189,-0.708355966824307
"525471",2.21779729957646,3.0655360539434,2.75591764567611,0.309618408267287,0.847738754366933,0.538120346099646
"531351",4.95971233126515,3.65168477467275,4.06070871186732,-0.409023937194561,-1.30802755659239,-0.899003619397831
"554287",10,12.2004910428092,10,2.20049104280919,2.20049104280919,0
"562569",1.18793381198399e-08,1.69615463317829,0.980281639464732,0.715872993713559,1.69615462129895,0.980281627585394
"350358",1e-08,0.271017508417704,0.141266959651527,0.129750548766177,0.271017498417704,0.141266949651527
"91896",0.457773117660157,1.17678363523657,0.856817030641047,0.319966604595521,0.71901051757641,0.399043912980889
"333778",1e-08,1.00877595246839,0.532486043547194,0.476289908921194,1.00877594246839,0.532486033547194
"70422",0.23207035417983,0.643562002631788,0.44962749367277,0.193934508959018,0.411491648451959,0.21755713949294
"126708",0.49893796123499,1.86187400032803,1.29696877316419,0.564905227163837,1.36293603909304,0.798030811929199
"231114",1e-08,2.48256235928736,1.98283467422753,0.499727685059832,2.48256234928736,1.98283466422753
"175037",1.09456663264352,2.68856875505136,2.03390934770677,0.654659407344596,1.59400212240784,0.939342715063243
"554352",3.82695198988024,5.39958352919688,4.86298971740656,0.536593811790325,1.57263153931664,1.03603772752632
"229677",1e-08,0.3494471416584,0.2030819168313,0.1463652248271,0.3494471316584,0.2030819068313
"244082",0.0751152734737127,0.44578949344156,0.256789570010291,0.188999923431269,0.370674219967847,0.181674296536579
"26870",2.71812785926218,1.13730188096886,1.72509722288,-0.587795341911139,-1.58082597829332,-0.993030636382185
"163857",1.37595849831874,1.36884804013611,1.37204107762781,-0.00319303749170086,-0.0071104581826309,-0.00391742069093004
"474204",0.644552653104289,2.71617991622024,1.91670983866092,0.79947007755932,2.07162726311595,1.27215718555663
"365877",3.46378782114744,5.1972605546284,4.60723765296339,0.590022901665007,1.73347273348096,1.14344983181595
"524203",1.37109652025079,2.68176094583263,2.13219183880536,0.549569107027271,1.31066442558184,0.761095318554564
"468151",1.5801057053263,2.44487656238615,2.08657088114408,0.358305681242072,0.864770857059852,0.50646517581778
"132635",0.439308704961472,2.14089275463296,1.39607789675146,0.744814857881502,1.70158404967149,0.956769191789988
"350776",0.942521789686625,5.01006714420653,3.35634243721969,1.65372470698684,4.06754535451991,2.41382064753307
"99495",5.80075064944451,2.4982438032783,3.0513846919218,-0.553140888643495,-3.30250684616621,-2.74936595752271
"387210",0.534531504142873,2.12974636258355,1.43812989502538,0.691616467558173,1.59521485844068,0.903598390882509
"109009",3.6548978818866,2.28660183250458,2.78253088552635,-0.495929053021773,-1.36829604938202,-0.872366996360245
"176890",0.115867500203486,0.568296029153258,0.334448906207136,0.233847122946122,0.452428528949772,0.21858140600365
"92277",1e-08,0.196679127399109,0.114487112396553,0.0821920150025552,0.196679117399109,0.114487102396553
"296215",0.181113541310416,0.165879074825124,0.17376961409571,-0.00789053927058647,-0.0152344664852925,-0.00734392721470603
"287298",0.235960115978516,1.11846320174666,0.776458186948775,0.342005014797883,0.882503085768143,0.540498070970259
"32488",0.901555278194442,1.31506562323638,1.15278988371708,0.1622757395193,0.413510345041938,0.251234605522639
"176303",0.0222624616441837,0.816158679843881,0.4600703167343,0.35608836310958,0.793896218199697,0.437807855090117
"339661",0.170090613753844,0.648742302998163,0.424989372166065,0.223752930832098,0.478651689244319,0.254898758412221
"169861",1.2031837645718,1.05793566386661,1.11501769475417,-0.0570820308875672,-0.145248100705193,-0.0881660698176256
"543378",0.436719818070402,0.554250224050221,0.501168349237906,0.0530818748123145,0.117530405979819,0.0644485311675048
"577474",0.819455207722285,1.13131579010113,1.01115667944049,0.120159110660635,0.311860582378845,0.191701471718209
"534500",0.405559893079298,0.754102816937058,0.583532675271311,0.170570141665747,0.348542923857761,0.177972782192013
"563807",1e-08,0.794677698146321,0.343727227893389,0.450950470252932,0.794677688146321,0.343727217893389
"331576",1e-08,0.294335471509335,0.146142061292239,0.148193410217096,0.294335461509335,0.146142051292239
"155201",0.733125673165827,2.35681382793417,1.67990678754926,0.676907040384917,1.62368815476835,0.946781114383429
"533343",0.0713505020100051,0.792787487457422,0.472741060485537,0.320046426971885,0.721436985447417,0.401390558475532
"205089",1.34048347578712,1.27424593985695,1.30278115769102,-0.0285352178340696,-0.0662375359301717,-0.037702318096102
"74497",2.56767989084446,1.37289688990759,1.8309973394251,-0.458100449517506,-1.19478300093686,-0.736682551419357
"146780",6.51841933016654,3.39642628158629,4.02969703187881,-0.633270750292519,-3.12199304858024,-2.48872229828773
"436596",1.59308793659915,2.04464043454865,1.86699507431499,0.177645360233656,0.451552497949494,0.273907137715838
"474460",0.187818242700008,0.943144591573046,0.650103679122295,0.293040912450751,0.755326348873038,0.462285436422287
"339952",0.539834796729686,1.29450358738827,0.93698253657883,0.357521050809437,0.754668790658581,0.397147739849144
"566380",1e-08,0.401138258985312,0.174273441274505,0.226864817710807,0.401138248985312,0.174273431274505
"557003",0.709102030534957,1.33890745778331,1.03807366530116,0.300833792482146,0.629805427248353,0.328971634766207
"353574",2.21840460414366,3.08390742114871,2.76358510250268,0.320322318646035,0.865502817005053,0.545180498359017
"457059",1.18793381198399e-08,0.473714340687068,0.304309896888015,0.169404443799053,0.47371432880773,0.304309885008677
"237473",4.11599782946808,4.53908315679785,4.40055348329154,0.138529673506303,0.423085327329766,0.284555653823463
"346330",3.80751382253714,4.65131590478397,4.36652356548328,0.284792339300692,0.843802082246831,0.559009742946139
"45843",3.80751382253714,4.65131590478397,4.36652356548328,0.284792339300692,0.843802082246831,0.559009742946139
"488276",0.299850901904488,0.949128834183912,0.690099999295219,0.259028834888693,0.649277932279424,0.39024909739073
"56544",0.763480981649581,1.70377703485969,1.31341708478462,0.390359950075073,0.940296053210111,0.549936103135038
"463279",1e-08,0.169061306657629,0.0953451383935813,0.0737161682640481,0.169061296657629,0.0953451283935813
"418530",0.478569202335663,0.750193943808387,0.617278187099833,0.132915756708553,0.271624741472724,0.138708984764171
"484103",2.12616846472694,2.52494924255313,2.38842452501106,0.13652471754207,0.398780777826193,0.262256060284123
"229540",0.26046672404287,0.526908988239263,0.414798447181577,0.112110541057686,0.266442264196393,0.154331723138707
"330184",2.99973300952965,4.94083923987978,4.31758398781632,0.623255252063461,1.94110623035013,1.31785097828667
"36914",3.12903611275902,2.54985104631316,2.75985678511096,-0.210005738797798,-0.579185066445854,-0.369179327648055
"453800",2.8796829933528,4.69976900342189,4.12402053498352,0.575748468438364,1.82008601006908,1.24433754163072
"69590",0.58107126612433,0.265549860615996,0.351759592056569,-0.0862097314405729,-0.315521405508334,-0.229311674067761
"101689",0.382751894529073,0.553219433744967,0.476296044359237,0.0769233893857301,0.170467539215894,0.093544149830164
"401090",0.258329495123559,1.33133071825709,0.798602936849884,0.532727781407205,1.07300122313353,0.540273441726324
"434376",1.9772809890909,1.307708873762,1.54023499052021,-0.232526116758219,-0.669572115328903,-0.437045998570684
"497689",0.611378159318804,1.25659104773981,0.959751783803952,0.296839263935855,0.645212888421003,0.348373624485148
"513181",0.581596241674273,0.923760192940796,0.77727334547101,0.146486847469786,0.342163951266523,0.195677103796737
"513394",2.52307955202046,0.928916121028039,1.46843734894228,-0.539521227914237,-1.59416343099242,-1.05464220307819
"18417",1e-08,0.114669160382434,0.062528044766881,0.0521411156155529,0.114669150382434,0.062528034766881
"40744",1e-08,0.503049454987067,0.239076522725431,0.263972932261636,0.503049444987067,0.239076512725431
"442563",1e-08,1.01418477266208,0.560308992131423,0.453875780530656,1.01418476266208,0.560308982131423
"109923",5.4694682481369,3.81616631508121,4.35257884653991,-0.536412531458698,-1.65330193305569,-1.11688940159699
"220052",7.22288548858335,7.54907594119345,7.46493650075041,0.084139440443038,0.326190452610095,0.242051012167057
"220331",7.22288548858335,7.54907594119345,7.46493650075041,0.084139440443038,0.326190452610095,0.242051012167057
"211906",2.14355570470988,1.81555709108182,1.94609952160271,-0.130542430520891,-0.327998613628067,-0.197456183107176
"369835",0.902153354491663,1.87364496719366,1.4450738536428,0.428571113550866,0.971491612701998,0.542920499151132
"277772",0.16752804068409,0.933315345960316,0.605795000529828,0.327520345430489,0.765787305276226,0.438266959845737
"433715",0.162320065000483,0.319305161786463,0.239545760678706,0.0797594011077574,0.15698509678598,0.0772256956782222
"285784",0.0232919060443949,0.0495264883767787,0.0372100086138726,0.0123164797629061,0.0262345823323838,0.0139181025694777
"310459",2.9042808104264,1.95166705615279,2.26112240071716,-0.309455344564374,-0.952613754273613,-0.64315840970924
"288448",10,4.29749248859172,5.80267293186104,-1.50518044326932,-5.70250751140828,-4.19732706813896
"300599",0.710104917334189,1.29681338252533,1.07921147449114,0.217601908034186,0.586708465191138,0.369106557156952
"27482",1e-08,3.41010771242174,1.86936431595553,1.54074339646621,3.41010770242174,1.86936430595553
"387392",0.235239846522879,0.917339125051778,0.589102654952414,0.328236470099364,0.682099278528899,0.353862808429535
"86171",1.69450119042558,2.60637413349137,2.31412900348058,0.292245130010795,0.911872943065793,0.619627813054998
"507711",1.15288073724306,1.08490428997646,1.11120867390521,-0.0263043839287451,-0.0679764472665996,-0.0416720633378544
"420241",1.63831889908431,1.54545087869119,1.58065083524382,-0.035199956552624,-0.0928680203931149,-0.0576680638404909
"514166",1.25096707416177,0.521441789162776,0.746436203355099,-0.224994414192323,-0.729525284998998,-0.504530870806676
"30100",0.0045633079576596,1.81546835879724,1.12056274279812,0.694905615999124,1.81090505083958,1.11599943484046
"541775",0.048740275088812,0.870366714408428,0.491198889512114,0.379167824896314,0.821626439319616,0.442458614423302
"115635",2.66923667600218,3.81852338992047,3.36054966945688,0.457973720463587,1.14928671391829,0.6913129934547
"148588",2.21565695247044,4.05939431066263,3.32887463182158,0.730519678841053,1.84373735819219,1.11321767935114
"157974",1.13597276985508,3.42098955955574,2.41158471493062,1.00940484462512,2.28501678970066,1.27561194507554
"511693",1.46271694059039,2.72138305163884,2.1865153216726,0.534867729966242,1.25866611104845,0.723798381082209
"255941",0.189148673336452,0.435643564528804,0.312138485921551,0.123505078607253,0.246494891192352,0.122989812585099
"167876",8.5646182720852,7.04877784504628,7.44240971968278,-0.393631874636503,-1.51584042703893,-1.12220855240243
"316406",4.00927724409621,5.28880399648879,4.85274341665575,0.436060579833038,1.27952675239258,0.843466172559541
"351114",0.461676949582132,3.54538593157079,2.26351099343118,1.28187493813961,3.08370898198866,1.80183404384905
"359797",1.68288922568746,4.50623443027813,3.38933105497567,1.11690337530246,2.82334520459067,1.70644182928821
"403152",1.25972465645799,2.04098266366559,1.73309467772939,0.307887985936197,0.781258007207601,0.473370021271404
"422865",7.34857561691875,7.64656320614485,7.56851021580182,0.0780529903430338,0.297987589226103,0.219934598883069
"442465",3.18546476116728,1.70479211223957,2.19212827488947,-0.487336162649901,-1.48067264892771,-0.993336486277805
"446788",3.79621446846315,6.07742147599518,5.27449269437366,0.802928781621512,2.28120700753202,1.47827822591051
"475669",4.5885228014618,5.12794282655015,4.94319167178134,0.184751154768812,0.539420025088349,0.354668870319537
"49779",6.90219677107191,8.07292681379649,7.75988079813406,0.313046015662428,1.17073004272458,0.857684027062152
"558745",4.6115824360716,4.87538559854397,4.78528239163256,0.0901032069114045,0.263803162472367,0.173699955560963
"80656",9.33558121668374,6.53752565198768,7.25225472016239,-0.714729068174708,-2.79805556469606,-2.08332649652135
"130711",1e-08,0.559598346429009,0.254554764204823,0.305043582224186,0.559598336429009,0.254554754204823
"247777",0.810980355108856,0.469276207195297,0.592659577321868,-0.123383370126572,-0.341704147913559,-0.218320777786988
"187329",0.555172137355877,1.16001207721312,0.888229224544329,0.271782852668795,0.604839939857247,0.333057087188453
"422809",1.98310603942613,1.55717001211049,1.71659570219756,-0.159425690087071,-0.425936027315639,-0.266510337228568
"578224",0.458530301657112,0.78585478476486,0.653558729237716,0.132296055527144,0.327324483107748,0.195028427580604
"343732",2.59648744543911,5.47884171455585,4.53354864259721,0.945293071958638,2.88235426911674,1.9370611971581
"452779",0.934959823043609,2.94462590640589,2.11652114462243,0.828104761783464,2.00966608336228,1.18156132157882
"501654",0.74121726727342,3.02638937832932,2.10768070537193,0.918708672957388,2.2851721110559,1.36646343809851
"330086",1.12603329751761,1.75771362769035,1.62127491743704,0.13643871025331,0.631680330172745,0.495241619919435
"242859",1e-08,0.382150348583781,0.176925442515419,0.205224906068362,0.382150338583781,0.176925432515419
"135543",1.43128508526348,1.0365233572467,1.1955144968752,-0.1589911396285,-0.394761728016782,-0.235770588388282
"19744",0.0859091719891682,0.837525991578792,0.47442113175916,0.363104859819632,0.751616819589624,0.388511959769992
"309561",0.887457998055631,2.89756681432208,2.21488316309223,0.682683651229855,2.01010881626645,1.3274251650366
"504318",10,3.48168393130108,5.1917605209998,-1.71007658969872,-6.51831606869892,-4.8082394790002
"273960",2.6639603427248,2.83973926111587,2.77551014391673,0.0642291171991412,0.175778918391073,0.111549801191932
"163549",1e-08,0.686679959889275,0.324400621061642,0.362279338827633,0.686679949889275,0.324400611061642
"101480",0.136113735843435,0.193416512951666,0.165984767862402,0.0274317450892646,0.057302777108231,0.0298710320189664
"137400",0.521308058329589,1.14556918639441,0.86903498109105,0.276534205303356,0.624261128064817,0.347726922761461
"45835",0.0228413921096876,0.109017667508871,0.0687185978461023,0.040299069662769,0.0861762753991837,0.0458772057364147
"131242",1.1520235322496,1.47982930253302,1.33924932286359,0.140579979669438,0.327805770283427,0.18722579061399
"507602",0.232623023550131,2.03195654050823,1.1525725562555,0.879383984252734,1.7993335169581,0.919949532705369
"529525",0.139302654956309,0.79834884032571,0.49933275638518,0.299016083940531,0.659046185369401,0.360030101428871
"365656",1.6145263726859,1.37533598506721,1.45865305218572,-0.0833170671185017,-0.239190387618688,-0.155873320500187
"487266",1e-08,0.153408656940365,0.0778641647723378,0.0755444921680276,0.153408646940365,0.0778641547723378
"127293",9.98339935393203,5.71120215396015,6.77541721925315,-1.064215065293,-4.27219719997188,-3.20798213467889
"24517",2.35394033966003,3.78955156816364,3.2262177486955,0.563333819468145,1.43561122850361,0.872277409035468
"39745",7.30191434384823,7.44694307589902,7.40929327193308,0.0376498039659392,0.145028732050786,0.107378928084847
"507946",10,9.34114963596257,10,-0.658850364037432,-0.658850364037432,0
"9975",8.15610718874447,6.83642582270724,7.17316507617145,-0.336739253464208,-1.31968136603723,-0.982942112573021
"276364",1.40265608810673,0.802594834293225,1.02014461703512,-0.2175497827419,-0.600061253813507,-0.382511471071607
"108707",0.0979538759185806,0.420456257341437,0.258350911065701,0.162105346275737,0.322502381422857,0.16039703514712
"281953",0.447002680192999,1.90717319354055,1.31981786995851,0.587355323582048,1.46017051334755,0.872815189765506
"284615",10,9.66921545201437,10,-0.33078454798563,-0.33078454798563,0
"349578",1.04218285970725,2.31487881988984,1.82007396358833,0.494804856301515,1.27269596018259,0.777891103881071
"407865",7.96187376685212,7.02732963609228,7.26649825663381,-0.239168620541538,-0.934544130759845,-0.695375510218307
"458693",4.90620003629731,4.58218249099263,4.690993517019,-0.10881102602637,-0.324017545304683,-0.215206519278313
"50282",9.80740739833811,5.85652470390942,6.8454528571143,-0.988928153204884,-3.95088269442869,-2.96195454122381
"59138",2.62019053864564,2.48977809441561,2.53491510672084,-0.0451370123052293,-0.130412444230024,-0.0852754319247944
"345793",9.62987382837306,4.34701669351521,5.58907531790886,-1.24205862439365,-5.28285713485785,-4.0407985104642
"266748",0.18901974684486,1.41424956680057,0.868131198529819,0.546118368270754,1.22522981995571,0.679111451684959
"523934",0.231063801307363,1.22695494953976,0.804389256992708,0.422565692547054,0.995891148232399,0.573325455685345
"18622",1e-08,0.83325584335544,0.47523141104923,0.35802443230621,0.83325583335544,0.47523140104923
"21339",2.92389438968721,2.41236647593731,2.59529562821142,-0.182929152274108,-0.5115279137499,-0.328598761475793
"556818",0.943473700504046,1.69217304588624,1.36030969848334,0.331863347402897,0.74869934538219,0.416835997979293
"170595",2.19786040929461,1.37413523911852,1.68255093429736,-0.308415695178837,-0.823725170176094,-0.515309474997258
"256182",0.978193401054957,1.20014291790967,1.1152958833691,0.0848470345405727,0.221949516854716,0.137102482314143
"37361",1e-08,0.354042840119745,0.170957495231353,0.183085344888393,0.354042830119745,0.170957485231353
"396429",0.274687529218951,0.453232762956103,0.38185771137592,0.0713750515801833,0.178545233737152,0.107170182156969
"22966",0.751038437808349,2.3102694551546,1.74390370421122,0.566365750943377,1.55923101734625,0.99286526640287
"258552",0.197070234792941,2.15964471059914,1.33126537261468,0.828379337984458,1.9625744758062,1.13419513782174
"65173",0.54791062177563,3.44977443688128,2.21884030876256,1.23093412811872,2.90186381510565,1.67092968698693
"310157",2.09144447859245,1.28090807397785,1.5697675417469,-0.288859467769049,-0.810536404614596,-0.521676936845547
"75914",1e-08,0.559379447862589,0.232623792673951,0.326755655188638,0.559379437862589,0.232623782673951
"984",0.0286459818164414,0.249781462052882,0.144457694507611,0.105323767545271,0.221135480236441,0.11581171269117
"400013",1e-08,1.15469492132398,0.565051387081656,0.589643534242325,1.15469491132398,0.565051377081656
"443208",0.178320346953998,0.618248021070381,0.414676808957438,0.203571212112943,0.439927674116383,0.23635646200344
"121620",0.118695214923125,0.187550595618401,0.15330924516974,0.0342413504486608,0.068855380695276,0.0346140302466152
"576816",1.56147574340203,3.04934214263814,2.55065878845491,0.498683354183236,1.48786639923611,0.989183045052877
"60924",0.339688488791528,0.934150100359344,0.694982718370661,0.239167381988684,0.594461611567817,0.355294229579133
"465420",1e-08,0.7237752385068,0.343846918933423,0.379928319573377,0.7237752285068,0.343846908933423
"548431",0.936960957367266,1.2208170293431,1.11166342216297,0.109153607180126,0.283856071975834,0.174702464795708
"230953",1e-08,3.05503463912382,1.79000358676447,1.26503105235935,3.05503462912382,1.79000357676447
"56622",0.0408674444331174,0.0756308475861437,0.0591729071976687,0.016457940388475,0.0347634031530263,0.0183054627645513
"477298",4.91116022591058,2.79485909323864,3.39964150591334,-0.604782412674703,-2.11630113267194,-1.51151871999724
"136257",10,6.0888350593187,7.88123407965944,-1.79239902034074,-3.9111649406813,-2.11876592034056
"330550",5.87533491431808,2.76320061796127,3.68434412428741,-0.921143506326147,-3.11213429635681,-2.19099079003066
"112142",1e-08,0.787190899809287,0.307143560722432,0.480047339086856,0.787190889809287,0.307143550722432
"175612",1e-08,0.102887094172169,0.0528070829061336,0.0500800112660354,0.102887084172169,0.0528070729061336
"527874",2.00538979914348,2.40122995309779,2.25727887666961,0.143951076428181,0.395840153954311,0.251889077526131
"547219",1e-08,1.93128566744499,1.02131514513139,0.909970522313602,1.93128565744499,1.02131513513139
"249611",1.05705645099631,1.57919668905735,1.35109939470023,0.228097294357127,0.522140238061042,0.294042943703914
"47963",1.41952693419242,0.999818815635386,1.16529289590844,-0.16547408027305,-0.419708118557033,-0.254234038283983
"550068",0.614126993715354,1.09638674753383,0.881055720490532,0.215331027043297,0.482259753818475,0.266928726775178
"145992",3.55523278299247,2.49919649104683,2.88837416496154,-0.389177673914708,-1.05603629194564,-0.666858618030933
"529081",9.94475352978224,4.43740316923345,5.74317863646377,-1.30577546723033,-5.50735036054879,-4.20157489331847
"254919",0.774930989886624,0.628941201866064,0.689907185220222,-0.0609659833541584,-0.14598978802056,-0.085023804666402
"522471",0.0619930498710365,0.0592280259147293,0.0604655808892548,-0.00123755497452546,-0.00276502395630721,-0.00152746898178174
"109329",10,4.02675399746579,6.16372053683055,-2.13696653936476,-5.97324600253421,-3.83627946316945
"10194",5.02147176349204,10.7555116993542,9.05820043128215,1.69731126807203,5.73403993586215,4.03672866779011
"11109",1e-08,11.5778084613155,9.57289247007096,2.00491599124459,11.5778084513155,9.57289246007096
"126847",1e-08,11.5778084613155,9.57289247007096,2.00491599124459,11.5778084513155,9.57289246007096
"128348",5.02147176349204,10.7555116993542,9.05820043128215,1.69731126807203,5.73403993586215,4.03672866779011
"129111",1e-08,14.4611625988956,10,4.46116259889562,14.4611625888956,9.99999999
"131708",6.24768455916462,9.08633246314912,8.31237726135149,0.773955201797639,2.83864790398451,2.06469270218687
"133404",7.71124069145491,7.8753332182508,7.83216181050509,0.0431714077457022,0.164092526795885,0.120921119050183
"139168",3.82198025999172,4.45178650855128,4.24320089689071,0.208585611660578,0.629806248559563,0.421220636898986
"178806",1.665592567959,4.48045861234687,3.30360463710226,1.17685397524461,2.81486604438787,1.63801206914326
"187771",1e-08,14.4611625988956,10,4.46116259889562,14.4611625888956,9.99999999
"19751",1.33951989154344,4.22148378062786,3.0678873669739,1.15359641365395,2.88196388908442,1.72836747543047
"200239",3.25400109676736,6.61070872617132,5.38949466044362,1.22121406572769,3.35670762940396,2.13549356367627
"200588",1e-08,14.4611625988956,10,4.46116259889562,14.4611625888956,9.99999999
"208928",0.360277003894361,3.44324718102219,2.0376755923938,1.40557158862839,3.08297017712783,1.67739858849944
"217452",3.4583257981722,5.22886399589829,4.61861126896143,0.610252726936862,1.77053819772609,1.16028547078923
"222011",2.85107465435112,6.27560844896035,5.06037202983298,1.21523641912737,3.42453379460923,2.20929737548186
"252478",4.08281760690869,5.01144177099906,4.69059295307568,0.320848817923388,0.928624164090373,0.607775346166984
"255049",2.08118348924631,7.6291274573661,5.6024065139619,2.0267209434042,5.54794396811979,3.52122302471559
"26737",3.96530416681738,4.84409135333447,4.54383810299526,0.30025325033921,0.878787186517097,0.578533936177887
"267627",1e-08,14.4611625988956,10,4.46116259889562,14.4611625888956,9.99999999
"287253",1e-08,2.87805534662894,1.94001134301673,0.938044003612206,2.87805533662894,1.94001133301673
"304969",1e-08,14.4611625988956,10,4.46116259889562,14.4611625888956,9.99999999
"329437",1.61810628598864,3.07151536084917,2.53189865627931,0.539616704569855,1.45340907486053,0.913792370290674
"335530",1e-08,14.4611625988956,10,4.46116259889562,14.4611625888956,9.99999999
"366332",3.56102838129447,6.03939523964357,5.15071152885654,0.888683710787033,2.4783668583491,1.58968314756207
"396135",3.44098161952698,6.03461868477714,5.10475794237984,0.9298607423973,2.59363706525016,1.66377632285286
"439734",3.8438851463772,4.4717383378757,4.26296526990213,0.208773067973568,0.627853191498504,0.419080123524936
"44030",2.31449485006146,7.24014450329388,5.45028051420881,1.78986398908507,4.92564965323242,3.13578566414735
"444705",1e-08,14.4611625988956,10,4.46116259889562,14.4611625888956,9.99999999
"458259",6.24768455916462,9.08633246314912,8.31237726135149,0.773955201797639,2.83864790398451,2.06469270218687
"45979",5.27298694652207,10.0847583659719,8.76047169533989,1.32428667063196,4.81177141944978,3.48748474881782
"467828",1.34144560092359,4.64092651126865,3.27563542717086,1.36529108409778,3.29948091034505,1.93418982624727
"469410",5.68236224866709,9.61337613505412,8.54133820358807,1.07203793146606,3.93101388638703,2.85897595492097
"480483",3.15774755067873,5.74599819084495,4.84261016298941,0.90338802785554,2.58825064016621,1.68486261231067
"519768",2.28184265359325,3.29153471374388,2.8861047189444,0.40542999479948,1.00969206015063,0.604262065351154
"520683",5.02147176349204,10.7555116993542,9.05820043128215,1.69731126807203,5.73403993586215,4.03672866779011
"521096",1e-08,14.4611625988956,10,4.46116259889562,14.4611625888956,9.99999999
"528161",6.24768455916462,9.08633246314912,8.31237726135149,0.773955201797639,2.83864790398451,2.06469270218687
"566736",3.30308676443725,5.68962777809022,4.8475248871155,0.842102890974722,2.38654101365296,1.54443812267824
"59804",1e-08,14.4611625988956,10,4.46116259889562,14.4611625888956,9.99999999
"70214",1.80508969308548,1.01826162816206,1.32243239860033,-0.304170770438269,-0.786828064923416,-0.482657294485147
"84038",1e-08,14.4611625988956,10,4.46116259889562,14.4611625888956,9.99999999
"92470",1e-08,14.4611625988956,10,4.46116259889562,14.4611625888956,9.99999999
"460744",0.643258724613282,0.916153884527671,0.7992508599929,0.116903024534771,0.272895159914389,0.155992135379618
"293467",0.855030780903075,0.718894605134933,0.775445988568146,-0.056551383433213,-0.136136175768143,-0.0795847923349295
"212456",8.47268398663828,5.97363934262843,6.60286486849254,-0.629225525864105,-2.49904464400985,-1.86981911814574
"278087",5.59229426846312,3.48836516450745,4.15373265523647,-0.665367490729022,-2.10392910395567,-1.43856161322665
"573944",0.35611610705131,1.00720659696489,0.781396588440745,0.22581000852415,0.651090489913584,0.425280481389435
"523650",7.09336497393888,8.26984522689993,7.95722714047549,0.312618086424436,1.17648025296104,0.863862166536609
"333510",0.429058919491815,0.97924098213723,0.758691401566584,0.220549580570646,0.550182062645415,0.329632482074769
"318497",10,8.17074574779116,9.99452739761899,-1.82378164982783,-1.82925425220884,-0.00547260238101011
"416322",1e-08,0.448327399470791,0.210512569549917,0.237814829920874,0.448327389470791,0.210512559549917
"316903",0.117643380849921,0.755070962472299,0.472383837598849,0.282687124873449,0.637427581622378,0.354740456748928
"280908",0.583687388428559,0.727640265667777,0.682669466639789,0.0449707990279875,0.143952877239217,0.0989820782112296
"414851",3.18750519981382,2.57827965546547,2.80050041220669,-0.222220756741215,-0.60922554434835,-0.387004787607135
"135284",2.77619165160918,1.49255794173575,1.85107261666379,-0.358514674928042,-1.28363370987343,-0.925119034945389
"149386",3.04859269813034,1.06633011279536,1.5681811154235,-0.501851002628132,-1.98226258533497,-1.48041158270684
"206535",10,6.91292787469687,9.82526088377296,-2.91233300907609,-3.08707212530313,-0.174739116227045
"264237",10,7.90900569889675,10,-2.09099430110325,-2.09099430110325,0
"427665",2.73249250559982,2.29341868030886,2.43900978922244,-0.145591108913577,-0.439073825290959,-0.293482716377382
"461857",10,10.8734336390914,10,0.87343363909144,0.87343363909144,0
"561738",2.63090639053794,2.29313194494432,2.40361363617845,-0.11048169123413,-0.337774445593618,-0.227292754359488
"202479",0.129846270595899,0.400231492424629,0.269486148523655,0.130745343900974,0.27038522182873,0.139639877927756
"453783",0.107268180503672,1.70247265139054,0.95278743272078,0.749685218669756,1.59520447088686,0.845519252217109
"154231",1.86039511027658,1.8621190700881,1.86157264341247,0.000546426675624989,0.00172395981151507,0.00117753313589009
"206326",0.161668483680512,0.649081086864461,0.385843926103388,0.263237160761074,0.487412603183949,0.224175442422875
"161964",1e-08,1.44746282778871,0.858462748652566,0.589000079136146,1.44746281778871,0.858462738652566
"131542",10,10.5354380949801,10,0.535438094980147,0.535438094980147,0
"141187",5.47878162358275,3.19262693711776,3.89336639428488,-0.700739457167124,-2.28615468646499,-1.58541522929787
"14326",2.64604612071631,2.75192759241774,2.71348042641624,0.0384471660014967,0.105881471701428,0.0674343056999316
"189982",5.277826229187,3.53301701166149,4.08158763107218,-0.548570619410697,-1.74480921752552,-1.19623859811482
"207182",1.27800807318546,1.25743439879804,1.26412055912337,-0.00668616032532854,-0.020573674387421,-0.0138875140620924
"253097",7.17057176333109,7.78629530641024,7.62278080075142,0.163514505658822,0.615723543079152,0.452209037420331
"290628",2.04948588830662,4.3438058226191,3.42836522036047,0.915440602258631,2.29431993431248,1.37887933205385
"293290",10,10.5354380949801,10,0.535438094980147,0.535438094980147,0
"298362",2.28458407628889,3.34746018597497,2.95052078660246,0.396939399372505,1.06287610968608,0.665936710313571
"340972",10,10.5354380949801,10,0.535438094980147,0.535438094980147,0
"35867",0.155259156764679,2.12811007036763,1.25557004306353,0.872540027304104,1.97285091360296,1.10031088629885
"443251",2.47436745007084,3.53516766113798,3.12302636943221,0.412141291705773,1.06080021106715,0.648658919361376
"490779",8.23337808864502,7.16465507345576,7.44288178136767,-0.278226707911908,-1.06872301518926,-0.790496307277353
"542517",4.52895891334006,5.08623749733498,4.89595863220935,0.190278865125626,0.557278583994912,0.366999718869287
"552559",2.89254923387172,3.04520265796192,2.98705768291772,0.0581449750442049,0.152653424090196,0.0945084490459913
"57516",10,10.5354380949801,10,0.535438094980147,0.535438094980147,0
"67898",1.87812603977114,4.21461417343116,3.29835783180886,0.916256341622301,2.33648813366002,1.42023179203772
"71194",7.38943106554679,7.81212717175218,7.70244326346969,0.109683908282489,0.422696106205394,0.313012197922905
"74275",8.51683256178383,7.08159633806309,7.45133877369524,-0.369742435632151,-1.43523622372074,-1.06549378808859
"77485",10,10.5354380949801,10,0.535438094980147,0.535438094980147,0
"154730",0.242196344890124,1.53144366287671,0.919485562640453,0.611958100236259,1.28924731798659,0.677289217750329
"119928",10,4.77155803457471,6.12982152121366,-1.35826348663894,-5.22844196542529,-3.87017847878634
"141610",10,9.5260033153884,10,-0.473996684611603,-0.473996684611603,0
"213865",10,12.5282677527449,10,2.52826775274491,2.52826775274491,0
"250492",10,7.54508021862838,10,-2.45491978137162,-2.45491978137162,0
"301909",10,3.88443997425136,5.50659370871777,-1.62215373446641,-6.11556002574864,-4.49340629128223
"371525",8.1700245576835,7.21285472310876,7.46446294122191,-0.251608218113151,-0.957169834574745,-0.705561616461594
"382663",0.884331827544996,1.87461719344167,1.52971155378221,0.344905639659465,0.990285365896677,0.645379726237212
"444288",10,4.73232815912043,6.26774801460752,-1.53541985548709,-5.26767184087957,-3.73225198539248
"44798",10,5.26095953709127,8.54084594346002,-3.27988640636875,-4.73904046290873,-1.45915405653998
"485749",0.585282785567604,1.37673180912663,1.16911466373637,0.207617145390264,0.79144902355903,0.583831878168766
"49053",10,7.12840540110813,9.9710706884529,-2.84266528734478,-2.87159459889187,-0.0289293115470972
"506248",10,12.5282677527449,10,2.52826775274491,2.52826775274491,0
"516282",10,12.5282677527449,10,2.52826775274491,2.52826775274491,0
"538215",9.46779911532056,6.34963879509311,7.14528702504364,-0.79564822995053,-3.11816032022744,-2.32251209027691
"208457",6.08346168133055,3.29232882036303,4.17200519249859,-0.879676372135564,-2.79113286096752,-1.91145648883196
"537985",1e-08,0.228842354674126,0.11880705141589,0.110035303258236,0.228842344674126,0.11880704141589
"116681",1e-08,1.13477292264788,0.595850120070902,0.538922802576982,1.13477291264788,0.595850110070902
"189951",0.130865705789872,0.235963780604012,0.184241223519295,0.0517225570847177,0.10509807481414,0.0533755177294223
"477117",2.96358202745792,5.40785082492507,4.586068715236,0.821782109689064,2.44426879746715,1.62248668777808
"415871",1.77243497097539,2.13744739108936,1.99020241855138,0.147244972537971,0.365012420113961,0.217767447575991
"517578",0.106546450767308,0.427073471414245,0.272993189185021,0.154080282229224,0.320527020646936,0.166446738417712
"370548",1e-08,0.270689267024141,0.134141309845729,0.136547957178412,0.270689257024141,0.134141299845729
"304",3.36754748481965,1.98371023267529,2.4659207594323,-0.482210526757007,-1.38383725214436,-0.901626725387356
"85944",0.111826332376612,0.774561677455148,0.467981270151612,0.306580407303536,0.662735345078537,0.356154937775001
"299134",5.16505087532517,3.72384397712454,4.18396882496556,-0.460124847841024,-1.44120689820063,-0.981082050359602
"78852",0.728303892879401,0.935503370010272,0.844373486791764,0.0911298832185081,0.207199477130871,0.116069593912363
"51360",0.222817799471002,1.29653975497457,0.813982365377466,0.482557389597106,1.07372195550357,0.591164565906464
"569934",1.30533267217224,0.993115081239311,1.11652537123594,-0.123410289996629,-0.312217590932924,-0.188807300936296
"81855",1e-08,0.265681071427213,0.134161267162253,0.13151980426496,0.265681061427213,0.134161257162253
"349098",4.5654888199076,1.32652105644125,2.37723540288803,-1.05071434644679,-3.23896776346636,-2.18825341701957
"61343",1e-08,1.83276915718029,0.872783184852755,0.959985972327534,1.83276914718029,0.872783174852755
"259151",1.07972213986466,2.68927715279142,2.02569036616176,0.663586786629657,1.60955501292676,0.945968226297102
"174782",0.286718991264271,1.21235073896558,0.822733497375324,0.389617241590253,0.925631747701305,0.536014506111052
"422462",0.351935458655568,1.39321641644433,0.918941437751887,0.474274978692441,1.04128095778876,0.567005979096319
"414789",0.202463431591482,0.417818069919213,0.333711606715234,0.0841064632039781,0.215354638327731,0.131248175123753
"149029",3.93360186559105,3.520964739926,3.64112844972593,-0.120163709799927,-0.412637125665051,-0.292473415865124
"391998",3.49071104403695,2.145088758119,2.62313147779202,-0.478042719673018,-1.34562228591795,-0.867579566244931
"406461",5.85116215739011,2.90370407729354,3.79641859935514,-0.892714522061592,-2.94745808009657,-2.05474355803498
"485222",1.95127657601336,0.402241550770772,0.958388802416523,-0.55614725164575,-1.54903502524259,-0.992887773596841
"529421",0.0341217952650509,0.0996615386192585,0.0681187459780846,0.0315427926411739,0.0655397433542076,0.0339969507130337
"188864",10,5.42796995876857,7.39066029462362,-1.96269033585504,-4.57203004123143,-2.60933970537638
"318927",0.853756950591307,1.64564829017802,1.31973516898937,0.32591312118865,0.791891339586711,0.465978218398061
"542437",2.18708883272668,0.979787217279574,1.25691235296411,-0.27712513568454,-1.2073016154471,-0.930176479762564
"403246",1.38560381487412,1.31584016200995,1.33919878211904,-0.0233586201090865,-0.0697636528641676,-0.0464050327550811
"11445",0.0045633079576596,0.993003394095242,0.528817812732257,0.464185581362984,0.988440086137582,0.524254504774598
"382173",0.0907867821251114,0.900024605797526,0.516158260008674,0.383866345788851,0.809237823672414,0.425371477883563
"296712",0.985781679213133,1.81326099435601,1.44415371594452,0.369107278411485,0.827479315142875,0.45837203673139
"501991",1.77756585822135,2.60641254625314,2.30841816490293,0.297994381350216,0.828846688031791,0.530852306681574
"369578",0.817006197370551,0.527227950985097,0.632424761306891,-0.105196810321794,-0.289778246385454,-0.18458143606366
"548953",0.121503288630054,0.328443840532258,0.249247112896779,0.0791967276354783,0.206940551902203,0.127743824266725
"349721",0.275011612802551,0.398755369094571,0.346142868624547,0.0526125004700242,0.12374375629202,0.0711312558219954
"279946",1.87362980483359,1.6332237383698,1.72324485616819,-0.0900211177983834,-0.24040606646379,-0.150384948665407
"428332",1e-08,1.4764105742038,0.688936597043659,0.787473977160138,1.4764105642038,0.688936587043659
"90323",5.02452684498916,3.9540396507349,4.30014735838233,-0.346107707647421,-1.07048719425425,-0.724379486606832
"123591",1e-08,2.49063059660155,1.20036006515023,1.29027053145132,2.49063058660155,1.20036005515023
"146409",1.8275762935247,3.485552074569,2.83815325747773,0.647398817091277,1.6579757810443,1.01057696395302
"148634",10,13.1577795617758,10,3.15777956177585,3.15777956177585,0
"157851",10,13.1577795617758,10,3.15777956177585,3.15777956177585,0
"16940",5.39070847307783,2.11981146706095,3.03665097610685,-0.916839509045893,-3.27089700601688,-2.35405749697099
"172380",10,13.1577795617758,10,3.15777956177585,3.15777956177585,0
"189523",3.85329440554049,5.282810963218,4.787805223379,0.495005739839001,1.42951655767751,0.934510817838511
"195430",2.07451928906115,3.93541775014313,3.17315232147355,0.762265428669578,1.86089846108198,1.0986330324124
"19727",6.13887912415958,8.88145500537627,8.14839233543304,0.733062669943225,2.74257588121668,2.00951321127346
"202854",1.45816897129382,4.22342768075972,3.1187157681206,1.10471191263912,2.7652587094659,1.66054679682678
"240577",5.74558803402884,9.28631769215472,8.3305909291697,0.955726762985016,3.54072965812588,2.58500289514087
"296992",3.89843813956352,5.59393623654477,4.99843535125508,0.595500885289692,1.69549809698125,1.09999721169156
"333474",6.68518821035569,8.42375501295204,7.9584555315776,0.465299481374441,1.73856680259635,1.2732673212219
"336440",4.7187510871761,4.00256828593581,4.23848521183914,-0.235916925903325,-0.716182801240292,-0.480265875336967
"344011",8.117258185675,7.35375139369662,7.55353576649283,-0.199784372796209,-0.76350679197838,-0.563722419182171
"392662",5.2296092610607,9.85464941782527,8.57324800968806,1.28140140813721,4.62504015676457,3.34363874862736
"396040",6.68518821035569,8.42375501295204,7.9584555315776,0.465299481374441,1.73856680259635,1.2732673212219
"408597",10,13.1577795617758,10,3.15777956177585,3.15777956177585,0
"432356",0.780870834996259,2.32250250377944,1.68190407735298,0.640598426426461,1.54163166878319,0.901033242356724
"460972",4.0872360874571,4.24185439189519,4.19029969007772,0.0515547018174676,0.154618304438085,0.103063602620617
"521648",2.18488610841247,7.51295889974207,5.58051820291904,1.93244069682303,5.3280727913296,3.39563209450657
"526509",5.64432204843263,2.21420760631854,3.20258823576041,-0.988380629441862,-3.43011444211408,-2.44173381267222
"535254",0.941464680890546,3.03320850150564,2.07026229190174,0.962946209603904,2.0917438206151,1.12879761101119
"565774",0.437411402084361,2.99940026869136,1.90662741597435,1.09277285271701,2.561988866607,1.46921601388999
"576736",4.40470245985413,4.1415889436223,4.22891686012777,-0.0873279165054699,-0.263113516231827,-0.175785599726357
"63568",3.9744572008617,4.62952450616633,4.41048411266301,0.219040393503319,0.655067305304631,0.436026911801312
"286931",1e-08,0.241244903622158,0.124979444891173,0.116265458730985,0.241244893622158,0.124979434891173
"41989",0.908606771349537,0.428315298842033,0.598093735993359,-0.169778437151326,-0.480291472507504,-0.310513035356178
"107647",0.715906254966895,0.798688358464757,0.774272557804194,0.0244158006605633,0.0827821034978625,0.0583663028372993
"260937",1.74724698046224,1.83499155821096,1.80188206477443,0.0331094934365297,0.0877445777487176,0.0546350843121879
"349265",9.23335477714309,5.49967157673983,6.43010402851845,-0.930432451778612,-3.73368320040326,-2.80325074862465
"40151",2.72029578126924,3.82069109183349,3.3813125903511,0.439378501482389,1.10039531056425,0.661016809081857
"512452",9.8338380902274,5.35823233989599,6.45630312232093,-1.09807078242494,-4.47560575033142,-3.37753496790648
"512575",10,7.33336760469356,9.1609162939851,-1.82754868929154,-2.66663239530644,-0.839083706014895
"220828",0.618759728978026,2.78893072241889,1.91916920966846,0.869761512750429,2.17017099344087,1.30040948069044
"172853",2.98124272579763,2.43431216460333,2.62826333555381,-0.193951170950477,-0.546930561194297,-0.35297939024382
"328631",0.991081023664987,2.82806294167668,2.07641844247187,0.751644499204807,1.83698191801169,1.08533741880689
"232198",1e-08,0.56766408471633,0.253572960826237,0.314091123890093,0.56766407471633,0.253572950826237
"123946",2.21841559622332,1.27258367964647,1.61223497350136,-0.339651293854886,-0.945831916576856,-0.606180622721969
"330885",0.307447628754169,0.711546206805828,0.52062183931155,0.190924367494278,0.40409857805166,0.213174210557382
"30863",1e-08,0.31129704279952,0.1708724657766,0.140424577022921,0.31129703279952,0.1708724557766
"124874",1e-08,0.872587811954416,0.459764318521913,0.412823493432502,0.872587801954416,0.459764308521913
"365385",10,2.31312371746268,4.53657181326249,-2.22344809579981,-7.68687628253732,-5.46342818673751
"420629",0.2060390058287,0.477252995815648,0.348656241647154,0.128596754168494,0.271213989986949,0.142617235818455
"424834",1e-08,1.25225985525476,0.577398107092059,0.6748617481627,1.25225984525476,0.577398097092059
"403123",3.53689095394647,2.02157424356545,2.54308793564026,-0.521513692074812,-1.51531671038102,-0.993803018306207
"324048",0.539511800932376,0.912120284732887,0.754770289837367,0.15734999489552,0.372608483800511,0.215258488904991
"229512",0.314235925365315,1.33258884618646,0.880624328956117,0.451964517230345,1.01835292082115,0.566388403590802
"308951",1.31065893603838,2.13174454345849,1.91384639871848,0.217898144740007,0.821085607420107,0.603187462680099
"576737",1e-08,0.466098488494068,0.255583458363296,0.210515030130772,0.466098478494068,0.255583448363296
"181299",1.18793381198399e-08,1.4213650535611,0.765362330643032,0.656002722918072,1.42136504168177,0.765362318763694
"394998",1.0511969037942,0.49649550454699,0.71156483078304,-0.21506932623605,-0.554701399247208,-0.339632073011158
"180210",2.26068465146685,3.6989131952277,3.13456659022085,0.564346605006857,1.43822854376086,0.873881938753999
"417651",9.3168483555372,4.95705391355748,6.0065146522403,-1.04946073868282,-4.35979444197971,-3.3103337032969
"434150",5.12578611274546,3.49819421122774,4.0121377867517,-0.513943575523958,-1.62759190151772,-1.11364832599377
"575334",8.57817425401401,5.55182552100858,6.29381565873564,-0.741990137727057,-3.02634873300542,-2.28435859527837
"568001",1.68994498404034,2.23604835061876,2.0131135977077,0.222934752911062,0.546103366578421,0.323168613667359
"291299",2.17113434948608,3.86087888572299,3.20188426090563,0.658994624817363,1.68974453623691,1.03074991141955
"45932",2.72552789281712,3.17578423041616,3.00706348617764,0.16872074423852,0.450256337599041,0.281535593360521
"25301",0.193608861147697,0.161235812975166,0.177107854268693,-0.0158720412935267,-0.032373048172531,-0.0165010068790043
"169970",10,7.26429790823343,8.97671319503541,-1.71241528680198,-2.73570209176657,-1.02328680496459
"416490",2.89989655950537,2.26826409464504,2.48370377469659,-0.215439680051557,-0.631632464860334,-0.416192784808777
"440580",1.50068835690173,1.6804165202184,1.61597047666,0.0644460435583929,0.179728163316665,0.115282119758272
"18514",1.41369993101414,2.64664144745613,2.22204281271661,0.424598634739525,1.23294151644199,0.808342881702466
"149489",3.03802291947191,4.84116561466059,4.25324876707898,0.587916847581612,1.80314269518868,1.21522584760707
"328909",2.37338956337678,3.32562957602019,2.96581635711493,0.359813218905258,0.952240012643407,0.592426793738149
"315898",1e-08,0.148900483120742,0.0803262204854633,0.0685742626352785,0.148900473120742,0.0803262104854633
"267387",10,3.81863124897285,5.58897537601223,-1.77034412703937,-6.18136875102715,-4.41102462398777
"530221",0.108826869798797,0.233596976803834,0.180018528290046,0.0535784485137885,0.124770107005037,0.0711916584912484
"146600",1.70865348695916,1.72789759829905,1.72057398779616,0.00732361050288888,0.0192441113398902,0.0119205008370014
"226835",2.4643924249421,4.21237680609617,3.506640091458,0.705736714638169,1.74798438115407,1.0422476665159
"270093",9.72306979262724,5.93903417753524,6.88307247044505,-0.944038292909807,-3.78403561509199,-2.83999732218219
"402404",8.16555956677479,6.79620565984186,7.15354481810714,-0.357339158265273,-1.36935390693293,-1.01201474866766
"122242",10,11.029066705371,10,1.029066705371,1.029066705371,0
"149458",3.50343966973808,4.15839485199013,3.94742774692355,0.210967105066586,0.654955182252054,0.443988077185467
"151970",10,16.137317975491,10,6.13731797549102,6.13731797549102,0
"154619",7.67223646341115,7.06574129501232,7.22391258132127,-0.158171286308944,-0.606495168398832,-0.448323882089888
"17327",10,8.13524356947822,10,-1.86475643052178,-1.86475643052178,0
"221990",10,16.137317975491,10,6.13731797549102,6.13731797549102,0
"22259",8.2527042683233,6.254135719649,6.76161260067516,-0.507476881026155,-1.9985685486743,-1.49109166764814
"22275",10,8.59724745639125,10,-1.40275254360875,-1.40275254360875,0
"228519",10,10.0836995714797,10,0.0836995714796718,0.0836995714796718,0
"23058",9.51265059308731,4.73668048304954,5.88174869621506,-1.14506821316553,-4.77597011003777,-3.63090189687224
"236699",10,16.137317975491,10,6.13731797549102,6.13731797549102,0
"258966",2.79422864732023,6.16740986937849,4.9700552011643,1.19735466821419,3.37318122205827,2.17582655384408
"267054",10,16.137317975491,10,6.13731797549102,6.13731797549102,0
"32972",8.63268184378024,5.90528726137648,6.59096677224413,-0.685679510867647,-2.72739458240376,-2.04171507153611
"330247",1.89991400575689,2.3450829683809,2.18605191847186,0.159031049909037,0.445168962624009,0.286137912714972
"333750",10,11.029066705371,10,1.029066705371,1.029066705371,0
"340810",1.26326625513266,3.83798263070084,2.82623441886192,1.01174821183892,2.57471637556817,1.56296816372925
"35207",10,16.137317975491,10,6.13731797549102,6.13731797549102,0
"366007",10,16.137317975491,10,6.13731797549102,6.13731797549102,0
"374937",10,16.137317975491,10,6.13731797549102,6.13731797549102,0
"382308",10,3.18723841786256,4.65250044124095,-1.46526202337838,-6.81276158213744,-5.34749955875905
"395297",10,16.137317975491,10,6.13731797549102,6.13731797549102,0
"413826",6.86358853990703,7.55104361308654,7.37000209420089,0.181041518885653,0.687455073179506,0.506413554293853
"438291",10,12.1494515349153,10,2.14945153491534,2.14945153491534,0
"468679",10,12.1494515349153,10,2.14945153491534,2.14945153491534,0
"481976",10,16.137317975491,10,6.13731797549102,6.13731797549102,0
"482586",10,7.46013474980644,9.99405600969336,-2.53392125988693,-2.53986525019356,-0.00594399030663517
"483050",10,8.59724745639125,10,-1.40275254360875,-1.40275254360875,0
"497718",10,16.137317975491,10,6.13731797549102,6.13731797549102,0
"502581",10,12.1494515349153,10,2.14945153491534,2.14945153491534,0
"522005",3.72796594888117,4.72411942183725,4.3878856663445,0.336233755492754,0.996153472956088,0.659919717463334
"543456",10,5.60762397024301,8.63285717023731,-3.0252331999943,-4.39237602975699,-1.36714282976269
"548897",10,16.137317975491,10,6.13731797549102,6.13731797549102,0
"556542",10,16.137317975491,10,6.13731797549102,6.13731797549102,0
"62018",10,11.029066705371,10,1.029066705371,1.029066705371,0
"73055",3.06868504589611,5.51341598320936,4.67037052124194,0.843045461967419,2.44473093731325,1.60168547534583
"85120",10,12.1494515349153,10,2.14945153491534,2.14945153491534,0
"86259",10,16.137317975491,10,6.13731797549102,6.13731797549102,0
"72206",3.36282492635503,2.08207871744749,2.51741902022501,-0.435340302777529,-1.28074620890755,-0.845405906130017
"121295",0.141271354456713,0.577004215761341,0.390922949039167,0.186081266722174,0.435732861304628,0.249651594582454
"478859",0.816729612716618,1.39455643002633,1.15744815496066,0.237108275065664,0.57782681730971,0.340718542244046
"238658",2.32808620997649,3.61005855755341,3.12050641846709,0.489552139086324,1.28197234757692,0.792420208490599
"91458",3.43795682555537,2.14213399049029,2.59461982082234,-0.452485830332055,-1.29582283506508,-0.843337004733025
"105358",3.61949202098011,2.13977724653596,2.67253389127758,-0.53275664474162,-1.47971477444415,-0.94695812970253
"444336",1.52017746055604,2.87525790765334,2.38607687402116,0.48918103363218,1.35508044709731,0.865899413465126
"110747",1.68712326550382,7.30528304742489,5.37289834610562,1.93238470131927,5.61815978192107,3.6857750806018
"181071",0.773044900505531,5.56189494974536,3.64862713553691,1.91326781420845,4.78885004923983,2.87558223503137
"370770",1.05973670326165,3.54843082319925,2.42651600326705,1.1219148199322,2.4886941199376,1.3667793000054
"422991",2.51827722087766,6.39372945974801,5.08024410894163,1.31348535080637,3.87545223887034,2.56196688806397
"424429",1.9990764223775,4.36077026544957,3.40914258652976,0.951627678919811,2.36169384307207,1.41006616415226
"436540",2.51827722087766,6.39372945974801,5.08024410894163,1.31348535080637,3.87545223887034,2.56196688806397
"569857",2.52151786715478,8.60615465565055,7.21443977019717,1.39171488545338,6.08463678849577,4.69292190304239
"84587",0.505360284097847,5.05385825685394,3.64842272536588,1.40543553148806,4.54849797275609,3.14306244126803
"469023",0.226913433708507,0.303896680204063,0.268501576605151,0.0353951035989114,0.076983246495556,0.0415881428966446
"530042",1.18793381198399e-08,0.659897719033205,0.410405343738466,0.249492375294739,0.659897707153867,0.410405331859128
"492088",0.534625166151223,1.57872594574487,1.07160689180484,0.507119053940031,1.04410077959365,0.536981725653616
"222447",3.19761269013137,4.33612894125089,3.97802532515014,0.358103616100752,1.13851625111952,0.780412635018763
"377618",2.81067365585095,2.66364141334069,2.71618372851601,-0.0525423151753195,-0.147032242510261,-0.094489927334942
"241341",7.89186708042768,6.04842763456458,6.50888063630733,-0.460453001742748,-1.8434394458631,-1.38298644412036
"415348",3.09023163633381,2.98521407796449,3.02480523667086,-0.0395911587063726,-0.105017558369328,-0.0654263996629552
"244121",1.14672140204601,0.424309005376914,0.703602753552142,-0.279293748175228,-0.722412396669094,-0.443118648493865
"125724",1.72433215269253,2.05995275702279,1.92576899826404,0.134183758758749,0.335620604330252,0.201436845571503
"336443",2.65383921263098,3.14426136807885,2.96190146701968,0.182359901059172,0.490422155447868,0.308062254388696
"492900",0.813367664212655,1.87828874431664,1.40978124385204,0.468507500464599,1.06492108010398,0.596413579639381
"139253",1e-08,0.605302601570414,0.312833792351092,0.292468809219322,0.605302591570414,0.312833782351092
"9238",0.344395830448087,1.0074150766335,0.734325694735762,0.273089381897734,0.663019246185409,0.389929864287675
"360646",2.95786967207105,1.74752378881913,2.1360457222315,-0.388521933412367,-1.21034588325192,-0.821823949839553
"147875",1e-08,0.200135609718344,0.0979716456237102,0.102163964094633,0.200135599718344,0.0979716356237102
"160596",5.51810776165213,9.67226272115121,8.53503546441895,1.13722725673226,4.15415495949908,3.01692770276682
"163161",2.50069251867957,2.66340489509463,2.60257600524998,0.0608288898446485,0.162712376415055,0.101883486570406
"165684",10,11.9511312582682,10,1.95113125826822,1.95113125826822,0
"167019",5.51810776165213,9.67226272115121,8.53503546441895,1.13722725673226,4.15415495949908,3.01692770276682
"208298",4.0903969593905,5.20983973786946,4.82335644498053,0.386483292888928,1.11944277847896,0.732959485590031
"243602",1.57144919852715,4.66392749074838,3.39422100789145,1.26970648285693,3.09247829222122,1.8227718093643
"243776",1.32517455634235,1.1745930659947,1.22891777689046,-0.0543247108957601,-0.150581490347644,-0.096256779451884
"251000",5.51810776165213,9.67226272115121,8.53503546441895,1.13722725673226,4.15415495949908,3.01692770276682
"261738",0.315866404012311,3.57005986740455,2.13141026186438,1.43864960554017,3.25419346339224,1.81554385785207
"316115",7.10463621433827,7.84131423599983,7.64747411391986,0.193840122079968,0.736678021661564,0.542837899581595
"330064",5.51810776165213,9.67226272115121,8.53503546441895,1.13722725673226,4.15415495949908,3.01692770276682
"339970",6.004098092339,8.56758528473553,7.87549448158233,0.692090803153205,2.56348719239653,1.87139638924333
"342515",7.3849875057741,7.74516115534591,7.65229838683501,0.0928627685108969,0.36017364957181,0.267310881060913
"346993",1.41950632557507,1.47656775423418,1.45440482694122,0.0221629272929573,0.0570614286591091,0.0348985013661518
"362518",10,11.9511312582682,10,1.95113125826822,1.95113125826822,0
"453658",7.3849875057741,7.74516115534591,7.65229838683501,0.0928627685108969,0.36017364957181,0.267310881060913
"481083",10,11.9511312582682,10,1.95113125826822,1.95113125826822,0
"84702",5.51810776165213,9.67226272115121,8.53503546441895,1.13722725673226,4.15415495949908,3.01692770276682
"90899",3.24950638604693,6.38872474264183,5.26765554354169,1.12106919910014,3.1392183565949,2.01814915749476
"404633",0.0575281236058932,0.0768205255173925,0.0679565082102116,0.00886401730718088,0.0192924019114993,0.0104283846043184
"100213",5.24246094421936,3.88002378452486,4.32150060295211,-0.441476818427248,-1.3624371596945,-0.920960341267256
"5150",1.18213234420873,1.54060255434189,1.38429727939278,0.156305274949111,0.358470210133163,0.202164935184052
"173219",0.128445848513144,0.292579420621914,0.211055503486996,0.0815239171349179,0.16413357210877,0.0826096549738525
"532177",4.28127797729229,4.89439625735504,4.77285778712487,0.121538470230175,0.613118280062758,0.491579809832583
"333966",1.10490597319237,1.58770722413584,1.37744794539659,0.210259278739254,0.482801250943474,0.27254197220422
"117098",0.205111713853449,0.504178606693619,0.377083269891783,0.127095336801836,0.299066892840171,0.171971556038335
"161604",1e-08,1.47455460004831,0.78764669422573,0.686907905822578,1.47455459004831,0.78764668422573
"228246",1.18342270093865,2.97081890620409,2.21214264415003,0.758676262054057,1.78739620526544,1.02871994321138
"512706",3.74412957870923,1.79141848072019,2.44810394328539,-0.656685462565208,-1.95271109798904,-1.29602563542383
"525938",1e-08,0.250146040333553,0.134998803383956,0.115147236949597,0.250146030333553,0.134998793383956
"103357",2.18373317219107,4.24886332695227,3.42502309383855,0.823840233113721,2.0651301547612,1.24128992164748
"298068",1.20050200992549,3.29162208799286,2.3651983112777,0.926423776715157,2.09112007806737,1.16469630135221
"324891",0.12865695892941,0.689128695628848,0.380477539003471,0.308651156625377,0.560471736699438,0.251820580074061
"167342",1.86358403039918,2.19431666894558,2.09277122304367,0.101545445901915,0.330732638546402,0.229187192644487
"197738",0.986720511796591,2.17773482196647,1.90548216724921,0.272252654717259,1.19101431016988,0.918761655452617
"553455",0.515389691818956,1.05633109248963,0.819268495403029,0.237062597086598,0.540941400670671,0.303878803584073
"272317",0.120318500277466,0.642792182655935,0.410349892278955,0.23244229037698,0.522473682378469,0.290031392001489
"213820",10,3.840864323209,5.74062699575002,-1.89976267254102,-6.159135676791,-4.25937300424998
"395025",0.185250476355858,0.61840121837104,0.432557164717196,0.185844053653844,0.433150742015182,0.247306688361338
"509130",0.333126268269531,0.566622577898649,0.466293833708795,0.100328744189854,0.233496309629118,0.133167565439264
"521056",1e-08,0.288254188200979,0.139529084916555,0.148725103284424,0.288254178200979,0.139529074916555
"458961",0.0629821810726473,0.174608437191998,0.132047681754166,0.0425607554378329,0.111626256119351,0.0690655006815183
"130262",0.555241865351946,0.673894144097497,0.630339233949107,0.0435549101483897,0.118652278745551,0.0750973685971609
"274595",0.0822063268042658,0.482803794779979,0.277389542200154,0.205414252579825,0.400597467975713,0.195183215395888
"49776",5.36498146160454,0.957543473167283,5.36498146160454,-4.40743798843725,-4.40743798843725,0
"401986",1e-08,0.576292022714496,0.241837355583125,0.334454667131371,0.576292012714496,0.241837345583125
"421862",2.10776834183648,1.65769335860308,1.83138101424945,-0.17368765564637,-0.450074983233398,-0.276387327587028
"301618",2.34547869589766,3.65557222366387,3.13003530890233,0.525536914761542,1.31009352776622,0.784556613004676
"546965",1.0847804280759,1.1158104977537,1.10402544097008,0.011785056783618,0.0310300696777981,0.0192450128941801
"44776",0.297878096133268,1.79258964037751,1.22461987964418,0.567969760733332,1.49471154424425,0.926741783510913
"307259",6.25546304604178,2.42262571710797,3.53751996113396,-1.11489424402599,-3.83283732893381,-2.71794308490782
"141671",10,9.46860867390824,10,-0.531391326091756,-0.531391326091756,0
"143326",2.44632677300705,3.21410192215289,2.9306349406161,0.283466981536781,0.767775149145837,0.484308167609056
"149747",5.7774643708671,3.26637232616976,4.04186136064522,-0.775489034475461,-2.51109204469734,-1.73560301022188
"243418",7.94239269545521,7.58478164468698,7.67957017631565,-0.0947885316286659,-0.357611050768222,-0.262822519139556
"293108",10,9.46860867390824,10,-0.531391326091756,-0.531391326091756,0
"346109",1.76434651195476,2.00197496157221,1.90634410721329,0.0956308543589244,0.237628449617448,0.141997595258524
"381780",9.0431170913543,6.24958557466349,6.96621795331602,-0.716632378652533,-2.79353151669081,-2.07689913803828
"401797",10,9.46860867390824,10,-0.531391326091756,-0.531391326091756,0
"409632",10,9.46860867390824,10,-0.531391326091756,-0.531391326091756,0
"474015",7.94239269545521,7.58478164468698,7.67957017631565,-0.0947885316286659,-0.357611050768222,-0.262822519139556
"481245",4.83267447952748,4.73957689637724,4.77051047489913,-0.0309335785218812,-0.0930975831502376,-0.0621640046283565
"494337",7.94239269545521,7.58478164468698,7.67957017631565,-0.0947885316286659,-0.357611050768222,-0.262822519139556
"566828",10,9.46860867390824,10,-0.531391326091756,-0.531391326091756,0
"374536",2.82828744530176,8.00240063881788,6.81996745820713,1.18243318061075,5.17411319351612,3.99168001290537
"46602",0.858384609352987,5.2518801313332,3.52006681490517,1.73181331642804,4.39349552198022,2.66168220555218
"521895",1.53098969902634,2.23564717472266,1.94334275106656,0.292304423656103,0.704657475696324,0.412353052040221
"559036",1.26049281227345,4.81720787181775,3.40712993686973,1.41007793494802,3.55671505954431,2.14663712459628
"154751",2.02014436888475,1.36141144003117,1.59847479860175,-0.237063358570575,-0.658732928853577,-0.421669570283002
"272328",0.320246721965474,0.463246992505107,0.387511311621436,0.0757356808836713,0.143000270539633,0.0672645896559618
"347053",0.589562304226691,0.28664408661968,0.406583390496073,-0.119939303876393,-0.302918217607011,-0.182978913730618
"290292",2.30472588459745,1.26027813792078,1.56632216265959,-0.306044024738809,-1.04444774667666,-0.738403721937855
"139404",5.65744807166067,3.69978736986948,4.33038468909811,-0.630597319228628,-1.95766070179119,-1.32706338256257
"15086",4.93858411006143,4.46785812138793,4.62496232187908,-0.157104200491148,-0.470725988673495,-0.313621788182346
"364454",2.78521610086836,3.08736008993406,2.9736951574072,0.113664932526866,0.302143989065702,0.188479056538835
"428785",8.92123845605509,5.90925469883231,6.66918616031175,-0.759931461479431,-3.01198375722277,-2.25205229574334
"487108",9.91545882555306,5.31590318856131,6.43693537456246,-1.12103218600115,-4.59955563699175,-3.4785234509906
"528592",10,7.6231503264062,9.41750969362641,-1.79435936722021,-2.3768496735938,-0.582490306373595
"442718",1e-08,2.06188326654607,1.16560430897739,0.896278957568688,2.06188325654607,1.16560429897739
"193810",0.466032464344148,1.48586112897506,1.10833887008953,0.377522258885527,1.01982866463091,0.642306405745382
"284839",0.415503822007895,2.44072826448014,1.53067662257743,0.910051641902717,2.02522444247225,1.11517280056953
"574139",0.277142958438578,1.2355580753407,0.827747271053232,0.407810804287471,0.958415116902125,0.550604312614654
"40563",1.16061280028451,2.45982003300522,1.943572868049,0.516247164956217,1.2992072327207,0.782960067764488
"301410",1e-08,4.27284827329491,2.8798342044652,1.39301406882971,4.27284826329491,2.8798341944652
"205498",0.0144323624713231,0.290061677843372,0.162653882631701,0.127407795211671,0.275629315372049,0.148221520160378
"156706",1.11615653120973,1.18944786572438,1.15918003495224,0.0302678307721389,0.0732913345146506,0.0430235037425117
"198273",0.358077672371646,1.55780170948425,1.1265225758933,0.431279133590956,1.19972403711261,0.768444903521652
"198754",2.31855588169611,3.46983830690571,3.03143435613058,0.438403950775128,1.1512824252096,0.71287847443447
"330016",0.151845305337894,1.28510521521214,0.684468163596251,0.600637051615893,1.13325990987425,0.532622858258357
"130992",0.651774662477763,0.373796966771951,0.496777532626135,-0.122980565854185,-0.277977695705812,-0.154997129851627
"359032",1.16608676404435,1.25219346105618,1.21689969506713,0.0352937659890513,0.0861066970118236,0.0508129310227723
"198104",10,10.8560519074339,10,0.856051907433942,0.856051907433942,0
"20416",2.55286154735882,2.30271001714322,2.39067568767781,-0.0879656705345857,-0.250151530215591,-0.162185859681006
"235654",10,10.8560519074339,10,0.856051907433942,0.856051907433942,0
"413789",1.43967867326369,4.98902641937626,3.51552539696925,1.47350102240702,3.54934774611257,2.07584672370556
"427942",0.53575230308021,3.11228190250212,2.00294795695595,1.10933394554617,2.57652959942191,1.46719565387574
"469723",1.13151280569257,1.19752613010719,1.1749304612402,0.0225956688669853,0.0660133244146219,0.0434176555476367
"469840",7.49001426354652,7.32335436841881,7.36618388470823,-0.0428295162894203,-0.166659895127717,-0.123830378838297
"73566",10,10.8560519074339,10,0.856051907433942,0.856051907433942,0
"79685",10,10.8560519074339,10,0.856051907433942,0.856051907433942,0
"387610",0.581707407295004,1.76877615023586,1.26742593909212,0.501350211143741,1.18706874294086,0.68571853179712
"27833",0.8022917088443,4.3147075425804,3.27153224812216,1.04317529445824,3.5124158337361,2.46924053927786
"428328",1e-08,0.411940733027573,0.184354075791118,0.227586657236454,0.411940723027573,0.184354065791118
"218126",1.72722631742874,1.56370342973177,1.62269711210483,-0.0589936823730646,-0.163522887696972,-0.104529205323908
"283952",1.65085435715649,3.32176120164746,2.72266186430043,0.599099337347028,1.67090684449097,1.07180750714395
"564785",0.25977185753204,1.57818329608616,0.940047558733159,0.638135737353001,1.31841143855412,0.680275701201119
"154175",4.12681385864528,3.59208557466888,3.7594828198377,-0.167397245168818,-0.534728283976396,-0.367331038807577
"425796",1.7075468846391,2.03454266867656,1.90356590791694,0.130976760759622,0.326995784037462,0.19601902327784
"573993",1e-08,0.630026405698781,0.282797479491781,0.347228926207,0.630026395698781,0.282797469491781
"316174",1.10432286242439,1.26160386760322,1.19827590587374,0.0633279617294726,0.157281005178824,0.0939530434493516
"308242",0.0232502500400652,0.081086476459392,0.0530039426055769,0.028082533853815,0.0578362264193267,0.0297536925655117
"25853",2.45656883733723,1.4271435355978,1.82061498188342,-0.393471446285623,-1.02942530173943,-0.63595385545381
"465909",3.55833258297456,8.02013529101768,6.92418057482469,1.09595471619299,4.46180270804312,3.36584799185013
"519945",4.07167788613709,4.8994679596451,4.6183773312595,0.281090628385607,0.827790073508011,0.546699445122403
"10879",4.98411614885624,2.36823216069286,3.07578973934618,-0.70755757865332,-2.61588398816339,-1.90832640951007
"122684",9.29631314132559,5.60844386322374,6.50423338592351,-0.895789522699777,-3.68786927810185,-2.79207975540207
"141676",10,14.0200121978499,10,4.02001219784986,4.02001219784986,0
"157840",10,9.80734281466719,10,-0.192657185332806,-0.192657185332806,0
"167948",10,14.0200121978499,10,4.02001219784986,4.02001219784986,0
"189572",10,14.0200121978499,10,4.02001219784986,4.02001219784986,0
"229610",9.48220798004413,5.66365485170276,6.59762317820933,-0.933968326506565,-3.81855312834137,-2.8845848018348
"241702",4.70481774729794,3.44865486807649,3.82935299855292,-0.380698130476425,-1.25616287922145,-0.875464748745029
"241818",10,10.4408161589121,10,0.440816158912106,0.440816158912106,0
"246870",10,9.80734281466719,10,-0.192657185332806,-0.192657185332806,0
"259576",10,8.36747032242428,10,-1.63252967757572,-1.63252967757572,0
"270207",10,14.0200121978499,10,4.02001219784986,4.02001219784986,0
"275675",9.49838725710342,5.9842693554511,6.86054205621767,-0.876272700766564,-3.51411790165231,-2.63784520088575
"276997",10,14.0200121978499,10,4.02001219784986,4.02001219784986,0
"305793",10,9.80734281466719,10,-0.192657185332806,-0.192657185332806,0
"308063",1.18793381198399e-08,1.7243000207131,1.16428219270019,0.560017828012917,1.72430000883377,1.16428218082085
"319606",5.15132801580372,1.66467143732391,2.49409718169901,-0.829425744375099,-3.48665657847981,-2.65723083410471
"330248",10,9.80734281466719,10,-0.192657185332806,-0.192657185332806,0
"34939",5.89994914855259,1.52904894860354,2.61294301748935,-1.08389406888581,-4.37090019994905,-3.28700613106324
"351698",10,9.80734281466719,10,-0.192657185332806,-0.192657185332806,0
"357740",10,9.35997296195308,10,-0.640027038046917,-0.640027038046917,0
"358254",2.35257510353952,1.2726104274424,1.56287252103309,-0.290262093590689,-1.07996467609712,-0.789702582506435
"372697",10,11.2130039209883,10,1.21300392098833,1.21300392098833,0
"408016",10,8.85778697799806,10,-1.14221302200194,-1.14221302200194,0
"410982",10,14.0200121978499,10,4.02001219784986,4.02001219784986,0
"416116",1.93734167809152,2.58542213085499,2.37127698214312,0.214145148711869,0.648080452763465,0.433935304051596
"430142",4.30753380314584,3.44113274586804,3.69551514904711,-0.254382403179069,-0.866401057277802,-0.612018654098732
"432667",4.61576945477622,4.46329277701071,4.51381607960927,-0.0505233025985632,-0.152476677765505,-0.101953375166942
"436601",10,9.80734281466719,10,-0.192657185332806,-0.192657185332806,0
"439282",10,4.39661176132948,5.81275799374445,-1.41614623241496,-5.60338823867052,-4.18724200625555
"456115",1.69884484142253,2.56127489319116,2.28732131127927,0.273953581911886,0.862430051768632,0.588476469856746
"463406",3.56582361569035,5.62401816123128,4.93115053110516,0.692867630126118,2.05819454554093,1.36532691541481
"496800",10,11.2130039209883,10,1.21300392098833,1.21300392098833,0
"522296",10,11.2130039209883,10,1.21300392098833,1.21300392098833,0
"560656",10,14.0200121978499,10,4.02001219784986,4.02001219784986,0
"74325",4.00866178153744,4.57082714976814,4.39059166902974,0.180235480738403,0.562165368230708,0.381929887492305
"79891",10,9.80734281466719,10,-0.192657185332806,-0.192657185332806,0
"84540",10,14.0200121978499,10,4.02001219784986,4.02001219784986,0
"85407",3.60000648995503,5.81356993293512,5.060168488225,0.75340144471012,2.21356344298009,1.46016199826997
"86782",10,14.0200121978499,10,4.02001219784986,4.02001219784986,0
"97129",10,14.0200121978499,10,4.02001219784986,4.02001219784986,0
"176457",2.75635377172511,0.701607070179864,1.35394750652781,-0.652340436347946,-2.05474670154525,-1.4024062651973
"576338",0.990811959031298,0.52305834519633,0.701693483878481,-0.178635138682151,-0.467753613834968,-0.289118475152817
"200314",2.79883048359436,2.91850522571963,2.87446411858675,0.0440411071328852,0.119674742125274,0.0756336349923892
"37354",6.2806765456942,2.46516280458721,3.13247658468971,-0.667313780102502,-3.81551374110699,-3.14819996100449
"467046",10,3.43807385690852,5.43668062302699,-1.99860676611847,-6.56192614309149,-4.56331937697301
"515265",4.869222987997,4.42074524061786,4.569325704699,-0.148580464081133,-0.448477747379135,-0.299897283298002
"72104",4.59537340921419,4.44241944265492,4.49350057113355,-0.0510811284786312,-0.152953966559273,-0.101872838080642
"22963",1e-08,3.4718208710249,2.62457591179059,0.847244959234308,3.4718208610249,2.62457590179059
"410126",2.18758489782367,3.61652167000115,3.06411870583923,0.552402964161923,1.42893677217749,0.876533808015564
"24475",0.341829566657252,0.889594501378021,0.62606679239691,0.263527708981111,0.547764934720769,0.284237225739657
"463358",1e-08,0.544667999473706,0.260148652709017,0.284519346764689,0.544667989473706,0.260148642709017
"477042",1e-08,0.677163502561014,0.318356972008538,0.358806530552476,0.677163492561014,0.318356962008538
"549402",4.40400839037569,1.23046227412313,2.22826585695214,-0.99780358282901,-3.17354611625256,-2.17574253342355
"351368",3.97187267935821,1.59493257374925,2.38544836160765,-0.790515787858402,-2.37694010560896,-1.58642431775056
"471211",1.18793381198399e-08,1.29601454819243,0.789226508937796,0.506788039254636,1.29601453631309,0.789226497058458
"330701",5.63429936922547,2.67651928311312,3.56712804112385,-0.890608758010734,-2.95778008611236,-2.06717132810162
"547748",1.2415392381716,3.80898532880134,2.86638493371837,0.942600395082966,2.56744609062974,1.62484569554678
"217383",0.701776848492353,0.496089569695878,0.56736871824526,-0.0712791485493817,-0.205687278796475,-0.134408130247093
"95319",9.21302056856938,3.68922732520299,4.89990163727629,-1.2106743120733,-5.5237932433664,-4.31311893129309
"270466",1e-08,1.82868788647007,1.06739806313901,0.761289823331051,1.82868787647007,1.06739805313901
"24252",0.129242868340548,1.10467846429963,0.604895128368625,0.499783335931,0.975435595959077,0.475652260028077
"332320",0.119807903689001,1.31995894625459,0.817588375912768,0.50237057034182,1.20015104256559,0.697780472223767
"430132",1.40565400789709,1.44916347884764,1.42955313660187,0.0196103422457723,0.0435094709505466,0.0238991287047743
"322604",5.18493822377999,3.14275508323222,3.77014805460942,-0.6273929713772,-2.04218314054778,-1.41479016917058
"334379",0.627262856179035,1.8910185499607,1.352820106594,0.538198443366704,1.26375569378166,0.725557250414961
"258269",2.56965719151385,3.09421489619415,2.89945832347239,0.194756572721759,0.524557704680297,0.329801131958539
"293819",4.06738402089762,6.20867209732513,5.73654460912741,0.472127488197716,2.14128807642751,1.66916058822979
"299319",1.51056424685663,2.26545574326547,1.96132786123987,0.304127882025598,0.754891496408839,0.45076361438324
"299802",1.38105132364907,2.60367833157803,2.09157086158692,0.512107469991105,1.22262700792895,0.710519537937848
"516583",0.403225031864395,1.72203557597859,1.18844551073211,0.533590065246473,1.31881054411419,0.785220478867718
"45995",0.626796079593552,2.06307859464901,1.43254095483057,0.630537639818441,1.43628251505546,0.805744875237014
"118502",5.30699445541308,3.73241631982937,4.23666983130688,-0.504253511477506,-1.57457813558371,-1.0703246241062
"268187",1.33340431465218,1.27745455202234,1.29575262696399,-0.0182980749416526,-0.0559497626298389,-0.0376516876881863
"397952",4.53873899728677,4.91481534425853,4.78781641445806,0.126998929800467,0.376076346971758,0.249077417171291
"424764",2.066687070619,3.86318057149051,3.17043392958327,0.69274664190724,1.79649350087151,1.10374685896426
"478989",10,9.13825462263951,10,-0.861745377360492,-0.861745377360492,0
"531996",10,9.13825462263951,10,-0.861745377360492,-0.861745377360492,0
"301824",1.19660249623364,2.1075577543862,1.76578907171832,0.341768682667886,0.910955258152562,0.569186575484676
"365548",2.62619285775027,2.92179187485596,2.8100858370678,0.111706037788156,0.29559901710569,0.183892979317534
"470888",1.83520076068691,3.91258789638689,3.09591924625899,0.816668650127902,2.07738713569998,1.26071848557208
"49732",4.10757749481003,5.20648601106116,4.82921632499086,0.377269686070304,1.09890851625113,0.72163883018083
"143750",4.35889062789691,2.54292406392197,3.03374488230765,-0.490820818385672,-1.81596656397494,-1.32514574558927
"97242",0.138586400039571,0.62227708224158,0.422647770886539,0.199629311355041,0.483690682202009,0.284061370846968
"222792",0.864917773845603,0.879800852964631,0.873372339373656,0.0064285135909754,0.0148830791190281,0.00845456552805268
"27144",2.27122010278094,1.52939712176772,1.81748910115391,-0.288091979386192,-0.74182298101322,-0.453731001627029
"370053",1e-08,0.721335914887322,0.368456224109148,0.352879690778173,0.721335904887322,0.368456214109148
"359733",1e-08,1.99210387521231,0.966967139002412,1.0251367362099,1.99210386521231,0.966967129002412
"30241",1e-08,5.71147241540183,3.93810318249835,1.77336923290347,5.71147240540183,3.93810317249835
"257154",2.36570843755552e-08,2.26571382105648,1.32331879055291,0.94239503050357,2.2657137973994,1.32331876689583
"297679",2.25284007665518,2.12281593278339,2.16375852482799,-0.0409425920446025,-0.130024143871792,-0.0890815518271899
"257086",2.40150054839968,3.43877865745615,3.04175957046633,0.397019086989822,1.03727810905647,0.640259022066652
"299781",1.65591796488405,4.15055962309438,3.18912318968126,0.961436433413123,2.49464165821033,1.5332052247972
"331287",1.41297675419373,2.21116924455893,1.8994957833323,0.311673461226626,0.798192490365196,0.48651902913857
"340038",2.8643013795726,5.2674803135611,4.45870232617409,0.808777987387011,2.40317893398851,1.5944009466015
"382434",1.51248070636198,2.85360472730133,2.27628716410963,0.577317563191697,1.34112402093935,0.763806457747654
"55583",3.82007751660813,4.66776314022823,4.3985486528044,0.269214487423833,0.847685623620105,0.578471136196272
"184534",0.0507144160842963,0.231285795848296,0.136768033360932,0.0945177624873645,0.180571379764,0.0860536172766355
"216825",1.04012490154451,1.09371700602585,1.0733848557968,0.0203321502290483,0.0535921044813406,0.0332599542522922
"579118",9.70404798141243,3.56919736310985,4.9029855967745,-1.33378823366466,-6.13485061830258,-4.80106238463793
"19127",0.666753916398111,1.5513843092177,1.2061326972852,0.345251611932499,0.884630392819585,0.539378780887087
"290364",0.0758857894731887,1.51875092471369,0.864925238671806,0.653825686041886,1.4428651352405,0.789039449198618
"4263",0.401112990178839,0.739492458977689,0.617170912089737,0.122321546887952,0.338379468798851,0.216057921910899
"22174",0.111782609559532,0.241943962842122,0.177242084197321,0.0647018786448005,0.13016135328259,0.0654594746377898
"529565",0.020712316477115,0.103397902716637,0.0646907487238557,0.0387071539927811,0.0826855862395218,0.0439784322467407
"261189",1e-08,2.62043294298394,1.57381829708999,1.04661464589396,2.62043293298394,1.57381828708999
"186760",1.00333870956741,1.2149248732998,1.13140934246414,0.0835155308356546,0.211586163732385,0.12807063289673
"236626",0.813081836519181,1.45920086528835,1.20704922265869,0.252151642629662,0.646119028769172,0.39396738613951
"306985",5.37416512970929,3.66457277368676,4.20567641329691,-0.541103639610143,-1.70959235602253,-1.16848871641238
"554171",10,4.70024326022763,6.03345392198019,-1.33321066175256,-5.29975673977237,-3.96654607801981
"293336",1.53986654727178,0.798306638150412,1.07739648762307,-0.279089849472655,-0.741559909121372,-0.462470059648718
"438238",3.63725293295206,2.15243825037833,2.68305545595034,-0.53061720557201,-1.48481468257372,-0.954197477001714
"89164",3.46292423933719,3.0048914607763,3.13018713391626,-0.125295673139956,-0.458032778560894,-0.332737105420938
"392337",0.893810531726966,2.87215394925895,2.07846726275152,0.793686686507436,1.97834341753199,1.18465673102455
"300875",1.48941878618708,2.07415629672622,1.84303331439391,0.231122982332317,0.58473751053914,0.353614528206823
"301248",1e-08,0.163258005893294,0.0819188914021845,0.0813391144911091,0.163257995893294,0.0819188814021845
"293150",3.36465124822349,6.98789298407971,6.18295358390174,0.804939400177972,3.62324173585622,2.81830233567825
"407976",2.42719795443525,5.76906621897839,4.62951686551929,1.1395493534591,3.34186826454314,2.20231891108404
"92585",1.28665962595764,2.44930343251622,1.97297674199331,0.476326690522912,1.16264380655858,0.686317116035671
"212484",3.76594616303076,6.89308175265519,6.18813264942592,0.704949103229273,3.12713558962444,2.42218648639516
"251999",3.12696201458803,1.84246716053447,2.2732941325827,-0.430826972048227,-1.28449485405356,-0.853667882005336
"484921",4.97694084696008,4.40426886244755,4.52110897459886,-0.116840112151309,-0.572671984512531,-0.455831872361222
"44283",0.756421467448223,1.13944774817488,1.0006848934663,0.13876285470858,0.383026280726657,0.244263426018078
"17856",1.33323667342408,2.27166397721714,1.89958716142051,0.37207681579663,0.93842730379306,0.566350487996429
"49856",0.198208353413239,0.482177546497437,0.364909363159068,0.117268183338368,0.283969193084198,0.16670100974583
"107363",3.92053488188946,4.09640668782526,4.04075915329054,0.0556475345347174,0.175871805935796,0.120224271401079
"117795",10,15.4637593336671,10,5.46375933366705,5.46375933366705,0
"119699",10,15.4637593336671,10,5.46375933366705,5.46375933366705,0
"148937",10,15.4637593336671,10,5.46375933366705,5.46375933366705,0
"169482",1.75955010621186,2.42777725460197,2.20741678681736,0.22036046778461,0.668227148390109,0.4478666806055
"175133",10,10.5790808881131,10,0.579080888113147,0.579080888113147,0
"194809",10,9.09008721032647,10,-0.90991278967353,-0.90991278967353,0
"210803",10,15.4637593336671,10,5.46375933366705,5.46375933366705,0
"239740",10,10.5790808881131,10,0.579080888113147,0.579080888113147,0
"241731",10,15.4637593336671,10,5.46375933366705,5.46375933366705,0
"267158",10,15.4637593336671,10,5.46375933366705,5.46375933366705,0
"278541",8.13851280160246,7.24979384894811,7.48080512533523,-0.231011276387123,-0.888718952654351,-0.657707676267228
"283483",10,15.4637593336671,10,5.46375933366705,5.46375933366705,0
"284936",10,15.4637593336671,10,5.46375933366705,5.46375933366705,0
"349696",10,15.4637593336671,10,5.46375933366705,5.46375933366705,0
"357633",10,9.70607038806017,10,-0.293929611939832,-0.293929611939832,0
"360693",10,15.4637593336671,10,5.46375933366705,5.46375933366705,0
"375523",10,15.4637593336671,10,5.46375933366705,5.46375933366705,0
"391837",4.26078189357133,4.11415544351093,4.16153589575043,-0.0473804522395067,-0.146626450060401,-0.0992459978208942
"406617",10,15.4637593336671,10,5.46375933366705,5.46375933366705,0
"408131",10,15.4637593336671,10,5.46375933366705,5.46375933366705,0
"422586",3.50809056597609,4.77428506998165,4.36309188930497,0.411193180676685,1.26619450400556,0.855001323328877
"438397",10,15.4637593336671,10,5.46375933366705,5.46375933366705,0
"451359",10,15.4637593336671,10,5.46375933366705,5.46375933366705,0
"472026",9.29343328818282,5.5968183488368,6.50138979536157,-0.904571446524771,-3.69661493934602,-2.79204349282125
"474818",10,9.70607038806017,10,-0.293929611939832,-0.293929611939832,0
"497064",10,15.4637593336671,10,5.46375933366705,5.46375933366705,0
"540707",4.57299843754834,3.0583960356752,3.50479139729711,-0.446395361621906,-1.51460240187314,-1.06820704025124
"557209",10,11.6256652222415,10,1.62566522224151,1.62566522224151,0
"56090",10,15.4637593336671,10,5.46375933366705,5.46375933366705,0
"56693",10,10.5790808881131,10,0.579080888113147,0.579080888113147,0
"579246",9.23416277564502,5.9158155708656,6.74158994974193,-0.825774378876334,-3.31834720477943,-2.49257282590309
"83889",10,15.4637593336671,10,5.46375933366705,5.46375933366705,0
"95599",10,10.5790808881131,10,0.579080888113147,0.579080888113147,0
"345118",0.961571890636476,3.42430254290462,2.74460932113958,0.679693221765036,2.46273065226814,1.78303743050311
"318533",0.315987178014545,2.33775384111122,1.4573957484947,0.880358092616526,2.02176666309668,1.14140857048015
"332755",0.130089762780725,0.134385599273931,0.132416626374229,0.00196897289970263,0.00429583649320656,0.00232686359350393
"340424",3.86688861731522,3.4048496501401,3.54543666175748,-0.140587011617383,-0.462038967175124,-0.321451955557741
"377141",7.68418403243948,6.73018697960327,6.97028536781339,-0.24009838821012,-0.953997052836213,-0.713898664626093
"476563",0.198029754649282,1.03638433862402,0.660108745639276,0.376275592984745,0.838354583974738,0.462078990989994
"430683",0.0952473327417341,0.472641703459531,0.276840799639324,0.195800903820207,0.377394370717797,0.18159346689759
"301902",2.52962714502406,2.53449755243787,2.53275950240209,0.00173805003577598,0.00487040741380662,0.00313235737803064
"228171",1e-08,0.629442012240632,0.373503576854517,0.255938435386115,0.629442002240632,0.373503566854517
"480652",0.013505697723031,0.27538347220927,0.149334157872164,0.126049314337106,0.261877774486239,0.135828460149133
"239228",2.62297663341858,3.42357297447673,3.11501688203959,0.308556092437135,0.800596341058148,0.492040248621013
"577209",2.75962915662019,2.09704530060131,2.31721856053633,-0.220173259935017,-0.662583856018877,-0.44241059608386
"117866",1.84214188243114,1.75181170090763,1.78579296305839,-0.0339812621507609,-0.0903301815235145,-0.0563489193727535
"318202",1.34650195507431,2.5693207066717,2.06662015013878,0.502700556532912,1.22281875159739,0.720118195064477
"410451",0.369788630170329,0.734278254702233,0.590594273625188,0.143683981077045,0.364489624531904,0.220805643454859
"240564",0.417917257192062,1.1969234391132,0.849623569890987,0.347299869222216,0.779006181921142,0.431706312698925
"255626",3.79869147916585,4.21968955524637,4.0831299972938,0.136559557952572,0.420998076080526,0.284438518127954
"307129",4.03583995281293,3.74409521943854,3.83705805622433,-0.0929628367857878,-0.291744733374383,-0.198781896588595
"450281",0.783242803119549,0.23341743920171,0.454261368941649,-0.220843929739939,-0.549825363917838,-0.328981434177899
"447480",2.36570843755552e-08,0.745363979445263,0.404729999910109,0.340633979535154,0.745363955788179,0.404729976253025
"240540",1.35411996483986,1.2768920688602,1.30992072283751,-0.0330286539773059,-0.0772278959796646,-0.0441992420023587
"63051",1e-08,0.361946197109284,0.192012253239908,0.169933943869376,0.361946187109284,0.192012243239908
"416856",0.260790147418107,1.19927731558227,0.793534883320562,0.405742432261707,0.938487168164162,0.532744735902455
"251805",0.0791271644193673,0.919565238957944,0.604774676641186,0.314790562316758,0.840438074538577,0.525647512221819
"316566",1.13537954755346,1.31818576343536,1.24162754079296,0.0765582226423982,0.182806215881905,0.106247993239507
"432317",1.3684965269912,1.68991029293715,1.57308237195175,0.116827920985396,0.321413765945944,0.204585844960549
"468826",10,3.7475179708314,5.7433561405875,-1.9958381697561,-6.2524820291686,-4.2566438594125
"49152",1e-08,1.38846076143909,0.74589881866542,0.64256194277367,1.38846075143909,0.74589880866542
"151965",1.5021980523997,2.56194636018813,2.11081963671378,0.451126723474348,1.05974830778843,0.608621584314079
"462503",3.53918133229751,4.81567106264777,4.40927977737681,0.406391285270963,1.27648973035026,0.870098445079295
"552603",5.297739075991,2.69923297661425,3.46267512436458,-0.763442147750335,-2.59850609937675,-1.83506395162642
"56270",5.16825779296405,4.26183453679988,4.44588409177932,-0.184049554979447,-0.906423256164172,-0.722373701184725
"15112",1.29898728416267,2.62799862493217,2.07332721316853,0.554671411763645,1.32901134076951,0.774339929005863
"187839",0.607305403238276,0.285604588601674,0.380999444408745,-0.0953948558070705,-0.321700814636602,-0.226305958829531
"461709",4.99178720204815,5.75774960747008,5.58547123995458,0.172278367515499,0.765962405421928,0.593684037906429
"253668",4.27169466596683,5.51330925977008,5.24967403595029,0.26363522381979,1.24161459380324,0.977979369983454
"372391",0.94422267946788,1.57470237357361,1.30223774769289,0.272464625880718,0.630479694105726,0.358015068225007
"490477",0.426116315983779,1.09266263203622,0.813628809499738,0.27903382253648,0.666546316052439,0.387512493515959
"494353",0.240954986128197,1.57484384876151,0.966739701753774,0.60810414700774,1.33388886263332,0.725784715625577
"265844",3.20441989793008,2.06221577775975,2.45389792630323,-0.391682148543483,-1.14220412017033,-0.75052197162685
"180487",2.78209700253564,2.72845808981501,2.74824769769333,-0.0197896078783191,-0.0536389127206296,-0.0338493048423105
"503638",4.73005594123375,4.26334200048735,4.41681686313786,-0.153474862650511,-0.466713940746395,-0.313239078095884
"357648",3.12260497795032,3.53125992855913,3.40974827199774,0.12151165656139,0.408654950608811,0.287143294047421
"359517",2.49082701697993,2.68541930808289,2.61719420896291,0.0682250991199878,0.194592291102959,0.126367191982971
"548174",1e-08,0.458935479271285,0.217475821497292,0.241459657773993,0.458935469271285,0.217475811497292
"111661",10,9.82837640069054,10,-0.171623599309459,-0.171623599309459,0
"334229",1.86119509843617,4.34839785016267,3.36846561551838,0.979932234644294,2.4872027517265,1.50727051708221
"497752",0.877350102059566,2.65781120835456,1.94912284163127,0.708688366723294,1.780461106295,1.0717727395717
"116994",2.58704354085701,3.04057699170895,2.8689904578985,0.171586533810453,0.453533450851946,0.281946917041493
"321056",1.6116119840034,1.48157556616532,1.53103878011473,-0.0494632139494151,-0.130036417838076,-0.0805732038886613
"245048",4.48603459691338,1.52963964963946,2.24412260904018,-0.714482959400718,-2.95639494727392,-2.24191198787321
"303870",0.782114001734679,0.521768354115197,0.615605288995355,-0.0938369348801583,-0.260345647619483,-0.166508712739324
"370209",1e-08,0.664738070207028,0.346131388841553,0.318606681365475,0.664738060207028,0.346131378841553
"515699",0.611310282789745,2.60537773270969,2.14594258927297,0.459435143436716,1.99406744991994,1.53463230648323
"22964",1.79852511059643,2.21319369849181,2.04254295553655,0.170650742955264,0.414668587895385,0.24401784494012
"494994",0.627985231445214,0.831555715026844,0.743911493989032,0.0876442210378119,0.20357048358163,0.115926262543818
"411443",0.823993728930126,1.25797954289468,1.09405891941738,0.163920623477293,0.43398581396455,0.270065190487258
"160709",0.883404069595381,1.57152414769584,1.28645801963542,0.28506612806042,0.688120078100459,0.403053950040039
"420197",1.32858825917156,2.45991386947526,2.00706082823966,0.452853041235595,1.1313256103037,0.678472569068102
"578001",0.685903735135815,4.19481100698265,3.16809573996906,1.0267152670136,3.50890727184684,2.48219200483324
"276110",0.84411473566655,2.08738696869014,1.52536494873669,0.562022019953451,1.24327223302359,0.681250213070138
"49315",3.71323455967761,2.37491645687194,2.86741473882825,-0.492498281956312,-1.33831810280567,-0.845819820849359
"505054",3.09911902270262,4.81181296918175,4.25067540901801,0.56113756016374,1.71269394647914,1.1515563863154
"257822",1e-08,2.0935982107133,1.18760429464668,0.905993916066618,2.0935982007133,1.18760428464668
"257196",3.49979556255476,1.00687091358203,1.7196695846329,-0.71279867105087,-2.49292464897273,-1.78012597792186
"305948",2.06334535624725,3.26595700800322,2.82120132616835,0.444755681834865,1.20261165175597,0.7578559699211
"327140",2.9874267486672,4.35710166131856,3.92604581941212,0.431055841906443,1.36967491265136,0.93861907074492
"195393",0.309462072913391,2.56919439351234,1.56312494230455,1.00606945120779,2.25973232059895,1.25366286939116
"96256",1e-08,2.1899690496256,1.10744008454231,1.08252896508329,2.1899690396256,1.10744007454231
"567304",1.59679635908146,2.0669251168256,1.87686436093037,0.190060755895222,0.470128757744135,0.280068001848914
"300920",4.80761550357141,5.38133635462277,5.25699087516235,0.12434547946042,0.573720851051363,0.449375371590944
"439341",0.124335317233862,0.250994179022001,0.184434896114686,0.0665592829073152,0.12665886178814,0.0600995788808247
"25628",1e-08,0.285373689281673,0.170882014929703,0.11449167435197,0.285373679281673,0.170882004929703
"444769",3.87824461108286,2.45398123996075,2.84600739601447,-0.392026156053726,-1.42426337112211,-1.03223721506839
"408104",0.163712465372847,0.577125929701627,0.398101390298518,0.179024539403109,0.41341346432878,0.234388924925671
"537123",0.450546491595086,3.35142272170846,2.61690227668824,0.734520445020221,2.90087623011337,2.16635578509315
"123767",0.712484357475182,0.634712212178735,0.665437076030346,-0.030724863851611,-0.0777721452964468,-0.0470472814448358
"396095",1.18793381198399e-08,1.53365525850855,0.876408100271315,0.657247158237237,1.53365524662921,0.876408088391977
"471539",0.370002454722605,0.939458514083688,0.706853335877302,0.232605178206386,0.569456059361083,0.336850881154697
"477148",9.42515275622347,3.50182767921308,4.77434866487165,-1.27252098565857,-5.92332507701038,-4.65080409135181
"369674",4.00541305002983,1.95815966613995,2.6800262858834,-0.721866619743447,-2.04725338388987,-1.32538676414643
"477335",0.390343077787938,0.886059705451984,0.694250948982516,0.191808756469468,0.495716627664046,0.303907871194578
"178311",0.0344096298870437,0.179712811830938,0.107885539706767,0.0718272721241712,0.145303181943894,0.0734759098197232
"466997",1.7716371344524,1.41853807784265,1.5408885795666,-0.122350501723946,-0.35309905660975,-0.230748554885804
"89313",1.2233518781118,1.89136801321036,1.6912575668157,0.200110446394664,0.668016135098563,0.467905688703898
"520912",3.71142522725999,7.12178365163051,6.34326059221409,0.778523059416422,3.41035842437052,2.6318353649541
"566549",0.678849837700771,3.04904014595306,2.09793104631331,0.951109099639754,2.37019030825229,1.41908120861254
"273390",3.93223734063811,3.92885739567642,3.92793182659779,0.000925569078631394,-0.00337994496168736,-0.00430551404031876
"504973",2.0711452802049,3.17619369865129,2.77801551685435,0.398178181796936,1.10504841844639,0.706870236649449
"146047",3.31352989058611,5.32018598954019,4.66829750563432,0.651888483905862,2.00665609895408,1.35476761504822
"442494",2.32497076710422,6.04515349243367,4.76821435865046,1.27693913378322,3.72018272532945,2.44324359154623
"6002",2.53788692407573,3.47207873139008,3.11091213169918,0.361166599690904,0.934191807314348,0.573025207623445
"79008",3.15694382465567,7.35915992027215,6.4231667970066,0.93599312326555,4.20221609561647,3.26622297235092
"227591",2.52582813828795,2.97105715413172,2.80485345182163,0.166203702310086,0.445229015843775,0.27902531353369
"474074",9.29205463022305,5.4585267899556,6.39295157326607,-0.934424783310464,-3.83352784026745,-2.89910305695699
"77332",0.720406758688291,1.57005898100158,1.18266225902364,0.387396721977944,0.849652222313293,0.462255500335348
"416427",1.15151174499372,1.42632981053327,1.30886524755556,0.117464562977704,0.27481806553954,0.157353502561836
"95637",2.52228562328269,1.37788251773649,1.81368059323581,-0.435798075499314,-1.1444031055462,-0.708605030046882
"214",0.235594359166107,1.51924941324348,0.937934117365481,0.581315295878003,1.28365505407738,0.702339758199373
"221190",1.13197483043063,2.32416686208671,1.86315956976208,0.461007292324631,1.19219203165608,0.73118473933145
"347497",0.416652457858929,0.152212242011054,0.274212309531751,-0.122000067520697,-0.264440215847875,-0.142440148327178
"526975",1.0398140135151,1.48700160657184,1.30007567793975,0.186925928632093,0.447187593056743,0.26026166442465
"112074",1.57187646056526,2.21804134704469,2.051652147595,0.166389199449691,0.646164886479425,0.479775687029734
"65352",1.18601247497105,0.994735660639205,1.06652740905558,-0.0717917484163771,-0.191276814331844,-0.119485065915467
"66625",0.225600254588744,1.55054805894764,0.969182257386227,0.58136580156141,1.32494780435889,0.743582002797483
"116530",0.817936898462704,1.80555787980026,1.38072877816542,0.424829101634843,0.987620981337554,0.562791879702711
"482241",0.182518445242924,2.09634364548134,1.34811668196466,0.748226963516673,1.91382520023841,1.16559823672174
"393382",10,7.47620680956413,9.11547287970677,-1.63926607014264,-2.52379319043587,-0.88452712029323
"277040",0.390585135263231,0.86323700175099,0.683696725518998,0.179540276231992,0.472651866487758,0.293111590255767
"472691",0.295328843625494,2.01472097789762,1.32223198286465,0.69248899503297,1.71939213427213,1.02690313923916
"537363",5.48585299741134,4.57284484994533,4.76746403392262,-0.194619183977287,-0.913008147466008,-0.718388963488721
"531389",0.117153210557773,0.211105456414167,0.164875647273392,0.0462298091407748,0.0939522458563945,0.0477224367156197
"233536",2.01478135550791,1.83930084608464,1.90912170585195,-0.0698208597673073,-0.175480509423274,-0.105659649655967
"414572",8.44622996486265,5.7404438134977,6.4046083566541,-0.6641645431564,-2.70578615136495,-2.04162160820855
"544124",3.04064513099904,2.63662625585965,2.78418874930459,-0.147562493444941,-0.404018875139394,-0.256456381694453
"242171",0.311158410692474,1.01561143931694,0.720560887907975,0.295050551408962,0.704453028624463,0.409402477215501
"293572",10,7.23591104972996,9.20532316240813,-1.96941211267817,-2.76408895027004,-0.79467683759187
"223744",0.642633595649682,1.12780322212465,0.909137305199038,0.218665916925613,0.485169626474968,0.266503709549356
"436355",3.23315905003438,1.68749120299277,2.20846628730969,-0.520975084316916,-1.5456678470416,-1.02469276272469
"364367",0.733703998929161,1.17303388445293,0.965037043042717,0.207996841410215,0.439329885523771,0.231333044113556
"107067",10,12.8820389823086,10,2.88203898230863,2.88203898230863,0
"119889",2.6472504377053,1.9509305181169,2.1708113808474,-0.219880862730498,-0.696319919588402,-0.476439056857904
"124218",10,6.39165345024662,9.4573409242254,-3.06568747397877,-3.60834654975338,-0.542659075774601
"144318",2.28681540992314,2.6599877893925,2.53402451502248,0.125963274370018,0.373172379469354,0.247209105099336
"186270",10,9.75596200029936,10,-0.244037999700637,-0.244037999700637,0
"208178",10,8.35212746963813,10,-1.64787253036187,-1.64787253036187,0
"233212",10,2.56999085557217,4.47440321869145,-1.90441236311927,-7.43000914442783,-5.52559678130855
"239538",6.48925668944373,1.08779908393617,6.48925668944373,-5.40145760550756,-5.40145760550756,0
"268986",10,9.75596200029936,10,-0.244037999700637,-0.244037999700637,0
"276471",1e-08,1.76991623612037,1.36094819535755,0.408968040762816,1.76991622612037,1.36094818535755
"278751",4.92274457509358,4.37028208889156,4.55074232901171,-0.18046024012015,-0.552462486202014,-0.372002246081864
"306215",10,5.2847887510567,6.56222175158655,-1.27743300052985,-4.7152112489433,-3.43777824841345
"312139",10,12.8820389823086,10,2.88203898230863,2.88203898230863,0
"326820",10,4.33884224364111,5.85638892669155,-1.51754668305044,-5.66115775635889,-4.14361107330845
"411267",10,6.39165345024662,9.4573409242254,-3.06568747397877,-3.60834654975338,-0.542659075774601
"473298",10,6.39165345024662,9.4573409242254,-3.06568747397877,-3.60834654975338,-0.542659075774601
"536270",10,5.66684777666869,8.88490944888807,-3.21806167221939,-4.33315222333131,-1.11509055111193
"561646",9.87340300695849,6.06289101882052,7.01979710422466,-0.956906085404145,-3.81051198813797,-2.85360590273383
"567059",9.85744433209706,5.72823555237612,6.75062099451758,-1.02238544214146,-4.12920877972094,-3.10682333757949
"75195",10,6.01318087485099,9.16240092374876,-3.14922004889777,-3.98681912514901,-0.837599076251244
"86595",10,2.72549191150691,6.17343365548306,-3.44794174397615,-7.27450808849309,-3.82656634451694
"88684",4.48063062521778,4.32810373960345,4.37697464727338,-0.0488709076699232,-0.152526885614327,-0.103655977944404
"97341",5.16426545073034,2.29810629076996,3.05197365332949,-0.75386736255953,-2.86615915996038,-2.11229179740085
"428028",1e-08,1.07729554607014,0.52347539522431,0.55382015084583,1.07729553607014,0.52347538522431
"123209",1.11645649544762,4.40912253721836,3.06322106399754,1.34590147322082,3.29266604177074,1.94676456854992
"139847",1.01899998780416,3.41925960249899,2.53326005514893,0.885999547350062,2.40025961469483,1.51426006734477
"147586",3.53725888101669,4.59788084576352,4.24367819627058,0.354202649492935,1.06062196474683,0.706419315253892
"179565",3.24484649915287,4.31815863734833,3.97110297886459,0.347055658483744,1.07331213819547,0.726256479711724
"192040",2.90931460359393,5.09569819752714,4.36035999025523,0.735338207271908,2.18638359393321,1.4510453866613
"193764",10,17.3975755812439,10,7.39757558124389,7.39757558124389,0
"228599",7.07086399547981,7.88389875087153,7.66765891275975,0.21623983811178,0.813034755391721,0.596794917279941
"230748",8.27163010174957,6.01887802072686,6.58397031281422,-0.565092292087361,-2.2527520810227,-1.68765978893534
"235015",7.64142839246956,6.96862740475936,7.14289040650292,-0.174263001743556,-0.672800987710198,-0.498537985966641
"281222",10,8.4550886561816,10,-1.5449113438184,-1.5449113438184,0
"290948",7.07086399547981,7.88389875087153,7.66765891275975,0.21623983811178,0.813034755391721,0.596794917279941
"345116",10,17.3975755812439,10,7.39757558124389,7.39757558124389,0
"379509",3.12454010098068,4.80311617498758,4.24631157664225,0.556804598345327,1.6785760740069,1.12177147566157
"38230",10,17.3975755812439,10,7.39757558124389,7.39757558124389,0
"398446",10,13.0890886473731,10,3.0890886473731,3.0890886473731,0
"402902",0.185407926330804,1.35840665173923,0.971134769760414,0.387271881978813,1.17299872540842,0.78572684342961
"445097",3.08593154123159,4.18285249661269,3.83499757287611,0.34785492373658,1.0969209553811,0.749066031644523
"461783",3.17354478069232,4.30068922067644,3.93958793467098,0.361101286005462,1.12714443998412,0.76604315397866
"468118",10,17.3975755812439,10,7.39757558124389,7.39757558124389,0
"469396",2.76685530944019,5.40824427341088,4.50676246930092,0.901481804109958,2.64138896397068,1.73990715986073
"536149",10,17.3975755812439,10,7.39757558124389,7.39757558124389,0
"540708",2.95152444471981,4.63559695797817,4.08721960765263,0.548377350325534,1.68407251325835,1.13569516293282
"542183",8.41521358140994,5.45717361247873,6.18391735141295,-0.726743738934224,-2.95803996893121,-2.23129622999699
"546332",10,10.801289129897,10,0.801289129896965,0.801289129896965,0
"550443",10,17.3975755812439,10,7.39757558124389,7.39757558124389,0
"577301",10,8.61021181931453,10,-1.38978818068547,-1.38978818068547,0
"79918",10,17.3975755812439,10,7.39757558124389,7.39757558124389,0
"86141",2.50301028935857,6.10582798417105,4.84583558033136,1.25999240383969,3.60281769481248,2.34282529097279
"511022",1.79452664886554,1.82469769072107,1.81309864871365,0.0115990420074157,0.0301710418555245,0.0185719998481089
"271869",0.110883781206702,0.760844636727509,0.443287009307788,0.317557627419721,0.649960855520806,0.332403228101085
"457271",0.123378274501451,1.26862439813558,0.811121071765691,0.457503326369889,1.14524612363413,0.687742797264239
"9753",0.0990379961733091,0.672828906105887,0.429298639037207,0.24353026706868,0.573790909932578,0.330260642863898
"105252",9.85166733782663,5.35631912191974,6.44756149653744,-1.0912423746177,-4.49534821590689,-3.40410584128919
"12931",10,9.12908792224627,10,-0.870912077753735,-0.870912077753735,0
"135433",10,14.399841862605,10,4.39984186260501,4.39984186260501,0
"174797",10,14.399841862605,10,4.39984186260501,4.39984186260501,0
"205675",10,14.399841862605,10,4.39984186260501,4.39984186260501,0
"220574",3.95501306100577,4.60832799567026,4.39805674447677,0.210271251193488,0.653314934664491,0.443043683471003
"237069",10,8.57709527643973,10,-1.42290472356027,-1.42290472356027,0
"250977",10,7.35284529792005,10,-2.64715470207995,-2.64715470207995,0
"258436",10,14.399841862605,10,4.39984186260501,4.39984186260501,0
"275916",10,8.57709527643973,10,-1.42290472356027,-1.42290472356027,0
"300086",1e-08,2.22903612676467,1.51405053937127,0.714985587393397,2.22903611676467,1.51405052937127
"357398",10,4.15557080794489,5.57244349490622,-1.41687268696133,-5.84442919205511,-4.42755650509378
"366001",10,14.399841862605,10,4.39984186260501,4.39984186260501,0
"397728",10,14.399841862605,10,4.39984186260501,4.39984186260501,0
"404886",10,8.46107569967748,10,-1.53892430032252,-1.53892430032252,0
"410666",9.11748147499969,6.51754400847061,7.17907480142639,-0.661530792955777,-2.59993746652908,-1.93840667357331
"417180",10,14.399841862605,10,4.39984186260501,4.39984186260501,0
"465890",10,9.12908792224627,10,-0.870912077753735,-0.870912077753735,0
"478084",4.18062769160552,4.1466706691435,4.156947360948,-0.0102766918045001,-0.0339570224620198,-0.0236803306575197
"494161",1.39152009136081,3.61122228309657,2.82719577191979,0.78402651117678,2.21970219173575,1.43567568055897
"524628",10,14.399841862605,10,4.39984186260501,4.39984186260501,0
"205160",3.35709894744403,2.16670693833155,2.58626570389579,-0.419558765564243,-1.19039200911248,-0.77083324354824
"71588",0.30853286903784,0.790163529556729,0.577914645776406,0.212248883780323,0.481630660518889,0.269381776738566
"223316",0.0559957911080155,0.445046788839172,0.251784458124849,0.193262330714323,0.389050997731156,0.195788667016834
"169480",1e-08,0.198035710496808,0.108261903347228,0.0897738071495795,0.198035700496808,0.108261893347228
"476153",0.0534891115740478,0.225642131543525,0.150100748898119,0.0755413826454061,0.172153019969477,0.096611637324071
"442585",0.522099188669435,0.670093020632858,0.616877816269115,0.0532152043637431,0.147993831963424,0.0947786275996808
"111016",0.0910866554785122,1.02043952490705,0.562291000576555,0.458148524330496,0.929352869428539,0.471204345098043
"64097",1.18793381198399e-08,1.21977364748275,0.691840901807841,0.52793274567491,1.21977363560341,0.691840889928503
"163909",3.20609754689081,2.68073582563251,2.87638100127238,-0.195645175639875,-0.525361721258297,-0.329716545618422
"141409",0.0690130678573429,0.259308003431857,0.172959328384103,0.0863486750477543,0.190294935574514,0.10394626052676
"288483",2.98533712940164,2.71455674186408,2.81416834790164,-0.0996116060375591,-0.270780387537555,-0.171168781499996
"524250",0.74124345127609,1.65429733141741,1.27181944288634,0.382477888531071,0.913053880141325,0.530575991610254
"205141",0.649336988144788,1.81139855121939,1.30960164625076,0.50179690496863,1.1620615630746,0.660264658105974
"368762",0.843056183139359,1.24072095072014,1.09163246809956,0.149088482620575,0.397664767580781,0.248576284960206
"298422",1.71378840679984,0.818800233121158,1.1609785302441,-0.342178297122942,-0.894988173678683,-0.552809876555742
"132596",0.689432801597369,1.56471287043032,1.17124115094139,0.393471719488925,0.87528006883295,0.481808349344025
"254035",1e-08,0.58543549600411,0.278932708767141,0.306502787236969,0.58543548600411,0.278932698767141
"353239",1.18793381198399e-08,2.72507121193409,1.5303712549329,1.19469995700119,2.72507120005476,1.53037124305356
"483983",1e-08,0.23602139807854,0.124449187674137,0.111572210404404,0.23602138807854,0.124449177674137
"492350",5.14939313687437,3.5962406274857,3.8891122041621,-0.292871576676403,-1.55315250938868,-1.26028093271227
"29542",1.4734175328062,1.24237417047468,1.34031580398354,-0.0979416335088628,-0.231043362331521,-0.133101728822658
"34764",5.1400623295774,3.17470547460323,3.78535483958376,-0.610649364980529,-1.96535685497417,-1.35470748999364
"316196",0.296456515739709,0.311506321997956,0.304410096002559,0.00709622599539728,0.015049806258247,0.0079535802628497
"26770",0.336184617131371,1.32805641405619,0.886451718332305,0.441604695723888,0.991871796924822,0.550267101200934
"328703",0.504767614926516,1.77141368019984,1.24716644532719,0.524247234872649,1.26664606527332,0.742398830400674
"515030",0.0750135960459891,0.180703631544836,0.12849610228472,0.0522075292601166,0.105690035498847,0.0534825062387306
"549434",0.110239489432837,0.273302200743976,0.196951092794124,0.0763511079498525,0.163062711311139,0.0867116033612866
"224397",4.05565223146583,5.38129913484217,4.92905800538825,0.452241129453917,1.32564690337633,0.873405773922418
"22781",7.94440095987105,6.69178079080707,7.01426136578133,-0.322480574974258,-1.25262016906398,-0.930139594089726
"303557",10,8.25118731243037,9.85093197604688,-1.59974466361651,-1.74881268756963,-0.149068023953117
"369558",8.44007547818794,6.39318174624476,6.90905568551946,-0.515873939274699,-2.04689373194318,-1.53101979266848
"418936",10,8.25118731243037,9.85093197604688,-1.59974466361651,-1.74881268756963,-0.149068023953117
"493087",5.06139509598792,4.04933548065194,4.37472630869339,-0.325390828041444,-1.01205961533598,-0.686668787294537
"548425",7.83655340055902,7.03424871604847,7.24138746997149,-0.207138753923025,-0.80230468451055,-0.595165930587525
"95063",10,8.25118731243037,9.85093197604688,-1.59974466361651,-1.74881268756963,-0.149068023953117
"354957",0.440802179276224,1.23051896181085,0.904570764406784,0.325948197404067,0.789716782534627,0.46376858513056
"20141",9.33668084272199,5.69208346533095,6.57895945635405,-0.886875991023095,-3.64459737739104,-2.75772138636794
"420103",3.16425819193706,2.48770739465313,2.73060215255038,-0.242894757897248,-0.67655079728393,-0.433656039386682
"99249",1e-08,0.609436085737969,0.300546122352844,0.308889963385125,0.609436075737969,0.300546112352844
"220806",0.166208213557725,0.74542564555665,0.487483222873849,0.257942422682801,0.579217431998925,0.321275009316125
"526777",4.20618748366852,1.85722394942657,2.68290755585601,-0.825683606429442,-2.34896353424195,-1.52327992781251
"259673",0.546375961394785,1.19128084704696,0.901730231648507,0.289550615398456,0.644904885652177,0.355354270253721
"530169",4.95074167182672,5.53888626671234,5.4080763618638,0.130809904848548,0.58814459488562,0.457334690037071
"500155",0.334729752510834,0.410143604777017,0.379325454931937,0.0308181498450803,0.0754138522661831,0.0445957024211028
"34740",0.220234336098368,0.326182007625861,0.272739011528388,0.0534429960974736,0.105947671527494,0.05250467543002
"456593",1e-08,1.21199200999952,0.573879850317858,0.638112159681659,1.21199199999952,0.573879840317858
"389491",1.18793381198399e-08,3.50360967167863,2.67550655565154,0.828103116027084,3.50360965979929,2.6755065437722
"497129",1.15022870097986,1.36761746701457,1.27682657335007,0.0907908936644994,0.217388766034708,0.126597872370209
"187619",0.0579382621601951,0.788809460480975,0.461602131568938,0.327207328912037,0.73087119832078,0.403663869408742
"197861",0.674579463169009,2.08825644916464,1.43623787633659,0.65201857282805,1.41367698599564,0.761658413167585
"242225",0.301867142287802,0.839861923950004,0.64823344537055,0.191628478579453,0.537994781662202,0.346366303082749
"300007",0.425757575486973,0.347343680876969,0.379182949029258,-0.0318392681522899,-0.0784138946100044,-0.0465746264577145
"186394",1.18793381198399e-08,0.747999302696109,0.430059060838012,0.317940241858097,0.747999290816771,0.430059048958674
"296751",3.91801256446091,3.79258819385762,3.83113905844764,-0.0385508645900186,-0.125424370603294,-0.086873506013275
"352486",1.39951269926576,2.46589433438393,2.02298211271946,0.442912221664474,1.06638163511817,0.623469413453693
"52869",3.21981055667443,1.88669120076137,2.32561500654673,-0.438923805785361,-1.33311935591306,-0.894195550127703
"301690",1.51495916475352,0.653712595454506,0.949407343094049,-0.295694747639543,-0.861246569299015,-0.565551821659472
"525295",4.39061805870158,6.4886312050507,6.00901791925123,0.479613285799466,2.09801314634912,1.61839986054966
"129763",2.62465352383036,1.33586128355556,1.82972003642938,-0.493858752873819,-1.2887922402748,-0.79493348740098
"3697",1.17847661875934,1.47730629240326,1.34968373360027,0.127622558802994,0.298829673643927,0.171207114840933
"131683",0.192154087296452,0.698785040328795,0.453494429109513,0.245290611219282,0.506630953032343,0.261340341813061
"71459",0.0529537603077002,1.05549398821422,0.607876655796109,0.447617332418108,1.00254022790652,0.554922895488408
"8180",0.61084324157868,0.838992965639216,0.743185812655616,0.0958071529836002,0.228149724060536,0.132342571076936
"213047",0.299471160387966,1.16795353044818,0.795914658760099,0.372038871688083,0.868482370060216,0.496443498372133
"478601",1.05151043800169,0.113509881764531,1.05151043800169,-0.938000556237159,-0.938000556237159,0
"42123",4.53577295351007,4.30366507484344,4.37967627949845,-0.0760112046550105,-0.232107878666623,-0.156096674011613
"447836",7.93495375679172,5.70704598329719,6.25920271040315,-0.55215672710596,-2.22790777349453,-1.67575104638857
"296814",0.879142251608939,1.57174743308294,1.28364277489255,0.288104658190387,0.692605181473998,0.404500523283611
"218280",0.423967721955927,0.42182535970283,0.422777192114549,-0.000951832411718867,-0.00214236225309705,-0.00119052984137819
"558022",1.16159912080773,1.23775515520813,1.20634024139951,0.0314149138086208,0.0761560344003933,0.0447411205917725
"74353",1.01998198125619,2.72388928221901,2.20352889100506,0.520360391213952,1.70390730096281,1.18354690974886
"121293",3.46720495674766,2.05944228329036,2.54792820417721,-0.488485920886851,-1.4077626734573,-0.91927675257045
"85267",1.17074267213444,2.66065774518583,2.19757736033637,0.463080384849463,1.4899150730514,1.02683468820193
"85328",0.0996108957235866,0.472316470490046,0.27734031309545,0.194976157394596,0.37270557476646,0.177729417371864
"455595",1.25391070564545,2.47682260423417,1.97818365681729,0.49863894741688,1.22291189858873,0.724272951171848
"568431",1.57460915843874,2.05063245544526,1.86289333513863,0.187739120306625,0.476023297006518,0.288284176699892
"307245",3.10659072662054,1.10738603032187,1.86107584378735,-0.753689813465482,-1.99920469629867,-1.24551488283319
"500431",5.08170241438176,4.95022661519746,4.97939708345631,-0.0291704682588572,-0.131475799184305,-0.102305330925448
"146676",0.451357202299027,0.451185876729088,0.451188286822517,-2.41009342866194e-06,-0.000171325569938596,-0.000168915476509934
"504951",1e-08,0.631246103181797,0.307606756996956,0.323639346184841,0.631246093181797,0.307606746996956
"69694",0.338640672774426,0.353966246231865,0.347898274938586,0.00606797129327857,0.0153255734574389,0.00925760216416033
"79634",1e-08,0.468070563418294,0.204867920702621,0.263202642715673,0.468070553418294,0.204867910702621
"501375",1.99168064969642,1.8182272565342,1.88737878112609,-0.0691515245918928,-0.17345339316222,-0.104301868570327
"406368",0.0893629126325003,0.269330318561935,0.183987018518725,0.0853433000432102,0.179967405929435,0.0946241058862247
"264630",0.0551016127348251,0.104838125529956,0.0823246663631007,0.0225134591668549,0.0497365127951305,0.0272230536282756
"471697",0.635805235438079,4.70551406270845,3.47328267992132,1.23223138278714,4.06970882727037,2.83747744448324
"515302",0.758958727441733,1.14022283239098,0.958365672956227,0.18185715943475,0.381264104949244,0.199406945514494
"275947",0.25394897719049,2.15154453966226,1.35068754527962,0.80085699438264,1.89759556247177,1.09673856808913
"201676",0.537723991116038,0.933079791380044,0.816920601715153,0.116159189664891,0.395355800264006,0.279196610599115
"61215",4.55114281159432,4.57856907985454,4.58695735258869,-0.00838827273415532,0.0274262682602213,0.0358145409943766
"240993",4.54145444830752,3.44377132377163,3.7924274347774,-0.34865611100577,-1.09768312453588,-0.749027013530113
"158045",0.268199648903014,2.20850274430976,1.38810811511877,0.820394629190994,1.94030309540675,1.11990846621575
"566228",0.487499281493095,2.34053838879047,1.51356669980147,0.826971688989002,1.85303910729737,1.02606741830837
"276325",2.98946194837125,4.55077315315939,4.0470171614416,0.503755991717783,1.56131120478814,1.05755521307036
"17369",1.11653980476728,2.14105659882674,1.75614695854285,0.384909640283889,1.02451679405945,0.639607153775565
"347392",0.384707235970253,0.48623131100108,0.444010329545913,0.0422209814551667,0.101524075030827,0.0593030935756602
"265042",8.8421345389376,5.9941635700443,6.71188118732728,-0.717717617282981,-2.8479709688933,-2.13025335161032
"40318",10,4.2852873825469,5.91792683708268,-1.63263945453577,-5.7147126174531,-4.08207316291732
"430670",1e-08,1.04757948519527,0.517530236262208,0.530049248933057,1.04757947519527,0.517530226262208
"302326",1e-08,1.03215489889224,0.534252760539664,0.497902138352581,1.03215488889224,0.534252750539664
"575196",1.11258595340638,1.18754090966896,1.15828768128217,0.0292532283867917,0.0749549562625791,0.0457017278757874
"321638",0.401914702563099,0.655748732453095,0.570252431082916,0.0854963013701792,0.253834029889996,0.168337728519817
"458698",0.912559874649765,0.709730762124225,0.795746221764532,-0.0860154596403071,-0.20282911252554,-0.116813652885233
"258970",1e-08,0.462912123559882,0.21317764565565,0.249734477904232,0.462912113559882,0.21317763565565
"356615",0.842718868379747,1.43447726277445,1.18093734954764,0.253539913226814,0.591758394394705,0.338218481167891
"253568",1.78702880475522,2.29742227344846,2.08152480279744,0.215897470651024,0.510393468693245,0.294495998042221
"93752",2.38818923698344,3.40453511280432,3.02144693963375,0.383088173170571,1.01634587582088,0.633257702650314
"297437",2.94415596282062,1.10468238864846,1.79185656642944,-0.687174177780981,-1.83947357417216,-1.15229939639118
"400921",5.74990727404683,5.29524144532277,5.3997867553901,-0.104545310067323,-0.454665828724062,-0.350120518656739
"56384",1.43082517205559,1.91811172753382,1.73092565843636,0.187186069097464,0.487286555478231,0.300100486380767
"250300",0.847184183925791,3.92279142754991,2.7931968421417,1.12959458540821,3.07560724362412,1.9460126582159
"243338",1.4496123337178,2.00154035654018,1.7915479622492,0.209992394290972,0.551928022822378,0.341935628531405
"462422",2.500360446087,1.38249469535935,1.81065470795193,-0.428160012592588,-1.11786575072765,-0.689705738135063
"450815",0.957188251134859,1.57966925250403,1.3109522211196,0.268717031384436,0.622481001369174,0.353763969984738
"557005",0.215313657269758,0.538903372992932,0.397145985035378,0.141757387957553,0.323589715723173,0.18183232776562
"28001",0.446379109269985,0.998286377537165,0.764511684183527,0.233774693353638,0.55190726826718,0.318132574913542
"113529",4.07725308718868,3.69746698571526,3.81702494246796,-0.119557956752706,-0.379786101473423,-0.260228144720717
"142521",1e-08,0.306081053747187,0.146134850055878,0.159946203691309,0.306081043747187,0.146134840055878
"442404",4.62483712231659,3.7116691945905,4.00635055427537,-0.294681359684873,-0.913167927726092,-0.618486568041219
"336341",1.39481129202345,3.01454921615109,2.31425888150009,0.700290334651,1.61973792412764,0.919447589476637
"150496",1.34260646230104,1.58556222643889,1.47870508800099,0.106857138437901,0.242955764137847,0.136098625699946
"106460",1.08179207355382,2.22684088600808,1.94755064154258,0.279290244465505,1.14504881245426,0.865758567988753
"319797",1e-08,1.54447039112591,0.912724566103186,0.631745825022727,1.54447038112591,0.912724556103186
"177546",1.42668357044497,0.262442475942134,1.42668357044497,-1.16424109450284,-1.16424109450284,0
"487678",1.52565422401719,0.869995177806993,1.1200577940462,-0.250062616239205,-0.655659046210194,-0.40559642997099
"443619",0.0231675686657843,0.387367735319243,0.21493682987946,0.172430905439783,0.364200166653459,0.191769261213675
"38851",1.28974536442613,2.55458835931732,2.02405373854283,0.530534620774496,1.26484299489119,0.734308374116695
"426973",3.73269008375931,7.25213206854753,6.44078598148125,0.811346087066279,3.51944198478822,2.70809589772194
"38395",2.1714536559776,1.31257194366674,1.623458721344,-0.310886777677259,-0.858881712310863,-0.547994934633603
"243193",0.0717721041494008,0.661948099112612,0.33747100361237,0.324477095500242,0.590175994963211,0.265698899462969
"126635",0.42974128440991,1.18838322603413,0.845058074805439,0.343325151228688,0.758641941624218,0.41531679039553
"6227",3.5938070344882,1.63956092401241,2.27911992627774,-0.639559002265333,-1.95424611047579,-1.31468710821046
"480869",2.16385521673542,1.45429195674624,1.71646253092338,-0.26217057417714,-0.709563259989182,-0.447392685812042
"21187",5.7174440416028,3.4526585663774,4.16930632189052,-0.71664775551312,-2.2647854752254,-1.54813771971228
"421074",10,8.57630580927012,10,-1.42369419072988,-1.42369419072988,0
"432220",2.47268004142694,3.78664726806618,3.27196855208157,0.514678715984612,1.31396722663924,0.799288510654628
"53912",1.58665588767588,2.25089858528806,1.98199215941756,0.268906425870499,0.66424269761218,0.395336271741681
"133963",10,8.9468716050567,10,-1.0531283949433,-1.0531283949433,0
"452084",10,5.03169641850389,6.327822256953,-1.29612583844911,-4.96830358149611,-3.672177743047
"548122",1.43407596126477,1.94868458936941,1.75235686875715,0.19632772061226,0.514608628104645,0.318280907492385
"77834",5.47634636127021,3.54312278170176,4.15828270347405,-0.615159921772283,-1.93322357956845,-1.31806365779616
"91459",3.71543216906315,2.14045661537845,2.70011492030685,-0.559658304928393,-1.57497555368469,-1.0153172487563
"455167",0.279768384720682,0.3333594614971,0.305465652518118,0.0278938089789819,0.0535910767764181,0.0256972677974361
"450260",10,8.34314027418595,10,-1.65685972581405,-1.65685972581405,0
"129294",0.0630846517127562,1.14288975802794,0.733320141648301,0.409569616379643,1.07980510631519,0.670235489935544
"334882",1e-08,0.64760040127012,0.318912523909881,0.328687877360239,0.64760039127012,0.318912513909881
"77698",1e-08,0.943801558861945,0.375077449255265,0.56872410960668,0.943801548861945,0.375077439255265
"292782",0.267116540540031,0.993389711957806,0.604979420478923,0.388410291478883,0.726273171417775,0.337862879938892
"320475",1e-08,0.722117345707482,0.386468439645977,0.335648906061505,0.722117335707482,0.386468429645977
"405732",0.0859601461648953,0.262368193969943,0.173733779204355,0.0886344147655876,0.176408047805048,0.0877736330394601
"489664",0.679085653716569,1.2816095543671,0.992656244592794,0.288953309774308,0.602523900650534,0.313570590876226
"381981",1.59632934868418,1.84994555932616,1.75428831307906,0.0956572462470968,0.253616210641978,0.157958964394881
"268602",1.08600503831564,3.09106675078537,2.36632224852222,0.724744502263156,2.00506171246973,1.28031721020657
"124516",0.0600547403757585,0.0817197971258297,0.0715613622694509,0.0101584348563788,0.0216650567500712,0.0115066218936924
"418189",0.0856462045328423,0.340647505416601,0.246280758367028,0.0943667470495726,0.255001300883759,0.160634553834186
"474680",0.528639084625851,1.57043259502756,1.16271727889387,0.407715316133688,1.04179351040171,0.634078194268022
"184730",0.0031876447044117,0.127159944236164,0.0700933529229067,0.0570665913132571,0.123972299531752,0.066905708218495
"196675",3.58554806376476,1.8742656768126,2.46086164714571,-0.586595970333109,-1.71128238695216,-1.12468641661905
"280767",3.17237881890469,8.80810772976391,7.41330446657235,1.39480326319156,5.63572891085922,4.24092564766766
"539137",2.2578359461971,3.8099178931564,3.20899606192541,0.600921831230987,1.55208194695929,0.951160115728308
"190597",0.0212992685439726,1.31928383875073,0.783047726062629,0.536236112688105,1.29798457020676,0.761748457518656
"540830",0.589701600771586,0.396491338755051,0.478312870198294,-0.0818215314432432,-0.193210262016535,-0.111388730573292
"95220",0.0413143593004949,0.0647684873964432,0.0539490948612472,0.010819392535196,0.0234541280959482,0.0126347355607522
"444354",2.42756736942309,1.36719619631848,1.77366255243397,-0.406466356115491,-1.06037117310461,-0.653904816989116
"318200",1.34234278417268,4.44326721403488,3.24504969264548,1.1982175213894,3.1009244298622,1.9027069084728
"321571",2.71839096258334,3.32732579938959,3.09309920910849,0.234226590281098,0.608934836806254,0.374708246525156
"387859",0.689647461699649,1.24653852589998,1.03542602141937,0.211112504480618,0.556891064200336,0.345778559719718
"570549",1e-08,1.17006981909543,0.615078682369762,0.554991136725667,1.17006980909543,0.615078672369762
"9149",0.673540451160244,1.90970622401119,1.37088190779394,0.538824316217253,1.23616577285095,0.697341456633693
"218554",0.0960524255298443,0.255360497272062,0.180641791194581,0.0747187060774807,0.159308071742218,0.084589365664737
"301053",10,1.15470705321271,10,-8.84529294678729,-8.84529294678729,0
"308311",0.531370016801571,0.518297238318729,0.52450125539797,-0.00620401707924123,-0.0130727784828426,-0.00686876140360138
"278011",0.0270478633717192,0.92151585606643,0.487103093001142,0.434412763065288,0.89446799269471,0.460055229629423
"59463",0.645132491401495,0.659652990352232,0.654117191792379,0.00553579855985309,0.014520498950737,0.00898470039088395
"55588",1e-08,0.393660133364045,0.183524703426365,0.21013542993768,0.393660123364045,0.183524693426365
"410729",5.63645029993165,2.94334853463328,3.74680230765568,-0.8034537730224,-2.69310176529838,-1.88964799227598
"211309",0.806921918381657,1.12688622847831,1.01353589413478,0.113350334343527,0.319964310096648,0.206613975753121
"576691",0.0473859639140805,0.492949987980872,0.277803528620608,0.215146459360263,0.445564024066791,0.230417564706528
"495169",0.498221536429981,0.654565322430643,0.598784305800655,0.0557810166299881,0.156343786000662,0.100562769370674
"116996",1e-08,0.651022347206007,0.293844297650857,0.357178049555149,0.651022337206007,0.293844287650857
"446456",5.06761951709213,4.13831800106253,4.44631239863397,-0.307994397571439,-0.929301516029603,-0.621307118458164
"488867",2.95539805831306,6.11343318582515,5.01273589843948,1.10069728738567,3.15803512751209,2.05733784012642
"138085",2.31204473376813,3.02500141054396,2.76439004065117,0.260611369892796,0.712956676775834,0.452345306883038
"471212",8.5323200884504,6.1757596945357,6.77393505319324,-0.598175358657544,-2.3565603939147,-1.75838503525716
"476765",2.25652606015257,1.4582259885156,1.76016112341809,-0.301935134902494,-0.79830007163697,-0.496364936734476
"69788",3.17920888575863,4.56910863877271,4.12403988291189,0.445068755860816,1.38989975301407,0.944830997153259
"101181",4.49414269916712,4.65433340200673,4.60007866755009,0.0542547344566433,0.160190702839614,0.105935968382971
"263321",7.54746902031388,7.4208298752653,7.45345337280564,-0.0326234975403423,-0.126639145048581,-0.0940156475082388
"92693",1.00848167575106,3.0301425511504,2.17131224020517,0.858830310945228,2.02166087539934,1.16283056445411
"332726",1.58159923281232,0.809421993617199,1.10424878603673,-0.29482679241953,-0.772177239195118,-0.477350446775588
"93955",1.18793381198399e-08,1.15655187476343,0.634843867140575,0.52170800762285,1.15655186288409,0.634843855261237
"61996",1.73574613654857,1.65061712324747,1.68198059637589,-0.0313634731284187,-0.085129013301096,-0.0537655401726773
"482280",0.175675808173263,0.842539783491097,0.550425029174121,0.292114754316976,0.666863975317834,0.374749221000857
"362167",1e-08,4.95224709995079,3.60025136221334,1.35199573773744,4.95224708995079,3.60025135221334
"579192",3.01325883666977,2.5528384786261,2.72126535582732,-0.168426877201219,-0.460420358043672,-0.291993480842452
"41567",3.61722824946164,1.62914298612024,2.28773036425736,-0.658587378137111,-1.98808526334139,-1.32949788520428
"83254",3.09111584529331,4.9790358051581,4.35684317885909,0.622192626299015,1.88791995986479,1.26572733356578
"522768",1.20583146377314,1.54526040350374,1.39529083641894,0.149969567084808,0.339428939730604,0.189459372645796
"484778",3.58273450470822,2.26501072951032,2.73795243474221,-0.472941705231889,-1.3177237751979,-0.844782069966015
"58748",0.612999886344402,1.04476699783308,0.849189338225113,0.195577659607966,0.431767111488677,0.236189451880711
"141285",0.128594082935352,0.286472589446733,0.210866317178743,0.0756062722679902,0.157878506511381,0.0822722342433913
"131525",1.653010816948,1.54463360608429,1.58293603372665,-0.0383024276423558,-0.108377210863713,-0.0700747832213569
"482183",0.8831521389002,1.56713816774468,1.27624538903153,0.290892778713151,0.683986028844485,0.393093250131335
"442514",2.06321309031326,3.79400030393932,3.09413664186057,0.699863662078752,1.73078721362606,1.03092355154731
"453814",0.813810138037743,3.14251605256204,2.19116103410058,0.951355018461466,2.3287059145243,1.37735089606283
"574033",2.80724672000381,6.63020464226394,5.26475772607734,1.36544691618659,3.82295792226012,2.45751100607353
"346150",0.199577758991724,0.268864078872584,0.244461807412518,0.024402271460065,0.0692863198808591,0.0448840484207941
"131283",0.534474199947317,1.90811524783244,1.32145136125475,0.586663886577687,1.37364104788512,0.786977161307435
"542892",0.104998055751084,0.358456482069455,0.231267566374209,0.127188915695246,0.25345842631837,0.126269510623125
"455360",0.212605684174147,0.614269934807767,0.438135714856116,0.176134219951651,0.401664250633619,0.225530030681968
"366638",2.0322194221742,2.68489787409375,2.44963477977994,0.235263094313805,0.652678451919544,0.417415357605739
"357623",1.42628810138801,0.355325125066377,0.769556925828638,-0.414231800762262,-1.07096297632163,-0.65673117555937
"37991",0.6963916913211,0.609660798758846,0.642162863851606,-0.03250206509276,-0.0867308925622541,-0.0542288274694941
"325147",5.55525184670592,3.51765350475665,4.16474139440513,-0.647087889648485,-2.03759834194927,-1.39051045230079
"300430",2.81388138057688,0.723765165715548,1.39077061893228,-0.667005453216731,-2.09011621486133,-1.4231107616446
"461782",1.39063825669689,1.17580238496454,1.26578607813372,-0.0899836931691753,-0.214835871732348,-0.124852178563173
"178143",4.07070627817189,5.26260701080129,4.85908953327162,0.403517477529673,1.1919007326294,0.788383255099729
"76752",4.77943249055532,7.53136886664605,6.84762327858653,0.683745588059518,2.75193637609073,2.06819078803121
"83594",1.5449371786539,2.57941935193681,2.14409885059767,0.43532050133914,1.03448217328291,0.599161671943766
"376206",5.87708833659576,5.09179575190271,5.27138541294354,-0.179589661040833,-0.785292584693053,-0.60570292365222
"138511",0.141737896183327,1.42858044027327,0.83326548448262,0.595314955790652,1.28684254408994,0.691527588299292
"45427",1e-08,0.415488177981766,0.206110102318665,0.209378075663101,0.415488167981766,0.206110092318665
"102656",10,17.4813306652401,10,7.48133066524012,7.48133066524012,0
"106953",10,13.1485755882069,10,3.14857558820691,3.14857558820691,0
"113195",7.98761370174197,6.89144612508654,7.17132032558477,-0.279874200498238,-1.09616757665543,-0.816293376157193
"130330",10,17.4813306652401,10,7.48133066524012,7.48133066524012,0
"143037",10,17.4813306652401,10,7.48133066524012,7.48133066524012,0
"147641",10,17.4813306652401,10,7.48133066524012,7.48133066524012,0
"158619",10,17.4813306652401,10,7.48133066524012,7.48133066524012,0
"161865",10,7.89531941897807,10,-2.10468058102193,-2.10468058102193,0
"172791",8.73015880996222,5.18697408844026,6.02829399164744,-0.841319903207173,-3.54318472152195,-2.70186481831478
"177081",3.13529580503579,4.33851412395442,3.96849307269061,0.37002105126381,1.20321831891863,0.833197267654816
"18903",10,17.4813306652401,10,7.48133066524012,7.48133066524012,0
"199390",10,17.4813306652401,10,7.48133066524012,7.48133066524012,0
"203506",10,17.4813306652401,10,7.48133066524012,7.48133066524012,0
"211440",10,17.4813306652401,10,7.48133066524012,7.48133066524012,0
"212305",10,17.4813306652401,10,7.48133066524012,7.48133066524012,0
"215232",10,17.4813306652401,10,7.48133066524012,7.48133066524012,0
"226343",10,17.4813306652401,10,7.48133066524012,7.48133066524012,0
"229849",10,17.4813306652401,10,7.48133066524012,7.48133066524012,0
"229984",10,11.9426125700824,10,1.94261257008244,1.94261257008244,0
"230842",10,17.4813306652401,10,7.48133066524012,7.48133066524012,0
"233532",10,9.1563280253984,10,-0.843671974601596,-0.843671974601596,0
"237904",10,17.4813306652401,10,7.48133066524012,7.48133066524012,0
"265244",10,17.4813306652401,10,7.48133066524012,7.48133066524012,0
"282015",10,11.9426125700824,10,1.94261257008244,1.94261257008244,0
"309990",10,17.4813306652401,10,7.48133066524012,7.48133066524012,0
"31615",3.25398215773132,5.19434477714088,4.55045014473742,0.643894632403459,1.94036261940956,1.2964679870061
"327059",10,11.9426125700824,10,1.94261257008244,1.94261257008244,0
"355290",10,17.4813306652401,10,7.48133066524012,7.48133066524012,0
"358485",10,17.4813306652401,10,7.48133066524012,7.48133066524012,0
"368923",1.24520904844286,3.06280801895145,2.43298360691077,0.629824412040683,1.81759897050859,1.18777455846791
"378967",10,10.8486944354719,10,0.848694435471931,0.848694435471931,0
"386518",10,17.4813306652401,10,7.48133066524012,7.48133066524012,0
"398489",8.08577850639112,6.49202173289496,6.89276262792751,-0.400740895032557,-1.59375677349616,-1.19301587846361
"405706",10,17.4813306652401,10,7.48133066524012,7.48133066524012,0
"412670",7.71106590441485,7.43973835040677,7.50920369522308,-0.0694653448163089,-0.271327554008085,-0.201862209191776
"435229",10,17.4813306652401,10,7.48133066524012,7.48133066524012,0
"436003",2.90302762556333,4.66250803592357,4.115984801631,0.546523234292565,1.75948041036024,1.21295717606767
"44053",10,17.4813306652401,10,7.48133066524012,7.48133066524012,0
"441844",10,17.4813306652401,10,7.48133066524012,7.48133066524012,0
"449390",10,5.73863874175351,8.61994055700803,-2.88130181525451,-4.26136125824649,-1.38005944299197
"455324",10,17.4813306652401,10,7.48133066524012,7.48133066524012,0
"459955",3.16745071824715,4.12267682481164,3.83300886059733,0.289667964214309,0.955226106564481,0.665558142350173
"460097",10,10.0893345203418,10,0.0893345203417848,0.0893345203417848,0
"465233",10,10.0893345203418,10,0.0893345203417848,0.0893345203417848,0
"487932",3.46477942757579,5.20909686159471,4.62429965191469,0.584797209680011,1.74431743401892,1.15952022433891
"492552",3.64602856610536,4.23363511240854,4.04701119631282,0.18662391609572,0.587606546303178,0.400982630207458
"503523",4.30168969727709,2.7820368202892,3.21546682821952,-0.433430007930321,-1.5196528769879,-1.08622286905758
"508017",2.45775717811004,5.76792665742847,4.68514382230019,1.08278283512827,3.31016947931842,2.22738664419015
"508801",10,17.4813306652401,10,7.48133066524012,7.48133066524012,0
"510830",10,17.4813306652401,10,7.48133066524012,7.48133066524012,0
"513527",10,17.4813306652401,10,7.48133066524012,7.48133066524012,0
"516277",10,17.4813306652401,10,7.48133066524012,7.48133066524012,0
"521059",10,8.48483601446041,10,-1.51516398553959,-1.51516398553959,0
"521173",10,17.4813306652401,10,7.48133066524012,7.48133066524012,0
"532932",10,17.4813306652401,10,7.48133066524012,7.48133066524012,0
"538486",10,17.4813306652401,10,7.48133066524012,7.48133066524012,0
"542670",10,17.4813306652401,10,7.48133066524012,7.48133066524012,0
"557828",10,17.4813306652401,10,7.48133066524012,7.48133066524012,0
"575671",9.42678930742725,4.21786231312734,5.39400976487048,-1.17614745174314,-5.20892699429991,-4.03277954255677
"578507",10,17.4813306652401,10,7.48133066524012,7.48133066524012,0
"58526",10,17.4813306652401,10,7.48133066524012,7.48133066524012,0
"89515",10,8.48483601446041,10,-1.51516398553959,-1.51516398553959,0
"365961",0.951850081995697,0.589799575314565,0.736212398852093,-0.146412823537529,-0.362050506681133,-0.215637683143604
"480607",1e-08,0.53583223927663,0.229797883407153,0.306034355869477,0.53583222927663,0.229797873407153
"411497",1e-08,0.268623232811267,0.120884457787561,0.147738775023705,0.268623222811267,0.120884447787561
"127108",10,3.90146877750205,6.14762626426463,-2.24615748676258,-6.09853122249795,-3.85237373573537
"244804",3.22686427276414,2.58594809729041,2.81891676429365,-0.232968667003233,-0.640916175473724,-0.407947508470492
"310013",1.21779466731223,3.30511743862283,2.39274893433373,0.912368504289096,2.0873227713106,1.1749542670215
"168503",4.00082723874418,3.2306012494802,3.45535858649267,-0.224757337012473,-0.770225989263984,-0.545468652251512
"153098",0.355290613260348,1.16286266121846,0.813952879408357,0.348909781810099,0.807572047958108,0.458662266148009
"466758",1.79456112025985,0.585694901735471,1.01984023879506,-0.434145337059592,-1.20886621852438,-0.774720881464789
"103433",10,18.9264110850286,10,8.92641108502859,8.92641108502859,0
"132608",10,9.1366551249397,10,-0.863344875060296,-0.863344875060296,0
"136414",10,10.7607186489493,10,0.760718648949277,0.760718648949277,0
"137878",7.51809427373158,6.88972666000025,7.05183150164633,-0.162104841646078,-0.628367613731332,-0.466262772085255
"148871",10,18.9264110850286,10,8.92641108502859,8.92641108502859,0
"150962",10,18.9264110850286,10,8.92641108502859,8.92641108502859,0
"153497",10,18.9264110850286,10,8.92641108502859,8.92641108502859,0
"160652",6.98009415568624,7.79340087326649,7.57886200613196,0.214538867134534,0.813306717580255,0.598767850445721
"189472",10,14.0863687264686,10,4.08636872646861,4.08636872646861,0
"197647",10,18.9264110850286,10,8.92641108502859,8.92641108502859,0
"200448",10,18.9264110850286,10,8.92641108502859,8.92641108502859,0
"233421",10,18.9264110850286,10,8.92641108502859,8.92641108502859,0
"234382",10,18.9264110850286,10,8.92641108502859,8.92641108502859,0
"259009",2.4828166826046,6.04179597032006,4.81428678201582,1.22750918830424,3.55897928771546,2.33147009941122
"263253",0.755294537013336,3.75489411543117,2.64341377148928,1.11148034394188,2.99959957841783,1.88811923447595
"268159",10,11.6302933750653,10,1.63029337506532,1.63029337506532,0
"27331",10,18.9264110850286,10,8.92641108502859,8.92641108502859,0
"282379",10,18.9264110850286,10,8.92641108502859,8.92641108502859,0
"302049",10,9.70934574956126,10,-0.29065425043874,-0.29065425043874,0
"329986",10,18.9264110850286,10,8.92641108502859,8.92641108502859,0
"335799",10,18.9264110850286,10,8.92641108502859,8.92641108502859,0
"33825",7.36461278967748,7.33404529774701,7.3599321597288,-0.025886861981788,-0.0305674919304746,-0.00468062994868657
"339858",10,18.9264110850286,10,8.92641108502859,8.92641108502859,0
"351039",10,11.6302933750653,10,1.63029337506532,1.63029337506532,0
"355112",10,18.9264110850286,10,8.92641108502859,8.92641108502859,0
"356135",9.24233566746716,3.96559228650858,5.15533773690335,-1.18974545039477,-5.27674338095859,-4.08699793056381
"381648",3.84286792308343,2.16659867045169,2.60548036869305,-0.438881698241364,-1.67626925263174,-1.23738755439038
"384506",10,18.9264110850286,10,8.92641108502859,8.92641108502859,0
"401102",8.01874886803187,6.10397547691678,6.58573571034902,-0.48176023343224,-1.91477339111508,-1.43301315768284
"401958",10,14.0863687264686,10,4.08636872646861,4.08636872646861,0
"406636",10,10.5829617995104,10,0.582961799510434,0.582961799510434,0
"40780",10,14.0863687264686,10,4.08636872646861,4.08636872646861,0
"436090",10,12.8109865979019,10,2.81098659790192,2.81098659790192,0
"4540",10,12.8109865979019,10,2.81098659790192,2.81098659790192,0
"454990",1.01593003862207,4.14892193945893,2.90980458766201,1.23911735179693,3.13299190083687,1.89387454903994
"487035",8.00829632738504,6.30968419749061,6.73972499355281,-0.430040796062203,-1.69861212989442,-1.26857133383222
"492484",10,18.9264110850286,10,8.92641108502859,8.92641108502859,0
"502856",10,18.9264110850286,10,8.92641108502859,8.92641108502859,0
"507018",6.95016922673881,7.84645215412893,7.60929452620649,0.237157627922433,0.89628292739012,0.659125299467687
"526558",1.3695262586058,2.01873925605105,1.810395001655,0.208344254396051,0.649212997445255,0.440868743049204
"532261",10,18.9264110850286,10,8.92641108502859,8.92641108502859,0
"534609",2.7125338100964,5.37273024023161,4.47729368076465,0.895436559466955,2.6601964301352,1.76475987066825
"537980",7.46136903470148,6.86259778040379,7.0170441784708,-0.15444639806701,-0.598771254297688,-0.444324856230678
"563568",10,18.9264110850286,10,8.92641108502859,8.92641108502859,0
"570357",10,11.6302933750653,10,1.63029337506532,1.63029337506532,0
"60036",1.12066128730093,2.7810223166889,2.20449558581157,0.576526730877331,1.66036102938797,1.08383429851064
"61340",3.65004230988382,3.56198947038413,3.58993546012955,-0.0279459897454224,-0.0880528394996949,-0.0601068497542725
"72999",7.46136903470148,6.86259778040379,7.0170441784708,-0.15444639806701,-0.598771254297688,-0.444324856230678
"7942",10,18.9264110850286,10,8.92641108502859,8.92641108502859,0
"79653",7.58787688222157,6.79781089090072,7.0006917238216,-0.202880832920882,-0.790065991320854,-0.587185158399972
"81251",10,10.5829617995104,10,0.582961799510434,0.582961799510434,0
"247998",0.432335640229173,0.714706079462525,0.581586434813622,0.133119644648903,0.282370439233352,0.149250794584449
"374642",2.77742441642056,2.96348663163759,2.89417038867293,0.069316242964665,0.186062215217031,0.116745972252366
"326474",1.61478838823828,2.03949722232157,1.87562241586993,0.163874806451646,0.424708834083295,0.260834027631649
"126537",1.94175819242973,1.2379852084319,1.47881096436903,-0.240825755937125,-0.70377298399783,-0.462947228060705
"32675",10,3.26247939683379,5.3316456805146,-2.06916628368081,-6.73752060316621,-4.6683543194854
"54318",1e-08,0.699213809470495,0.368091579692259,0.331122229778236,0.699213799470495,0.368091569692259
"81331",1.77930548224503,1.79286519433398,1.78760855477854,0.00525663955543698,0.0135597120889568,0.00830307253351981
"503200",0.560940264811368,2.08396990510581,1.43529934057876,0.648670564527053,1.52302964029444,0.87435907576739
"271934",1.706869208448,2.21900362935229,2.01052261839725,0.208481010955041,0.512134420904298,0.303653409949257
"432222",1e-08,1.75019649706685,0.792683624288819,0.957512872778027,1.75019648706685,0.792683614288819
"265847",0.69315061339403,0.824610671002989,0.769940553148115,0.0546701178548744,0.13146005760896,0.0767899397540852
"544014",0.889985323292243,0.528276242821264,0.669185323481031,-0.140909080659768,-0.361709080470979,-0.220799999811212
"109194",1.02619685386384,2.87552158177967,2.11035496316268,0.765166618616989,1.84932472791583,1.08415810929884
"411885",5.38829086762054,4.59373828183113,4.76220253715836,-0.168464255327228,-0.794552585789408,-0.62608833046218
"387136",0.0995369775783151,0.512889808558233,0.392536420514117,0.120353388044116,0.413352830979918,0.292999442935802
"346865",1.6554184876448,1.92235177368562,1.81856113339083,0.103790640294793,0.266933286040822,0.163142645746029
"423441",1e-08,0.21470856854383,0.117485831242468,0.0972227373013619,0.21470855854383,0.117485821242468
"55113",0.742387658504763,0.701591219895428,0.718083456046635,-0.0164922361512063,-0.0407964386093345,-0.0243042024581281
"437382",4.53832911221624,2.56748889594656,3.1299605337294,-0.56247163778284,-1.97084021626967,-1.40836857848683
"145071",4.02229897240213,5.45965385358386,5.16384058675733,0.295813266826527,1.43735488118173,1.1415416143552
"61768",0.566842759865455,5.15699577977945,3.71964790081158,1.43734787896787,4.59015301991399,3.15280514094612
"215270",2.3227525329075,1.32622448300964,1.6967940398056,-0.370569556795961,-0.996528049897854,-0.625958493101894
"335729",1.88595235671458,1.23744776608933,1.46201129864892,-0.224563532559584,-0.648504590625249,-0.423941058065665
"465555",1e-08,1.17876837279454,0.524110060187101,0.65465831260744,1.17876836279454,0.524110050187101
"578484",1e-08,2.87102645868622,1.56635358108749,1.30467287759873,2.87102644868622,1.56635357108749
"22447",2.72113858516693,2.74207327558242,2.7343550731826,0.00771820239982857,0.0209346904154915,0.0132164880156629
"195157",1.18793381198399e-08,1.53550980432081,0.852438644881677,0.683071159439136,1.53550979244147,0.852438633002339
"359799",1e-08,2.52870812400714,1.40985695768847,1.11885116631867,2.52870811400714,1.40985694768847
"118640",1.13570267385296,1.37591074488083,1.2752803143534,0.100630430527437,0.240208071027877,0.139577640500439
"295597",1.63988942843587,1.83842190288874,1.78016414159251,0.0582577612962278,0.198532474452868,0.14027471315664
"40372",0.394919835809186,1.68022753240538,1.03203961137108,0.648187921034298,1.28530769659619,0.637119775561895
"118444",10,8.96581392868656,10,-1.03418607131344,-1.03418607131344,0
"146643",10,15.2093692016445,10,5.20936920164445,5.20936920164445,0
"14901",4.55550816745787,2.98287554214017,3.42848555139561,-0.445610009255439,-1.5726326253177,-1.12702261606226
"152849",9.10823983677981,6.01525051669628,6.77926795992288,-0.7640174432266,-3.09298932008353,-2.32897187685693
"158196",10,11.4260200607106,10,1.42602006071059,1.42602006071059,0
"200592",10,10.4131558191466,10,0.413155819146626,0.413155819146626,0
"212126",10,15.2093692016445,10,5.20936920164445,5.20936920164445,0
"223812",3.41760663505344,5.63299231542787,4.8965160222753,0.736476293152574,2.21538568037443,1.47890938722185
"224473",9.51998001506836,5.68911236061267,6.62693519425789,-0.937822833645214,-3.83086765445568,-2.89304482081047
"22746",10,6.83663749745764,9.82151772979737,-2.98488023233973,-3.16336250254236,-0.178482270202631
"245708",10,15.2093692016445,10,5.20936920164445,5.20936920164445,0
"253384",10,15.2093692016445,10,5.20936920164445,5.20936920164445,0
"254313",10,8.96581392868656,10,-1.03418607131344,-1.03418607131344,0
"266552",10,11.4260200607106,10,1.42602006071059,1.42602006071059,0
"267179",9.05143114416267,5.99316147691457,6.74804906754605,-0.754887590631476,-3.0582696672481,-2.30338207661662
"278731",10,11.4260200607106,10,1.42602006071059,1.42602006071059,0
"287721",4.50712293444954,3.10453415387546,3.5059678221994,-0.401433668323944,-1.40258878057408,-1.00115511225014
"305690",8.82505617609981,6.76283925765926,7.28840129931594,-0.525562041656689,-2.06221691844056,-1.53665487678387
"307879",10,8.20836336780995,10,-1.79163663219005,-1.79163663219005,0
"320774",10,15.2093692016445,10,5.20936920164445,5.20936920164445,0
"323205",10,10.4131558191466,10,0.413155819146626,0.413155819146626,0
"339814",8.60677376442245,6.74119824196929,7.21511549075021,-0.473917248780922,-1.86557552245316,-1.39165827367224
"35232",10,6.29797328762743,9.26467508134979,-2.96670179372236,-3.70202671237257,-0.73532491865021
"354159",10,15.2093692016445,10,5.20936920164445,5.20936920164445,0
"375459",10,8.20836336780995,10,-1.79163663219005,-1.79163663219005,0
"411880",10,15.2093692016445,10,5.20936920164445,5.20936920164445,0
"415867",3.21882293116585,5.61650802159613,4.82652142273737,0.789986598858762,2.39768509043027,1.60769849157151
"424460",10,15.2093692016445,10,5.20936920164445,5.20936920164445,0
"426874",10,8.8402997463628,10,-1.1597002536372,-1.1597002536372,0
"444301",10,11.4260200607106,10,1.42602006071059,1.42602006071059,0
"45310",0.0030532653063107,1.76321701943402,1.20707158126064,0.556145438173374,1.7601637541277,1.20401831595433
"468809",10,8.96581392868656,10,-1.03418607131344,-1.03418607131344,0
"47506",10,4.98816131162261,8.16170947165672,-3.17354816003411,-5.01183868837739,-1.83829052834328
"496730",10,8.8402997463628,10,-1.1597002536372,-1.1597002536372,0
"5091",10,9.56573924621499,10,-0.434260753785013,-0.434260753785013,0
"577433",4.95277058715793,3.26794016350766,3.77627456245875,-0.50833439895109,-1.68483042365027,-1.17649602469919
"76991",10,15.2093692016445,10,5.20936920164445,5.20936920164445,0
"80148",1.26589977785737,3.73285056936042,2.87320427290988,0.859646296450542,2.46695079150305,1.6073044950525
"320067",0.803313272573195,1.78856208100092,1.36769629700908,0.420865783991841,0.985248808427725,0.564383024435883
"108508",10,16.5283713706773,10,6.52837137067729,6.52837137067729,0
"117295",10,10.3059229657841,10,0.305922965784088,0.305922965784088,0
"145619",0.607774771138064,4.27766645096638,2.98875720024584,1.28890925072055,3.66989167982832,2.38098242910777
"147207",10,16.5283713706773,10,6.52837137067729,6.52837137067729,0
"180256",3.81767785071949,3.59027248185379,3.65839216783418,-0.068119685980391,-0.227405368865698,-0.159285682885307
"187000",8.43438058880823,6.26643983150438,6.807390951865,-0.540951120360623,-2.16794075730385,-1.62698963694323
"189636",10,16.5283713706773,10,6.52837137067729,6.52837137067729,0
"199461",10,12.448294400411,10,2.44829440041103,2.44829440041103,0
"210731",1e-08,2.73089154109308,1.65648685213825,1.07440468895483,2.73089153109308,1.65648684213825
"255516",10,16.5283713706773,10,6.52837137067729,6.52837137067729,0
"262849",8.85214506047973,5.65007262650037,6.42925670778169,-0.779184081281323,-3.20207243397936,-2.42288835269804
"278613",3.29124510715717,4.6530868098385,4.22384045856799,0.429246351270508,1.36184170268133,0.932595351410826
"278644",10,12.448294400411,10,2.44829440041103,2.44829440041103,0
"280719",0.908484103494208,3.37175098051826,2.5557173728883,0.81603360762996,2.46326687702405,1.64723326939409
"312724",2.6257802884298,6.2629886214123,5.03278030667604,1.23020831473626,3.6372083329825,2.40700001824624
"315174",10,12.448294400411,10,2.44829440041103,2.44829440041103,0
"325999",10,5.69071695208144,8.76494602829775,-3.07422907621631,-4.30928304791856,-1.23505397170225
"326325",1.75249649115704,2.34705014010541,2.15127529798656,0.19577484211885,0.594553648948369,0.398778806829519
"335495",3.81767785071949,3.59027248185379,3.65839216783418,-0.068119685980391,-0.227405368865698,-0.159285682885307
"346455",3.11602625632355,4.94927465205337,4.36265167328063,0.586622978772736,1.83324839572981,1.24662541695708
"357513",10,16.5283713706773,10,6.52837137067729,6.52837137067729,0
"387400",10,16.5283713706773,10,6.52837137067729,6.52837137067729,0
"39984",10,16.5283713706773,10,6.52837137067729,6.52837137067729,0
"404651",10,11.2963546485672,10,1.29635464856718,1.29635464856718,0
"417469",3.74326808422656,3.00430645709724,3.20809798324605,-0.203791526148804,-0.738961627129312,-0.535170100980508
"42137",10,16.5283713706773,10,6.52837137067729,6.52837137067729,0
"4420",4.91799062692825,2.75627455907735,3.39092434301613,-0.634649783938772,-2.1617160678509,-1.52706628391213
"445500",10,16.5283713706773,10,6.52837137067729,6.52837137067729,0
"492963",10,16.5283713706773,10,6.52837137067729,6.52837137067729,0
"495965",10,12.448294400411,10,2.44829440041103,2.44829440041103,0
"513539",0.931430891653669,3.23312893649534,2.48398138989159,0.749147546603748,2.30169804484167,1.55255049823792
"532986",10,16.5283713706773,10,6.52837137067729,6.52837137067729,0
"57601",3.08256935616971,4.98200319376847,4.37439817235804,0.607605021410437,1.89943383759877,1.29182881618833
"62250",10,16.5283713706773,10,6.52837137067729,6.52837137067729,0
"64861",10,16.5283713706773,10,6.52837137067729,6.52837137067729,0
"71654",10,16.5283713706773,10,6.52837137067729,6.52837137067729,0
"77604",10,16.5283713706773,10,6.52837137067729,6.52837137067729,0
"84992",7.58662041919789,7.68524820696581,7.65843934493117,0.0268088620346392,0.0986277877679189,0.0718189257332797
"91651",10,9.61754788602439,10,-0.382452113975614,-0.382452113975614,0
"98842",10,12.448294400411,10,2.44829440041103,2.44829440041103,0
"461799",1.03392795596453,1.5360815898368,1.31800246839585,0.218079121440951,0.502153633872273,0.284074512431322
"86584",1.09686605624187,0.907347300903342,0.976848331399788,-0.0695010304964463,-0.189518755338532,-0.120017724842085
"302965",10,7.85357556036304,9.40461970086623,-1.55104414050319,-2.14642443963696,-0.595380299133769
"487927",1.24977179978022,0.59748462086249,0.803535360991048,-0.206050740128558,-0.652287178917729,-0.446236438789171
"49048",0.538621038223687,0.973164407972276,0.786444789177657,0.186719618794619,0.434543369748588,0.24782375095397
"275535",2.13379319180454,1.41825506309374,1.68314963302575,-0.264894569932002,-0.715538128710796,-0.450643558778794
"285911",1e-08,0.422413310354399,0.219550718317142,0.202862592037257,0.422413300354399,0.219550708317142
"559560",1e-08,1.14479146171763,0.566730626636451,0.578060835081175,1.14479145171763,0.566730616636451
"264584",0.207564906447522,0.837663469257698,0.537469779113458,0.30019369014424,0.630098562810176,0.329904872665935
"299948",0.36994302025237,1.47115884470463,0.964433385441191,0.506725459263437,1.10121582445226,0.594490365188821
"438248",0.8033214709849,4.12571633613714,3.14690601175619,0.978810324380953,3.32239486515224,2.34358454077129
"111665",2.94421198613516,1.97541329153881,2.29897491576483,-0.323561624226025,-0.96879869459635,-0.645237070370325
"314035",0.694173904399823,1.22999514351745,1.03359760367049,0.196397539846958,0.535821239117625,0.339423699270666
"159124",4.34183186624544,5.31582272691012,5.11358962952246,0.202233097387662,0.973990860664677,0.771757763277015
"577999",0.775954903447554,0.743601029768378,0.756752987266284,-0.0131519574979054,-0.032353873679176,-0.0192019161812705
"463085",0.415413769289013,0.828633470559061,0.670856340160487,0.157777130398574,0.413219701270049,0.255442570871474
"554784",0.849026955228154,0.719878648780226,0.772818982975564,-0.0529403341953386,-0.129148306447928,-0.0762079722525896
"426077",3.63184123366591,1.897683531216,2.48959636727312,-0.591912836057121,-1.73415770244991,-1.14224486639279
"188341",2.24108313964608,3.72185669271447,3.15447213446399,0.567384558250483,1.48077355306839,0.91338899481791
"520540",1.90933049858813,1.94725060639568,1.9322872111803,0.0149633952153811,0.0379201078075448,0.0229567125921637
"116561",0.0666600808891998,0.405320671471156,0.235201088249256,0.1701195832219,0.338660590581957,0.168541007360056
"450790",1e-08,0.756851806308135,0.406447945571143,0.350403860736992,0.756851796308135,0.406447935571143
"349057",0.308209756650933,0.793831176179252,0.549609223022872,0.24422195315638,0.485621419528319,0.241399466371939
"116814",0.570817544249858,1.77697212075668,1.28617465183853,0.490797468918147,1.20615457650682,0.715357107588673
"76394",0.74943994257044,1.48819134927978,1.1951725352442,0.293018814035584,0.73875140670934,0.445732592673757
"173581",5.55629756022314,2.47967805818683,3.34595969049611,-0.866281632309286,-3.07661950203632,-2.21033786972703
"189860",0.154950090450778,0.443995323973691,0.294308711982611,0.14968661199108,0.289045233522913,0.139358621531833
"288617",2.32414423743612,3.1833991458087,2.8646599455414,0.318739200267301,0.859254908372576,0.540515708105275
"41155",3.33651287798945,2.3383239653835,2.69373581207099,-0.355411846687492,-0.998188912605956,-0.642777065918464
"553059",9.27600731882843,4.46279364493287,5.58464136286396,-1.12184771793109,-4.81321367389556,-3.69136595596447
"336118",1.17680973085661,2.28190350169789,1.8558659732768,0.42603752842109,1.10509377084128,0.679056242420189
"19176",1e-08,0.25136295791304,0.132900690610699,0.118462267302341,0.25136294791304,0.132900680610699
"37858",1.47764133242816,2.59735823410336,2.12512621945758,0.472232014645776,1.1197169016752,0.647484887029421
"436759",0.100669826023449,0.730878076145843,0.446064763997195,0.284813312148647,0.630208250122393,0.345394937973746
"986",1.17950572987604,1.44216669640846,1.33052433496053,0.111642361447927,0.262660966532417,0.151018605084489
"282932",0.218376511394741,1.02769384058775,0.708319543467985,0.319374297119767,0.809317329193011,0.489943032073244
"189410",0.0210243719915738,0.0706971756613922,0.0475650122012549,0.0231321634601374,0.0496728036698185,0.0265406402096811
"201509",0.886836994609898,0.916001942908467,0.905810117201552,0.0101918257069147,0.0291649482985689,0.0189731225916542
"8597",2.59260809740031,2.97017132790409,2.83051731067568,0.139654017228403,0.377563230503777,0.237909213275374
"508811",0.305671622256655,1.99303555798216,1.29180147017409,0.701234087808075,1.68736393572551,0.986129847917434
"125488",1.81356361838647,0.130215862800576,1.81356361838647,-1.6833477555859,-1.6833477555859,0
"332785",0.0825781228431926,0.458335873575641,0.26770218642365,0.190633687151991,0.375757750732449,0.185124063580458
"132019",0.738092944716611,3.9114713017797,2.99104411985862,0.920427181921078,3.17337835706309,2.25295117514201
"540401",0.256836683178083,1.83410506228938,1.07703753222751,0.757067530061871,1.5772683791113,0.820200849049427
"350053",1.30669969846219,1.57546704578553,1.48594216284207,0.0895248829434638,0.268767347323337,0.179242464379873
"187938",5.81132541822567,3.63230670643261,4.34217160782063,-0.709864901388018,-2.17901871179306,-1.46915381040504
"226977",0.842379620748743,2.25474141747154,1.60090176717507,0.653839650296477,1.4123617967228,0.758522146426323
"366613",0.120318500277466,1.65448120918133,0.967433804583483,0.687047404597842,1.53416270890386,0.847115304306017
"525752",0.045342942012969,0.965534903630984,0.502960352349028,0.462574551281957,0.920191961618015,0.457617410336059
"166198",0.602977195516462,1.13837659289674,0.898199760100649,0.240176832796089,0.535399397380276,0.295222564584187
"258299",0.532002990461071,0.307734648406346,0.399770810323135,-0.0920361619167891,-0.224268342054725,-0.132232180137936
"548179",1.7605560998339,1.68342198392385,1.71189174620637,-0.0284697622825221,-0.0771341159100514,-0.0486643536275293
"124419",2.11549440246152,2.1032587310488,2.10852675866393,-0.00526802761512357,-0.0122356714127108,-0.00696764379758719
"516926",0.964575155239016,0.936551250761801,0.949481169461086,-0.0129299186992843,-0.0280239044772144,-0.0150939857779301
"554730",0.788276398632895,0.807948312247408,0.799827505455959,0.00812080679144878,0.0196719136145136,0.0115511068230648
"153916",2.09855674816796,2.19182576753182,2.16014020381591,0.0316855637159121,0.0932690193638646,0.0615834556479524
"508258",4.73690154138154,3.91163240127062,4.06778629465051,-0.156153893379893,-0.825269140110926,-0.669115246731033
"230160",0.995877416106919,2.78678614474668,2.04940361112692,0.737382533619765,1.79090872863976,1.05352619502
"297681",0.183244828539073,0.911217243186112,0.570116935073158,0.341100308112954,0.727972414647039,0.386872106534085
"178457",0.180467043420112,0.169202457631931,0.174637817170355,-0.00543535953842372,-0.0112645857881804,-0.00582922624975671
"547693",0.497338361048137,1.49759704842032,1.12162891647054,0.375968131949776,1.00025868737218,0.624290555422405
"310363",10,8.00726384788429,9.75268321517206,-1.74541936728777,-1.99273615211571,-0.247316784827939
"39272",6.09181551219632,3.03174782174701,3.97803137672228,-0.946283554975273,-3.06006769044931,-2.11378413547404
"563107",0.123639855875655,0.58673798915723,0.39204978941155,0.194688199745681,0.463098133281575,0.268409933535895
"134980",2.50502520302059,7.02571530357616,5.39945903095102,1.62625627262514,4.52069010055557,2.89443382793043
"6683",2.82828744530176,9.35733514525398,7.77995199508617,1.57738315016781,6.52904769995222,4.95166454978441
"301353",4.15197700458135,1.35207155642954,2.2382277442886,-0.886156187859063,-2.79990544815181,-1.91374926029275
"176911",2.42480456355562,1.3528172803167,1.76300077354523,-0.410183493228531,-1.07198728323892,-0.661803790010392
"340559",1.32368826790327,2.16431254999114,1.84232096029095,0.321991589700185,0.840624282087868,0.518632692387683
"352518",3.03527081447823,2.73931284213675,2.8484919192816,-0.109179077144858,-0.295957972341486,-0.186778895196629
"434390",3.82282192278964,1.67459165183831,2.38665192492316,-0.712060273084852,-2.14823027095133,-1.43616999786648
"120540",3.90089730609325,5.37239804131696,4.87212642664531,0.500271614671646,1.47150073522371,0.971229120552068
"278868",3.36171912238761,6.1618426426796,5.18601404337704,0.975828599302563,2.80012352029199,1.82429492098943
"485870",10,9.86233036602088,10,-0.137669633979121,-0.137669633979121,0
"248006",0.680271998888255,0.819965312034994,0.761857599125342,0.0581077129096522,0.139693313146738,0.0815856002370863
"491004",0.0261140534954485,0.122369874249986,0.0773052832119397,0.045064591038046,0.0962558207545371,0.0511912297164911
"480630",0.0408923095046068,0.130763064966156,0.085061515742118,0.0457015492240385,0.0898707554615497,0.0441692062375112
"357697",1.46416149472806,1.4288451565093,1.4410566415379,-0.0122114850285979,-0.0353163382187573,-0.0231048531901594
"385966",1.23931706465738,2.39447339108314,1.93440640407475,0.460066987008397,1.15515632642577,0.695089339417372
"357956",4.38613939254671,5.72704166255116,5.43454182694417,0.292499835606987,1.34090227000445,1.04840243439746
"544523",0.648438307594736,0.905984452504461,0.797583043394299,0.108401409110162,0.257546144909725,0.149144735799563
"235975",1.65366006749858,2.40414822051279,2.09146696475122,0.312681255761562,0.750488153014204,0.437806897252642
"261335",1e-08,1.70129532069805,0.869699877727343,0.831595442970704,1.70129531069805,0.869699867727343
"101571",7.14730662605182,7.8962002133634,7.69901557802302,0.197184635340382,0.748893587311581,0.551708951971198
"122963",9.29360694059865,5.73917542249611,6.62921131048345,-0.890035887987343,-3.55443151810254,-2.6643956301152
"312574",0.212424426990805,1.99507210346628,1.21495074598565,0.780121357480626,1.78264767647547,1.00252631899485
"317293",4.46051471326224,4.6479313388523,4.58477322537898,0.0631581134733157,0.187416625590056,0.12425851211674
"7324",10,9.93418727264397,10,-0.0658127273560343,-0.0658127273560343,0
"85278",2.02626531417172,4.00406419012829,3.2290758874599,0.774988302668393,1.97779887595657,1.20281057328818
"404180",8.94658137486946,5.5592019932041,6.39363806302882,-0.834436069824727,-3.38737938166537,-2.55294331184064
"24657",0.0140025942228839,0.0812897924183864,0.0497437165518187,0.0315460758665677,0.0672871981955024,0.0357411223289348
"194123",5.64130229437968,3.49757839995858,4.17232714559516,-0.67474874563658,-2.1437238944211,-1.46897514878452
"82008",5.98284421213459,2.69850726955141,3.68333975360249,-0.984832484051087,-3.28433694258318,-2.2995044585321
"359251",0.046796319788597,0.0593644936930105,0.053316588054159,0.00604790563885148,0.0125681739044135,0.00652026826556197
"520930",2.31015843246189,3.47568190669542,3.03109855948442,0.444583347211001,1.16552347423353,0.720940127022527
"390172",1e-08,0.49277605366904,0.236749781201138,0.256026272467902,0.49277604366904,0.236749771201138
"261776",1.92573947200535,2.04364736075331,1.99517183544982,0.0484755253034863,0.117907888747953,0.0694323634444662
"216454",1.95121494116257,3.99510711045634,3.20647251507933,0.788634595377009,2.04389216929377,1.25525757391676
"538194",10,10.0769898240477,10,0.0769898240476774,0.0769898240476774,0
"63944",8.03046018229035,6.97807297001921,7.25340595677939,-0.27533298676018,-1.05238721227114,-0.777054225510962
"190610",4.63639519518011,3.61836985365892,3.94487992980182,-0.326510076142899,-1.0180253415212,-0.691515265378299
"329445",1.3941313158021,1.42024018765014,1.42869600673891,-0.00845581908877335,0.0261088718480338,0.0345646909368071
"481747",10,7.52464285347835,9.29539270554632,-1.77074985206797,-2.47535714652165,-0.704607294453679
"42328",1e-08,0.586716839242158,0.260111653373661,0.326605185868496,0.586716829242158,0.260111643373661
"430944",0.00965387357544418,0.151940442259884,0.0889651422334058,0.0629753000264786,0.14228656868444,0.0793112686579616
"349053",0.221923731290197,1.19391986255313,0.679025816293279,0.514894046259856,0.971996131262937,0.457102085003081
"47161",3.75485718017478,4.45956150896531,4.22778460601508,0.231776902950221,0.704704328790529,0.472927425840307
"249281",1.03651948217913,1.40138606560755,1.24404814464787,0.157337920959677,0.364866583428419,0.207528662468741
"149403",2.99035586995861,2.95572348778627,2.96924541635958,-0.0135219285733132,-0.0346323821723398,-0.0211104535990265
"324909",0.416406832233871,1.71746352519757,1.193087672934,0.52437585226357,1.3010566929637,0.776680840700128
"507276",7.30770593959133,1.8710515786291,3.39346684396486,-1.52241526533576,-5.43665436096224,-3.91423909562648
"208237",0.0405319222097333,0.220441306908325,0.135960334544682,0.0844809723636429,0.179909384698592,0.0954284123349489
"22547",1e-08,0.628218221210436,0.264315972072506,0.36390224913793,0.628218211210436,0.264315962072506
"319548",2.03036545212933,1.69327384521453,1.80191284280395,-0.108638997589419,-0.337091606914797,-0.228452609325378
"208943",1.27448567644982,1.3762813053481,1.33238083192959,0.0439004734185078,0.101795628898272,0.0578951554797642
"143968",0.561157518521357,2.04283169709457,1.40322934850345,0.639602348591117,1.48167417857321,0.842071829982094
"437785",1.73427694498454,1.81656468635923,1.78535182444219,0.0312128619170371,0.0822877413746912,0.0510748794576541
"167952",2.11397236607641,1.52969308234815,1.75047071943041,-0.220777637082268,-0.584279283728266,-0.363501646645999
"346010",10,5.64300123800195,7.67647761972483,-2.03347638172289,-4.35699876199805,-2.32352238027517
"270636",2.76241786938931,6.10322675601879,4.94293252891571,1.16029422710309,3.34080888662949,2.1805146595264
"72450",0.379415935240772,0.608765161878685,0.501800215923707,0.106964945954978,0.229349226637913,0.122384280682935
"274554",1e-08,0.179725275520664,0.0912167401351454,0.0885085353855184,0.179725265520664,0.0912167301351454
"311942",0.62464109532685,0.752740649732033,0.702064053657391,0.0506765960746426,0.128099554405183,0.0774229583305407
"112799",4.18497015740626,6.34920466674483,5.86600045534981,0.483204211395023,2.16423450933857,1.68103029794354
"83187",0.259924591326925,1.18390351240016,0.695518491019783,0.488385021380375,0.923978921073233,0.435593899692858
"191805",10,7.82276741170687,9.61059029018829,-1.78782287848142,-2.17723258829313,-0.389409709811709
"484971",10,7.82276741170687,9.61059029018829,-1.78782287848142,-2.17723258829313,-0.389409709811709
"275835",0.503567950635885,0.739483040523744,0.652456107665047,0.0870269328586971,0.235915089887859,0.148888157029161
"12344",0.214950550416836,1.54061174655467,0.913282019470186,0.627329727084485,1.32566119613784,0.69833146905335
"278894",10,9.19033852699499,10,-0.809661473005008,-0.809661473005008,0
"335296",4.57736671682757,4.90178058616903,4.7920414787293,0.109739107439725,0.324413869341453,0.214674761901728
"9987",1.1316011525851,0.944657994397615,1.01184395775603,-0.0671859633584149,-0.186943158187487,-0.119757194829072
"130761",0.0030532653063107,0.183245324551206,0.108418712233217,0.0748266123179884,0.180192059244895,0.105365446926907
"543852",0.611373745492921,0.913392343864293,0.784016968478789,0.129375375385505,0.302018598371372,0.172643222985867
"245592",0.303439208835819,0.838936175315708,0.641533673366842,0.197402501948866,0.535496966479889,0.338094464531023
"439347",1e-08,0.465072263925199,0.237064643701998,0.228007620223201,0.465072253925199,0.237064633701998
"568684",4.02201092211706,4.20401044372005,4.14299304493753,0.0610173987825231,0.18199952160299,0.120982122820467
"400545",2.9735620058125,2.2959882752451,2.5325204690957,-0.236532193850601,-0.677573730567405,-0.441041536716805
"9936",10,8.33629458837875,9.82834871554144,-1.49205412716269,-1.66370541162125,-0.17165128445856
"235734",3.94049573402336,8.37335764536941,7.2758497857545,1.09750785961491,4.43286191134605,3.33535405173114
"308207",3.62105063148699,5.67837764580039,4.9528728631018,0.72550478269859,2.05732701431339,1.3318222316148
"341944",0.310924560682888,2.36114201639767,1.47550066707382,0.885641349323852,2.05021745571479,1.16457610639093
"548398",3.94049573402336,8.37335764536941,7.2758497857545,1.09750785961491,4.43286191134605,3.33535405173114
"80595",3.94049573402336,8.37335764536941,7.2758497857545,1.09750785961491,4.43286191134605,3.33535405173114
"89450",2.63553377119771,6.82250654704294,5.33704175394012,1.48546479310282,4.18697277584523,2.70150798274241
"51303",1.1733746813736,1.41653594660896,1.31378437643212,0.102751570176841,0.243161265235358,0.140409695058517
"507257",1e-08,1.02014914259725,0.519372334298561,0.50077680829869,1.02014913259725,0.519372324298561
"196922",1e-08,0.623324202170119,0.294617102212091,0.328707099958028,0.623324192170118,0.294617092212091
"133184",10,6.26260757081355,8.12196223659615,-1.8593546657826,-3.73739242918645,-1.87803776340385
"68948",3.4813716974462,2.01935044710774,2.52309714769294,-0.503746700585201,-1.46202125033846,-0.958274549753256
"434149",1.28558095332704,4.16795442218724,3.08780595697934,1.0801484652079,2.8823734688602,1.8022250036523
"305311",10,4.58702102215791,6.61262675182852,-2.02560572967061,-5.41297897784209,-3.38737324817148
"116674",1e-08,21.1979691162873,10,11.1979691162873,21.1979691062873,9.99999999
"117645",1e-08,21.1979691162873,10,11.1979691162873,21.1979691062873,9.99999999
"119572",1e-08,15.1478631345845,10,5.14786313458454,15.1478631245845,9.99999999
"12443",2.55064249411201,5.00010758613643,4.2145484830004,0.785559103136038,2.44946509202442,1.66390598888838
"137463",6.64182508265276,8.8292497794493,8.2394248019104,0.589824977538898,2.18742469679654,1.59759971925764
"154624",10,8.18276983432624,10,-1.81723016567376,-1.81723016567376,0
"16124",10,11.5837915110528,10,1.58379151105279,1.58379151105279,0
"165467",1e-08,21.1979691162873,10,11.1979691162873,21.1979691062873,9.99999999
"169258",10,11.377885446078,10,1.37788544607801,1.37788544607801,0
"181687",7.37169690736286,7.61535352806453,7.55214196320857,0.0632115648559539,0.243656620701663,0.180445055845709
"194999",2.73562443820967,4.76088772212419,4.11597050987262,0.64491721225157,2.02526328391453,1.38034607166296
"19850",1e-08,21.1979691162873,10,11.1979691162873,21.1979691062873,9.99999999
"205074",6.81873171304049,8.29219205152514,7.9005229788967,0.391669072628434,1.47346033848465,1.08179126585622
"205303",1e-08,15.1478631345845,10,5.14786313458454,15.1478631245845,9.99999999
"206574",1e-08,15.1478631345845,10,5.14786313458454,15.1478631245845,9.99999999
"213626",1e-08,21.1979691162873,10,11.1979691162873,21.1979691062873,9.99999999
"219016",1e-08,21.1979691162873,10,11.1979691162873,21.1979691062873,9.99999999
"222887",3.39676819473946,2.76899381884161,2.94045141765107,-0.171457598809459,-0.627774375897844,-0.456316777088384
"231749",1e-08,21.1979691162873,10,11.1979691162873,21.1979691062873,9.99999999
"240339",10,10.3733925276954,10,0.373392527695357,0.373392527695357,0
"24210",1e-08,21.1979691162873,10,11.1979691162873,21.1979691062873,9.99999999
"278453",1e-08,15.1478631345845,10,5.14786313458454,15.1478631245845,9.99999999
"278726",1e-08,21.1979691162873,10,11.1979691162873,21.1979691062873,9.99999999
"294729",10,12.5376343450138,10,2.53763434501382,2.53763434501382,0
"303657",1e-08,21.1979691162873,10,11.1979691162873,21.1979691062873,9.99999999
"306174",10,12.5376343450138,10,2.53763434501382,2.53763434501382,0
"310825",1e-08,21.1979691162873,10,11.1979691162873,21.1979691062873,9.99999999
"312288",1e-08,15.1478631345845,10,5.14786313458454,15.1478631245845,9.99999999
"315709",1e-08,21.1979691162873,10,11.1979691162873,21.1979691062873,9.99999999
"325042",2.32969646012337,6.00344896095739,4.7710065474377,1.23244241351969,3.67375250083402,2.44131008731433
"331112",10,11.377885446078,10,1.37788544607801,1.37788544607801,0
"372771",1.10095665915267,2.63700118365133,2.11414717263878,0.522854011012542,1.53604452449865,1.01319051348611
"383160",2.60290569726682,5.03071977780382,4.2515299837731,0.779189794030718,2.427814080537,1.64862428650628
"392588",1e-08,21.1979691162873,10,11.1979691162873,21.1979691062873,9.99999999
"412884",1e-08,21.1979691162873,10,11.1979691162873,21.1979691062873,9.99999999
"415367",1e-08,21.1979691162873,10,11.1979691162873,21.1979691062873,9.99999999
"41573",6.5722433404637,8.93590860625151,8.2964405490507,0.639468057200814,2.36366526578781,1.724197208587
"421804",2.22727255469895,6.35756869318341,4.95435199437813,1.40321669880529,4.13029613848446,2.72707943967918
"44156",10,13.791174290551,10,3.79117429055097,3.79117429055097,0
"450270",1e-08,21.1979691162873,10,11.1979691162873,21.1979691062873,9.99999999
"462895",1e-08,21.1979691162873,10,11.1979691162873,21.1979691062873,9.99999999
"465461",10,11.5837915110528,10,1.58379151105279,1.58379151105279,0
"489660",1e-08,3.50707509255156,2.46977951722422,1.03729557532735,3.50707508255156,2.46977950722422
"503602",1.2530992222675,1.5197548584581,1.44690169176772,0.0728531666903762,0.266655636190599,0.193802469500223
"529666",10,11.5837915110528,10,1.58379151105279,1.58379151105279,0
"540773",1e-08,15.1478631345845,10,5.14786313458454,15.1478631245845,9.99999999
"547514",1e-08,21.1979691162873,10,11.1979691162873,21.1979691062873,9.99999999
"560627",10,10.3733925276954,10,0.373392527695357,0.373392527695357,0
"59667",6.5722433404637,8.93590860625151,8.2964405490507,0.639468057200814,2.36366526578781,1.724197208587
"65774",1e-08,21.1979691162873,10,11.1979691162873,21.1979691062873,9.99999999
"80578",10,8.18276983432624,10,-1.81723016567376,-1.81723016567376,0
"86762",3.27851885495598,3.0507478487719,3.11471109971138,-0.0639632509394832,-0.227771006184079,-0.163807755244596
"8739",1e-08,21.1979691162873,10,11.1979691162873,21.1979691062873,9.99999999
"8841",1e-08,21.1979691162873,10,11.1979691162873,21.1979691062873,9.99999999
"267094",1.64633115582101,0.622996464591391,0.98146949796822,-0.35847303337683,-1.02333469122962,-0.664861657852786
"459672",0.386995999672476,0.930449890053295,0.656658748573412,0.273791141479883,0.543453890380819,0.269662748900936
"218931",1.66133426080918,2.1713374066083,1.96602992913101,0.205307477477292,0.510003145799119,0.304695668321827
"152399",5.40921195264767,3.79354567208768,4.11137217481555,-0.317826502727875,-1.61566628055999,-1.29783977783212
"319717",1.21332369686202,1.33982626176098,1.28530485915954,0.0545214026014413,0.126502564898967,0.0719811622975262
"169000",3.93063563578581,6.46360262616953,5.90164307295795,0.56195955321158,2.53296699038372,1.97100743717214
"442187",1e-08,1.76828360619231,0.90008724237721,0.868196363815096,1.76828359619231,0.90008723237721
"286491",0.843262239030723,1.00009483733127,0.929235885477938,0.0708589518533358,0.156832598300551,0.0859736464472155
"231975",1e-08,3.26641906436866,2.52103473257987,0.745384331788787,3.26641905436866,2.52103472257987
"154739",1e-08,1.15504173229153,0.64401921378481,0.511022518506717,1.15504172229153,0.644019203784809
"118627",0.238460843485331,0.977702005184085,0.605503551284976,0.372198453899108,0.739241161698754,0.367042707799646
"330492",4.5384213342441,5.99206097053841,5.6672403661193,0.324820604419115,1.45363963629431,1.1288190318752
"419599",1.39744680377114,1.98035635323532,1.76119631835284,0.219160034882481,0.582909549464183,0.363749514581702
"9679",0.0200962561073402,1.42342293010779,0.855611486602255,0.567811443505537,1.40332667400045,0.835515230494915
"52922",0.28049402578143,1.00220455301441,0.626190075175555,0.376014477838852,0.721710527232978,0.345696049394125
"99555",7.19308262722452,1.25166115029312,7.19308262722452,-5.9414214769314,-5.9414214769314,0
"209781",0.161955809387059,2.55496479169693,1.47457468331975,1.08039010837718,2.39300898230987,1.31261887393269
"438392",4.55450670387978,5.81235821417829,5.53487075394282,0.277487460235472,1.25785151029851,0.980364050063042
"381104",1e-08,0.738025601772116,0.374745495563413,0.363280106208703,0.738025591772116,0.374745485563413
"256387",0.0625566693518397,0.0882955836040998,0.0762797863813751,0.0120157972227247,0.0257389142522601,0.0137231170295354
"201757",0.388915353201965,1.04830242733168,0.76698090264531,0.281321524686365,0.65938707412971,0.378065549443345
"171070",0.0511106014651936,0.376677572965289,0.22380161901285,0.152875953952439,0.325566971500095,0.172691017547656
"203048",0.955857719895036,3.03293496885958,2.4808614698496,0.55207349900998,2.07707724896454,1.52500374995456
"175299",3.85224827365862,5.0733761056829,4.65131557098729,0.422060534695611,1.22112783202428,0.799067297328671
"564613",2.72565127969727,3.54313832083843,3.22268485378379,0.320453467054647,0.817487041141167,0.49703357408652
"276278",1e-08,1.04682140070246,0.574274113819009,0.472547286883455,1.04682139070246,0.574274103819009
"513435",2.55655428314488,3.24831388606394,2.98862733071448,0.259686555349468,0.691759602919064,0.432073047569596
"276542",6.3476179467874,2.81233264280581,3.88652094287337,-1.07418830006756,-3.53528530398158,-2.46109700391403
"156469",1.35839373239581,0.640474837163576,0.894043932052038,-0.253569094888463,-0.717918895232234,-0.464349800343771
"573919",1e-08,0.625977880822574,0.265807760315941,0.360170120506633,0.625977870822574,0.265807750315941
"32097",0.994183660759345,2.74733656964209,2.02977502336279,0.717561546279291,1.75315290888274,1.03559136260345
"559251",1.69191903433964,2.49098488271618,2.14536134025832,0.345623542457853,0.799065848376532,0.453442305918679
"394413",3.9244515802284,7.94818612012502,6.97252311997653,0.975663000148491,4.02373453989662,3.04807153974813
"8269",3.0202863806427,3.18430140144731,3.12141868853949,0.0628827129078191,0.164015020804611,0.101132307896792
"433724",1.18793381198399e-08,1.35301788630571,0.747196698853008,0.605821187452697,1.35301787442637,0.74719668697367
"215049",1e-08,0.877979451201251,0.462179754802667,0.415799696398584,0.877979441201251,0.462179744802667
"248999",3.70740219896781,6.8866231828026,6.17285107039955,0.713772112403048,3.17922098383478,2.46544887143173
"96204",1.86570969493993,4.28609180128687,3.33406246721746,0.952029334069413,2.42038210634694,1.46835277227752
"355088",0.757317076952926,2.22735451170754,1.55369598205878,0.673658529648765,1.47003743475462,0.796378905105852
"467981",0.471413637882394,2.25737191952192,1.48377056574304,0.773601353778876,1.78595828163952,1.01235692786065
"163194",2.90237886905421,2.29487216200616,2.50367118955494,-0.208799027548783,-0.607506707048057,-0.398707679499274
"447350",1.51766813575094,1.39528066891235,1.43690020812684,-0.0416195392144993,-0.122387466838592,-0.0807679276240925
"521507",1.44630264848659,0.770744818236203,1.01508957783845,-0.244344759602244,-0.67555783025039,-0.431213070648147
"132580",1.52551989698922,1.0269583843043,1.22806616395986,-0.20110777965556,-0.498561512684913,-0.297453733029353
"41740",1e-08,0.276737090526284,0.14133389369784,0.135403196828444,0.276737080526284,0.14133388369784
"552557",1.27297217375727,2.27015846917037,1.87665611522626,0.393502353944109,0.997186295413096,0.603683941468988
"426112",1e-08,0.303348672003603,0.167803286066403,0.1355453859372,0.303348662003603,0.167803276066403
"211904",1.4533904254649,2.67738465837104,2.15338395728072,0.524000701090318,1.22399423290614,0.69999353181582
"256301",2.64935874045862,3.24026120525533,3.01787189912888,0.22238930612645,0.590902464796704,0.368513158670255
"360108",10,6.40891018758765,10,-3.59108981241235,-3.59108981241235,0
"270160",1e-08,0.306883252407406,0.149766731195204,0.157116521212202,0.306883242407406,0.149766721195204
"270352",1e-08,0.464682200818097,0.21069089380559,0.253991307012508,0.464682190818097,0.21069088380559
"268456",3.15553540430787,2.45791177453756,2.70858457711639,-0.250672802578836,-0.697623629770308,-0.446950827191472
"347804",2.68554116841393,2.41237639225145,2.50573390219862,-0.0933575099471717,-0.273164776162482,-0.17980726621531
"22825",0.533765852335685,1.02270004917139,0.813054284013951,0.209645765157442,0.488934196835708,0.279288431678266
"33193",0.061396554722383,1.4197539969512,0.908376107307459,0.511377889643743,1.35835744222882,0.846979552585077
"206638",0.363308345149564,0.573448647757246,0.480137366787289,0.0933112809699579,0.210140302607683,0.116829021637725
"34611",1e-08,1.43174256588947,0.755769856506795,0.675972709382674,1.43174255588947,0.755769846506795
"105406",5.50952461901985,3.367925483483,4.04102818333491,-0.673102699851909,-2.14159913553685,-1.46849643568494
"113692",0.0332144233846305,0.125050488389279,0.080512441389719,0.0445380469995603,0.0918360650046487,0.0472980180050884
"214972",0.0162282206706014,0.11063192181887,0.0695106451555201,0.0411212766633499,0.0944037011482686,0.0532824244849187
"299444",2.66234032369071,1.28753017423978,1.80492352039772,-0.517393346157935,-1.37481014945092,-0.857416803292989
"284904",0.559948327721311,1.86317349667266,1.29018278277629,0.572990713896369,1.30322516895135,0.730234455054979
"185699",2.9393185048961,2.69265791475631,2.78214189472886,-0.089483979972556,-0.246660590139788,-0.157176610167232
"222496",3.51139016088242,7.35461285939771,6.47891773046079,0.875695128936917,3.84322269851529,2.96752756957837
"460098",1.42330840702087,1.64128317061118,1.54167612922219,0.0996070413889907,0.217974763590312,0.118367722201321
"417531",0.977639552000438,1.28567967146614,1.16333180694256,0.122347864523574,0.3080401194657,0.185692254942125
"320329",7.04815298454653,1.64032082088366,3.0508685043997,-1.41054768351604,-5.40783216366287,-3.99728448014683
"54304",1e-08,0.933698834488588,0.385179363078024,0.548519471410565,0.933698824488588,0.385179353078024
"247082",10,8.53814869768116,10,-1.46185130231884,-1.46185130231884,0
"422252",5.83858999105917,2.76320875389129,3.67033285876736,-0.90712410487607,-3.07538123716788,-2.16825713229181
"471099",5.05621394658161,3.85220593177427,4.23411385934205,-0.381907927567773,-1.20400801480733,-0.822100087239559
"526207",3.77940654358274,5.52766818676611,4.93136028665137,0.59630790011474,1.74826164318337,1.15195374306863
"453258",0.387397639617,1.42910617691111,0.94668768031352,0.482418496597588,1.04170853729411,0.55929004069652
"164115",2.33314681195922,3.31354181498516,2.95148572559437,0.362056089390788,0.980395003025946,0.618338913635157
"87447",0.757489531351938,1.12842394298189,0.995552269271809,0.132871673710085,0.370934411629956,0.238062737919871
"232730",1e-08,4.52584511314114,3.04399975943384,1.4818453537073,4.52584510314114,3.04399974943384
"561934",1e-08,0.350596111314532,0.158650927255193,0.191945184059338,0.350596101314532,0.158650917255193
"220312",0.363722214008199,1.07839159840045,0.78097972711254,0.297411871287908,0.71466938439225,0.417257513104342
"175201",5.36537316107273,3.32818697376113,3.95741707568926,-0.629230101928127,-2.0371861873116,-1.40795608538347
"532516",10,4.02637280570813,5.57008803974858,-1.54371523404045,-5.97362719429187,-4.42991196025142
"19197",9.15375675411467,5.95533511250879,6.7658341325982,-0.810499020089415,-3.19842164160588,-2.38792262151646
"274848",0.91153389456584,1.99612077517085,1.75561639897464,0.24050437619621,1.08458688060501,0.844082504408801
"347023",5.69252572692911,3.81486231791955,4.19141351103267,-0.37655119311312,-1.87766340900955,-1.50111221589643
"131835",1e-08,0.988637842762185,0.37722885005217,0.611408992710015,0.988637832762185,0.37722884005217
"100725",1e-08,0.175617039702885,0.0986134844120786,0.0770035552908066,0.175617029702885,0.0986134744120786
"546580",0.270532469727387,0.816301539878334,0.548273091421985,0.268028448456349,0.545769070150947,0.277740621694598
"57746",0.567890264072044,0.800932732839372,0.708136083335989,0.0927966495033828,0.233042468767328,0.140245819263946
"60341",0.527879739301994,2.28592146354059,1.64056675416555,0.64535470937504,1.7580417242386,1.11268701486356
"238115",0.482448212705155,1.22294594609669,0.894555023460804,0.32839092263589,0.740497733391539,0.412106810755649
"269288",0.351021789257137,1.14007778546525,0.808530895097124,0.331546890368125,0.789055996208112,0.457509105839987
"321896",1.29274598665098,0.253421673163918,1.29274598665098,-1.03932431348706,-1.03932431348706,0
"458555",10,7.98033910638653,9.5728790288402,-1.59253992245368,-2.01966089361347,-0.427120971159798
"177192",0.852515882317674,0.526287768922172,0.650196335141884,-0.123908566219711,-0.326228113395502,-0.202319547175791
"330831",0.584412220186756,2.37676723151164,1.54451241027571,0.832254821235933,1.79235501132488,0.960100190088949
"78839",2.00089441858779,4.45327803493568,3.46792598355475,0.98535205138093,2.45238361634789,1.46703156496696
"483788",1.18793381198399e-08,1.18795386367493,0.834679645719306,0.353274217955622,1.18795385179559,0.834679633839968
"236200",0.987500501121905,1.95247534930523,1.51363960218505,0.438835747120176,0.964974848183321,0.526139101063145
"549249",0.468399038062083,1.08906725928269,0.816339453839441,0.27272780544325,0.620668221220608,0.347940415777357
"309660",1.26461676398065,1.94798446817495,1.6893564776448,0.25862799053015,0.683367704194299,0.424739713664149
"26344",0.0583329645118576,0.112320675400879,0.0864068975498621,0.0259137778510165,0.0539877108890209,0.0280739330380045
"333522",1.18793381198399e-08,1.48848295635715,0.920304593693449,0.568178362663698,1.48848294447781,0.920304581814111
"50401",0.0228818035338136,0.1379353843446,0.0871194029547075,0.0508159813898928,0.115053580810787,0.0642375994208938
"239766",1e-08,0.445336695833759,0.213395457160467,0.231941238673292,0.445336685833759,0.213395447160467
"437774",1e-08,3.3504087709251,1.83482537441415,1.51558339651095,3.3504087609251,1.83482536441415
"474355",1.49081747510028,2.00999794427639,1.81026288414392,0.199735060132463,0.519180469176102,0.319445409043639
"563874",5.9332472861132,2.85641590847212,3.79286127917926,-0.936445370707143,-3.07683137764109,-2.14038600693395
"127143",1e-08,1.52061111441693,0.809457758005443,0.711153356411485,1.52061110441693,0.809457748005443
"466560",5.99102281085333,3.48589551196111,3.98086173968114,-0.494966227720025,-2.50512729889222,-2.01016107117219
"63782",3.17947842114928,1.93460875076047,2.34375892732204,-0.409150176561562,-1.2448696703888,-0.835719493827241
"182668",0.829468108492188,2.99500585964326,2.44050840585162,0.554497453791639,2.16553775115107,1.61104029735943
"109405",6.50769006807994,2.71955875929227,3.8608167787325,-1.14125801944023,-3.78813130878767,-2.64687328934744
"210608",10,5.65931102645261,7.78130438832425,-2.12199336187163,-4.34068897354739,-2.21869561167575
"147534",1e-08,0.835564330589853,0.416850198408893,0.41871413218096,0.835564320589853,0.416850188408893
"19628",1.29635363089353,0.993771929399608,1.11057029321947,-0.116798363819863,-0.302581701493921,-0.185783337674058
"289087",0.966723335276951,1.71729115400237,1.39365438186064,0.323636772141726,0.750567818725416,0.426931046583691
"211278",1e-08,0.168051732228448,0.0868107673228877,0.0812409649055605,0.168051722228448,0.0868107573228877
"554295",0.0259610509355661,0.237529566129808,0.134032177194208,0.1034973889356,0.211568515194242,0.108071126258642
"139228",3.48707071304734,6.44341084721426,5.80826011267025,0.635150734544009,2.95634013416692,2.32118939962291
"207302",5.21617931995409,3.95455951453847,4.20209122839969,-0.247531713861218,-1.26161980541561,-1.0140880915544
"338946",5.21617931995409,3.95455951453847,4.20209122839969,-0.247531713861218,-1.26161980541561,-1.0140880915544
"357909",0.694096469074053,0.883847084292079,0.802237041119076,0.0816100431730029,0.189750615218026,0.108140572045023
"567942",5.49442474709693,3.14380505471597,3.8556505915568,-0.711845536840835,-2.35061969238096,-1.63877415554013
"69012",1.145858065214,2.22697744013227,1.96150535533763,0.265472084794636,1.08111937491827,0.815647290123635
"575148",1.01103053358996,1.39918233578781,1.23975580406452,0.159426531723293,0.388151802197851,0.228725270474557
"150942",1e-08,0.20600301817225,0.100473847061071,0.10552917111118,0.20600300817225,0.100473837061071
"175823",0.905375999624532,2.22210272505385,1.71712553121424,0.504977193839613,1.31672672542932,0.811749531589704
"209415",1.8401676836556,3.73058798181792,3.01651987137173,0.714068110446195,1.89042029816232,1.17635218771612
"220368",8.0703395451715,6.80357712455233,7.13235256019128,-0.328775435638947,-1.26676242061917,-0.937986984980221
"323598",3.72372701450061,5.72533233732133,5.03371135508844,0.691620982232893,2.00160532282072,1.30998434058783
"503245",1.61472631123352,4.30127026325621,3.24854630032841,1.0527239629278,2.68654395202269,1.63381998909489
"289110",3.81824354415879,3.17381495775031,3.36319214024493,-0.189377182494623,-0.644428586408477,-0.455051403913854
"458635",0.173577404387387,0.201122312004285,0.187231405848938,0.0138909061553465,0.0275449076168977,0.0136540014615512
"65975",0.818947945449061,2.04603680057156,1.60628863473779,0.439748165833766,1.2270888551225,0.787340689288729
"503588",10,8.20948751578142,9.78859604022761,-1.57910852444619,-1.79051248421858,-0.211403959772387
"516371",10,5.05716527305897,6.32646441218303,-1.26929913912406,-4.94283472694103,-3.67353558781697
"261901",2.46481587474081,3.66054873007659,3.19996734066006,0.460581389416528,1.19573285533578,0.73515146591925
"100055",10,5.43766862249741,7.31362614067055,-1.87595751817314,-4.56233137750259,-2.68637385932945
"518616",10,5.43766862249741,7.31362614067055,-1.87595751817314,-4.56233137750259,-2.68637385932945
"266952",0.569635066218506,1.54494123489636,1.12995947320498,0.414981761691378,0.975306168677855,0.560324406986478
"346382",0.495099654711898,1.23814610576603,0.895388793903502,0.34275731186253,0.743046451054135,0.400289139191605
"230615",3.60891541497436,4.19185086521172,4.00629800511212,0.185552860099596,0.58293545023736,0.397382590137763
"539344",2.17443885430986,1.60960346765302,1.82783729198768,-0.21823382433466,-0.564835386656844,-0.346601562322185
"347348",1.36806666140158,1.24162513373694,1.29410064145022,-0.0524755077132828,-0.126441527664644,-0.073966019951361
"10988",5.39589273747634,4.43785752504485,4.63912800552872,-0.201270480483877,-0.958035212431491,-0.756764731947614
"7139",1.23542910763496,1.0287451054877,1.10976977858624,-0.0810246730985398,-0.206684002147261,-0.125659329048722
"411807",0.95025318775917,3.3117929091134,2.66308827162452,0.648704637488875,2.36153972135423,1.71283508386535
"147980",7.44442963051437,7.57094300428018,7.53824598358594,0.0326970206942345,0.126513373765811,0.0938163530715768
"278517",2.76013979940405,2.61492071003558,2.66641046545202,-0.0514897554164429,-0.145219089368472,-0.0937293339520289
"456761",2.36122478745447,2.89780662300314,2.70709761489213,0.190709008111012,0.536581835548664,0.345872827437652
"530684",10,9.44818399236294,10,-0.551816007637065,-0.551816007637065,0
"321308",6.05566388512417,2.36995958180605,3.43345321004988,-1.06349362824383,-3.68570430331811,-2.62221067507428
"467856",0.0344573080477843,0.266033728010842,0.170841782796598,0.095191945214244,0.231576419963058,0.136384474748814
"332178",0.26651934801173,0.591195005984586,0.451242628030561,0.139952377954025,0.324675657972855,0.18472328001883
"459799",0.879377169071944,3.94090845750587,2.8074148890397,1.13349356846617,3.06153128843393,1.92803771996775
"139505",4.30614675978299,4.85734906167476,4.67548709833748,0.181861963337288,0.551202301891777,0.36934033855449
"172265",1.02472521394677,1.58049655212045,1.33343661543003,0.247059936690426,0.55577133817368,0.308711401483253
"576614",4.94366746340751,4.61429944586068,4.68413992205859,-0.0698404761979079,-0.329368017546828,-0.25952754134892
"96247",4.94366746340751,4.61429944586068,4.68413992205859,-0.0698404761979079,-0.329368017546828,-0.25952754134892
"152023",0.33578994520508,0.707936935978115,0.545485984894886,0.162450951083229,0.372146990773035,0.209696039689805
"176734",0.432413283586682,1.39854501256386,0.947041787968803,0.451503224595054,0.966131728977174,0.51462850438212
"368546",1.99008282779864,2.50322032459493,2.33114808124423,0.1720722433507,0.513137496796288,0.341065253445589
"170313",10,8.92188932953837,10,-1.07811067046163,-1.07811067046163,0
"45323",10,8.92188932953837,10,-1.07811067046163,-1.07811067046163,0
"86594",8.07539905391362,7.20934585645791,7.43673811079177,-0.227392254333862,-0.86605319745571,-0.638660943121847
"398573",10,4.89247029894252,6.80358321262048,-1.91111291367796,-5.10752970105748,-3.19641678737952
"482191",0.139086592289012,2.24702498868748,1.38847852829656,0.858546460390923,2.10793839639847,1.24939193600754
"431159",1.18793381198399e-08,0.516069283503017,0.330753336669488,0.185315946833529,0.516069271623679,0.33075332479015
"6396",0.485735293662113,1.70719923155344,1.22417929376678,0.483019937786661,1.22146393789133,0.738444000104669
"17883",9.20211975374835,4.8650566089838,5.89600368138289,-1.03094707239909,-4.33706314476455,-3.30611607236546
"471819",10,5.770595456572,7.76370988884314,-1.99311443227113,-4.229404543428,-2.23629011115686
"392770",3.48902587342579,5.45782983019056,4.77799418876084,0.679835641429729,1.96880395676478,1.28896831533505
"69625",1e-08,1.4781999553954,0.660833482146991,0.817366473248414,1.4781999453954,0.660833472146991
"229622",0.0970877230081284,2.02582058011867,1.24041552906533,0.785405051053344,1.92873285711054,1.1433278060572
"82258",2.07697706932067,0.98608722456007,1.33676201465283,-0.350674790092758,-1.0908898447606,-0.740215054667846
"307895",10,4.64802665993775,6.5913241377358,-1.94329747779805,-5.35197334006225,-3.4086758622642
"110688",0.5010485105746,1.59732114101123,1.15664748364012,0.440673657371105,1.09627263043663,0.655598973065525
"266084",1.11210654137857,2.72232372180149,2.05116434058858,0.671159381212913,1.61021718042292,0.939057799210004
"366096",2.80007613487907,2.09715519136818,2.33287395839028,-0.2357187670221,-0.702920943510888,-0.467202176488788
"73119",0.89591969245221,2.91145880541617,2.10520020508843,0.806258600327736,2.01553911296396,1.20928051263622
"214969",10,7.33375305749526,9.14832221991847,-1.81456916242321,-2.66624694250474,-0.851677780081534
"395956",6.14215788760467,2.92687132384118,3.90171118386513,-0.974839860023958,-3.21528656376349,-2.24044670373953
"315471",1.51390224032741,0.895585740591161,1.13850256118462,-0.242916820593456,-0.61831649973625,-0.375399679142794
"436597",1e-08,1.65613452826086,0.745724929213068,0.910409599047792,1.65613451826086,0.745724919213068
"421537",2.78485771959854,3.07933500352511,2.96772150297403,0.111613500551074,0.294477283926569,0.182863783375494
"52263",3.13804842966998,2.46697776688345,2.70719379443502,-0.240216027551563,-0.671070662786522,-0.430854635234959
"369559",0.632790380999995,2.22253690431647,1.88312483185215,0.339412072464323,1.58974652331647,1.25033445085215
"464026",0.0191703122006561,0.811423483231076,0.435229566201193,0.376193917029883,0.79225317103042,0.416059254000537
"414539",4.03597256815678,1.15770305045907,2.02067303358657,-0.862969983127501,-2.87826951769771,-2.01529953457021
"74373",1.18793381198399e-08,1.25394301543517,0.61369401911571,0.640248996319462,1.25394300355583,0.613694007236372
"177501",2.21075151284827,3.70959019553169,3.12900450934695,0.580585686184742,1.49883868268342,0.918252996498675
"186408",2.62303568982925,2.72896255808478,2.69061602225002,0.038346535834759,0.105926868255528,0.0675803324207687
"231892",2.45989830778999,2.12897661278551,2.23611252990494,-0.107135917119431,-0.330921695004473,-0.223785777885041
"234478",2.19687793536832,3.28911835615901,2.88483755302571,0.404280803133299,1.09224042079069,0.687959617657388
"351081",10,5.11700940367057,6.48508452801537,-1.3680751243448,-4.88299059632943,-3.51491547198463
"37034",8.51905743209541,6.74262472949104,7.2049822783968,-0.462357548905764,-1.77643270260438,-1.31407515369861
"76091",0.611827160223071,2.85131696644177,1.9607006045204,0.890616361921365,2.2394898062187,1.34887344429733
"85938",10,11.5266768156024,10,1.52667681560238,1.52667681560238,0
"255561",5.53930312001121,2.90356876961819,3.68970627774791,-0.786137508129712,-2.63573435039302,-1.84959684226331
"135538",2.03036965930377,1.58677968238837,1.72194691782969,-0.135167235441326,-0.443589976915401,-0.308422741474075
"350156",1e-08,2.63223887690684,1.5451787717306,1.08706010517624,2.63223886690684,1.5451787617306
"406516",10,6.82998573942181,8.69298662961169,-1.86300089018988,-3.17001426057819,-1.30701337038831
"122278",1.40667386661205,2.9344730112284,2.38868418007741,0.545788831150993,1.52779914461635,0.98201031346536
"69098",0.980549843912533,2.34393511531305,1.81754330254249,0.526391812770558,1.36338527140052,0.836993458629961
"523945",0.786492357200152,1.95284562025971,1.44020504228231,0.512640577977407,1.16635326305956,0.653712685082155
"171038",2.14293649202928,3.85202182917185,3.19483606131414,0.657185767857715,1.70908533714257,1.05189956928486
"398089",10,9.90407984810059,10,-0.0959201518994117,-0.0959201518994117,0
"415437",2.05094811220367,3.90450370214391,3.19634522901939,0.708158473124521,1.85355558994024,1.14539711681572
"442289",5.73374254099713,3.59155320166065,4.27585554177063,-0.684302340109976,-2.14218933933648,-1.45788699922651
"533933",10,9.90407984810059,10,-0.0959201518994117,-0.0959201518994117,0
"553139",4.51694131782114,5.19423661906324,4.96342566452484,0.230810954538408,0.677295301242101,0.446484346703692
"521932",2.62685453168083,3.29362356052676,3.04212673323325,0.251496827293509,0.666769028845922,0.415272201552414
"237308",0.00457589558040331,4.15981645557906,3.02291697327075,1.13689948230831,4.15524055999866,3.01834107769034
"447331",1.07370160056783,0.543937595742171,0.75812253178684,-0.214184936044669,-0.529764004825658,-0.315579068780989
"467498",0.538700442870787,1.16209000106905,0.885675512686746,0.276414488382303,0.623389558198261,0.346975069815958
"67620",0.0291237449926241,0.3221010381855,0.175296769683237,0.146804268502263,0.292977293192876,0.146173024690613
"100675",4.33325078582786,3.88890868968932,4.03426577438996,-0.145357084700638,-0.44434209613854,-0.298985011437902
"330185",5.85731488790706,5.06606679515961,5.2462997066682,-0.180232911508585,-0.791248092747445,-0.61101518123886
"49857",0.122022963298672,0.256492278027286,0.194518779975063,0.0619734980522225,0.134469314728613,0.0724958166763909
"537034",3.64625681718441,6.51177928176306,5.88925690554065,0.622522376222409,2.86552246457865,2.24300008835624
"347693",1.28904379415868,1.70965152700221,1.55324216293026,0.156409364071954,0.42060773284353,0.264198368771576
"178097",5.37230900020992,2.96797029010127,3.69131445743297,-0.723344167331696,-2.40433871010865,-1.68099454277696
"442767",0.392829331187807,0.754590571144792,0.579917024945516,0.174673546199276,0.361761239956985,0.187087693757709
"227298",10,9.0348043934335,10,-0.965195606566501,-0.965195606566501,0
"76090",3.12738791474426,1.96918477991256,2.3717712055575,-0.402586425644939,-1.15820313483171,-0.755616709186766
"173973",10,4.90901664459038,6.84135653366292,-1.93233988907255,-5.09098335540962,-3.15864346633708
"227996",3.63327480042647,5.04463629652783,4.58332493811324,0.461311358414592,1.41136149610136,0.950050137686773
"425418",2.28947743054781,1.16847777933026,1.56173830020187,-0.393260520871606,-1.12099965121754,-0.727739130345938
"503645",1e-08,0.924283542348095,0.443552460870975,0.480731081477119,0.924283532348095,0.443552450870976
"532658",0.457936273017372,1.0549942559152,0.784641540395746,0.270352715519459,0.597057982897832,0.326705267378373
"573187",3.1324545492125,4.63959606612535,4.15562403303965,0.483972033085697,1.50714151691285,1.02316948382715
"478097",0.0321310714411885,1.2148619450365,0.678643218341197,0.536218726695307,1.18273087359532,0.646512146900009
"218064",10,8.22853209006342,9.88315527458012,-1.6546231845167,-1.77146790993658,-0.116844725419883
"579361",4.63647428697358,4.7777828200643,4.72971502252736,0.0480677975369384,0.141308533090719,0.0932407355537803
"141857",0.284914942342388,1.04024818382571,0.652103898524981,0.388144285300728,0.755333241483321,0.367188956182593
"569862",0.493354462828677,0.940585475216659,0.755323780125466,0.185261695091194,0.447231012387983,0.261969317296789
"202059",0.240886933731793,0.405734667320212,0.318863730110573,0.0868709372096384,0.164847733588419,0.0779767963787806
"252479",0.091036175675944,0.948240337333466,0.542449040678682,0.405791296654784,0.857204161657522,0.451412865002738
"259622",10,3.85748828517049,5.64677274885117,-1.78928446368069,-6.14251171482951,-4.35322725114883
"387303",10,4.65691430820299,5.94007569567881,-1.28316138747582,-5.34308569179701,-4.05992430432119
"525607",8.35625248245301,5.83879046163154,6.46166251721154,-0.622872055579996,-2.51746202082147,-1.89458996524148
"266077",1e-08,0.326312213197641,0.183144316784014,0.143167896413627,0.326312203197641,0.183144306784014
"38887",0.451723871140428,2.24129340790369,1.46557690611828,0.775716501785404,1.78956953676326,1.01385303497785
"5785",0.277946383125781,2.02328381673529,1.31615374844033,0.70713006829496,1.74533743360951,1.03820736531455
"76647",2.29278069875152,3.63010179548194,3.12321555670151,0.506886238780427,1.33732109673042,0.830434857949995
"160223",6.54428694885148,2.24722494902657,3.47022079534328,-1.2229958463167,-4.2970619998249,-3.0740661535082
"294568",0.126524452673479,1.014088049296,0.552193448584732,0.461894600711271,0.887563596622524,0.425668995911253
"250457",0.923390911211041,2.8030396341385,2.04609070603977,0.756948928098728,1.87964872292746,1.12269979482873
"427070",10,10.2117441936024,10,0.211744193602421,0.211744193602421,0
"470313",1.00563929536188,2.25224622331544,1.78261669247237,0.469629530843064,1.24660692795355,0.77697739711049
"517841",10,10.2117441936024,10,0.211744193602421,0.211744193602421,0
"227504",1.59057986701366,4.10658754206981,3.30567058882302,0.800916953246789,2.51600767505616,1.71509072180937
"473254",2.46647048171153,1.0652650338248,1.55993211412747,-0.49466708030267,-1.40120544788674,-0.906538367584068
"105790",10,9.79132433661795,10,-0.208675663382047,-0.208675663382047,0
"557136",10,4.68030985294857,6.23713914481524,-1.55682929186667,-5.31969014705143,-3.76286085518476
"19157",1e-08,1.26499974779837,0.647513861390579,0.617485886407792,1.26499973779837,0.647513851390579
"432295",2.14127464022123,0.981736190243503,1.36800659864366,-0.386270408400152,-1.15953844997773,-0.773268041577575
"44033",1e-08,3.70554425246558,2.7982854847869,0.907258767678676,3.70554424246558,2.7982854747869
"319700",1.41831858820752,2.54188807309764,2.07312515972488,0.468762913372764,1.12356948489012,0.654806571517361
"438146",0.0159624663649768,0.0378557735689703,0.0279349559795634,0.00992081758940694,0.0218933072039935,0.0119724896145866
"159821",4.90214658151989,6.24426918561544,5.93107088041651,0.313198305198933,1.34212260409555,1.02892429889662
"81353",3.54387518309566,4.94972336466267,4.47435194332087,0.475371421341794,1.40584818156701,0.930476760225218
"265456",1.27519206157468,2.56381367123315,2.03086829722548,0.532945374007672,1.28862160965847,0.755676235650802
"46066",1e-08,0.75556382882423,0.404712961114242,0.350850867709988,0.75556381882423,0.404712951114242
"574387",0.993753315302587,1.13833098893384,1.08387859692721,0.0544523920066311,0.144577673631252,0.0901252816246213
"277718",6.84843580174531,2.29132105510594,3.10427299944038,-0.812951944334435,-4.55711474663936,-3.74416280230493
"291858",2.69689781572503,2.3818250852549,2.49700999766525,-0.115184912410352,-0.31507273047013,-0.199887818059777
"566968",0.901709765300366,1.18626262065631,1.047890118832,0.138372501824309,0.284552855355941,0.146180353531631
"12220",1.70223833361471,2.52838608013982,2.30088995332166,0.227496126818161,0.826147746525114,0.598651619706954
"87637",10,6.49803914939029,8.26624496537585,-1.76820581598556,-3.50196085060971,-1.73375503462415
"365889",1.94030712015343,3.86055016473315,3.12455737461368,0.735992790119467,1.92024304457971,1.18425025446024
"167772",6.1053464155065,2.10994470693951,3.24196449376236,-1.13201978682285,-3.99540170856699,-2.86338192174414
"301766",2.34531862285793,2.86683383964409,2.67292954536344,0.193904294280649,0.521515216786158,0.327610922505509
"481643",2.51693858588985,2.61738001724132,2.58048612108172,0.0368938961596057,0.100441431351475,0.0635475351918688
"382965",4.6596543879495,2.01597288420124,2.72490727475036,-0.708934390549124,-2.64368150374827,-1.93474711319914
"554956",0.931506360062651,1.52256838697063,1.27695519114323,0.245613195827405,0.591062026907983,0.345448831080577
"356818",2.69375206515498,2.33756622485606,2.45937267395034,-0.121806449094287,-0.356185840298923,-0.234379391204636
"424204",10,7.90232895345602,9.44169207704112,-1.53936312358509,-2.09767104654398,-0.558307922958884
"412882",4.68524206690967,4.24686074603662,4.38914977703399,-0.142289030997369,-0.438381320873053,-0.296092289875684
"461961",2.57475599014071,2.79464353403553,2.71586039073739,0.0787831432981396,0.219887543894822,0.141104400596682
"559124",8.4170460792957,5.86795184554508,6.50031721871623,-0.632365373171148,-2.54909423375062,-1.91672886057947
"179538",0.83427768670669,2.71367522378475,1.95714727100046,0.756527952784292,1.87939753707806,1.12286958429377
"225430",0.209060039404168,0.174487727424526,0.191152375011061,-0.0166646475865352,-0.0345723119796416,-0.0179076643931064
"449311",0.309939013214143,0.613844420563524,0.482202771732532,0.131641648830991,0.30390540734938,0.172263758518389
"335983",4.75011501415873,2.27045185652086,2.96682568425419,-0.696373827733322,-2.47966315763787,-1.78328932990455
"544627",0.0916875164125863,0.503677154032786,0.291924010520338,0.211753143512447,0.411989637620199,0.200236494107752
"351248",0.194009146551942,0.896636361385228,0.544698383916901,0.351937977468327,0.702627214833286,0.350689237364959
"276851",4.09711925615482,5.44100522869029,5.16345426332637,0.277550965363916,1.34388597253546,1.06633500717155
"500569",2.94858711321052,2.90824817551493,2.92394154653536,-0.015693371020431,-0.0403389376955943,-0.0246455666751633
"160378",10,11.7456501741377,10,1.74565017413771,1.74565017413771,0
"54923",8.60320702608531,6.61196368451881,7.12775614818648,-0.515792463667666,-1.9912433415665,-1.47545087789883
"393803",1.80147994956758,2.55797987474077,2.34872348352915,0.209256391211621,0.756499925173187,0.547243533961566
"171818",0.40594241402443,0.873038940009026,0.674758926448682,0.198280013560344,0.467096525984595,0.268816512424252
"139351",2.81162448129454,3.13703048300309,3.01382678365515,0.123203699347938,0.325406001708542,0.202202302360604
"170953",0.510338561216607,1.05189672937857,0.867906590680782,0.183990138697788,0.541558168161963,0.357568029464175
"328319",10,6.96254707597418,8.66000145109982,-1.69745437512564,-3.03745292402582,-1.33999854890018
"468726",2.95432131388413,0.244037319374133,2.95432131388413,-2.71028399451,-2.71028399451,0
"103455",10,8.49276905176819,9.89075488216839,-1.3979858304002,-1.50723094823181,-0.109245117831614
"135278",3.24921738165508,1.93978603451149,2.38457286524842,-0.444786830736928,-1.30943134714359,-0.864644516406658
"65889",10,8.49276905176819,9.89075488216839,-1.3979858304002,-1.50723094823181,-0.109245117831614
"383531",0.35583819633259,1.37437225702236,0.913225990958469,0.461146266063894,1.01853406068977,0.55738779462588
"485979",4.77009048317831,4.95119218321771,4.88898235015313,0.0622098330645802,0.181101700039406,0.118891866974826
"541772",4.73434139433934,4.99441254553859,4.90497207008271,0.0894404754558797,0.260071151199248,0.170630675743368
"17276",9.93984761336919,5.69105517858939,6.74800670383211,-1.05695152524272,-4.24879243477981,-3.19184090953709
"198249",10,11.4325214482721,10,1.43252144827211,1.43252144827211,0
"264582",10,11.4325214482721,10,1.43252144827211,1.43252144827211,0
"404240",10,11.4325214482721,10,1.43252144827211,1.43252144827211,0
"556433",10,11.4325214482721,10,1.43252144827211,1.43252144827211,0
"366810",3.8045003113969,4.65012624551366,4.36545053430937,0.284675711204285,0.845625934116756,0.560950222912471
"571654",8.1628888553704,6.38668661794349,6.83665707586986,-0.449970457926362,-1.77620223742691,-1.32623177950055
"560911",10,6.55756351586137,8.35909764012677,-1.8015341242654,-3.44243648413863,-1.64090235987323
"214944",1e-08,0.105722667259842,0.0454411235908542,0.0602815436689883,0.105722657259842,0.0454411135908542
"364950",1.38837590406092,2.45484213631971,2.0072071542587,0.447634982061011,1.06646623225879,0.61883125019778
"42288",0.898673591187671,1.25010799169119,1.11644091984278,0.133667071848403,0.351434400503514,0.217767328655111
"95298",5.33010966806021,1.98697984530061,2.89459449943757,-0.907614654136955,-3.3431298227596,-2.43551516862265
"117319",10,8.93090696983494,10,-1.06909303016506,-1.06909303016506,0
"530982",4.48681752196229,5.12323995727658,4.99090883044571,0.132331126830871,0.636422435314294,0.504091308483423
"392068",4.61971686493076,5.39902434499418,5.23276681957413,0.166257525420054,0.779307480063426,0.613049954643372
"566417",3.05595251279253,4.571496540561,4.09069912833538,0.480797412225622,1.51554402776848,1.03474661554286
"398041",8.9382003455179,5.89425428110435,6.65698589854783,-0.762731617443486,-3.04394606441356,-2.28121444697007
"23793",0.429963060500909,1.02465873313204,0.772027066837086,0.252631666294951,0.594695672631129,0.342064006336178
"318386",0.0919055538859917,0.292824764978002,0.196568756402781,0.096256008575221,0.20091921109201,0.104663202516789
"506350",5.63467449828349,3.4653574826575,4.15185766621928,-0.686500183561779,-2.16931701562599,-1.48281683206421
"561423",1.02464416534934,2.00173142660226,1.78026338812632,0.221468038475941,0.977087261252919,0.755619222776978
"170841",10,12.9357125106346,10,2.93571251063458,2.93571251063458,0
"417083",10,12.9357125106346,10,2.93571251063458,2.93571251063458,0
"454983",10,12.9357125106346,10,2.93571251063458,2.93571251063458,0
"546855",8.13015040240202,7.05039317813181,7.33317422456395,-0.282781046432134,-1.07975722427021,-0.796976177838076
"257355",1.41689579707158,2.16318081327572,1.86689615684383,0.296284656431886,0.746285016204133,0.450000359772248
"378612",10,7.43895476729278,9.0913264745705,-1.65237170727772,-2.56104523270722,-0.908673525429499
"496350",3.18194903218736,2.94390442655855,3.03470650810652,-0.0908020815479782,-0.238044605628819,-0.147242524080841
"84630",2.48413758018901,3.32959848162261,3.00830706607477,0.321291415547833,0.845460901433596,0.524169485885762
"348814",10,9.16542632072457,10,-0.834573679275433,-0.834573679275433,0
"273919",1.84010357928654,2.13677278418027,2.01582967250293,0.120943111677347,0.29666920489373,0.175726093216382
"23101",0.0615530211197821,0.728041716618054,0.420066066556803,0.307975650061251,0.666488695498271,0.358513045437021
"40348",1.21861498704457,0.940988248347198,1.04598060692259,-0.104992358575395,-0.277626738697369,-0.172634380121974
"303044",3.77261947240314,5.70089363973555,5.03829432472773,0.662599315007819,1.9282741673324,1.26567485232459
"281675",10,8.53138729550381,9.99245796117769,-1.46107066567388,-1.46861270449619,-0.0075420388223133
"56878",10,8.53138729550381,9.99245796117769,-1.46107066567388,-1.46861270449619,-0.0075420388223133
"315713",1.43580652938045,1.09451301190561,1.23234474363009,-0.137831731724482,-0.341293517474838,-0.203461785750356
"340006",4.28388774847513,5.4224470794669,5.18347385107196,0.238973228394941,1.13855933099177,0.899586102596833
"554159",0.1479031809313,0.511876589463776,0.328105938517483,0.183770650946292,0.363973408532476,0.180202757586184
"119785",7.672156651518,7.04239569138365,7.2053482432288,-0.162952551845148,-0.629760960134351,-0.466808408289203
"82808",7.30683525361916,7.52777594945633,7.47099365008068,0.056782299375647,0.220940695837169,0.164158396461522
"429413",0.264098941453313,0.505396526103378,0.402963822242678,0.1024327038607,0.241297584650065,0.138864880789364
"124755",10,14.2211122880838,10,4.22111228808384,4.22111228808384,0
"160920",10,14.2211122880838,10,4.22111228808384,4.22111228808384,0
"367556",10,14.2211122880838,10,4.22111228808384,4.22111228808384,0
"463935",4.37468413331023,3.39531383506101,3.69921145101003,-0.303897615949013,-0.979370298249214,-0.675472682300201
"517135",4.25487702062459,4.26020618989869,4.26126388204736,-0.00105769214867735,0.0053291692740931,0.00638686142277045
"531928",4.78662939672097,3.35632678418421,3.80981842094504,-0.453491636760839,-1.43030261253677,-0.976810975775927
"540500",7.57870864767076,7.53667894604654,7.57285344648905,-0.0361745004425087,-0.0420297016242177,-0.00585520118170901
"74404",4.05779485145053,3.62963863561974,3.76214975246325,-0.132511116843516,-0.428156215830798,-0.295645098987282
"416998",1.06679106519932,1.62304171905632,1.38380497515872,0.239236743897598,0.556250653857,0.317013909959403
"322663",0.253977510758161,0.878216019929496,0.573950056657102,0.304265963272394,0.624238509171335,0.31997254589894
"391963",0.467092401913438,2.20035943141566,1.45062994722311,0.749729484192549,1.73326702950222,0.983537545309671
"385795",10,9.94346849031681,10,-0.056531509683186,-0.056531509683186,0
"447150",3.51910862669146,5.91515094634604,5.0847152430329,0.830435703313148,2.39604231965458,1.56560661634144
"114519",10,10.7111318761234,10,0.7111318761234,0.7111318761234,0
"216634",6.92355354773379,8.39828090591063,8.00527504623955,0.393005859671083,1.47472735817684,1.08172149850576
"424752",10,10.7111318761234,10,0.7111318761234,0.7111318761234,0
"439564",10,10.7111318761234,10,0.7111318761234,0.7111318761234,0
"574916",10,10.7111318761234,10,0.7111318761234,0.7111318761234,0
"78061",0.841519230697021,2.28230618718518,1.74239999420115,0.539906192984023,1.44078695648816,0.900880763504132
"80350",10,10.7111318761234,10,0.7111318761234,0.7111318761234,0
"120029",3.47191234067537,4.62809074966879,4.24924586034716,0.378844889321623,1.15617840899341,0.777333519671791
"65867",0.107890362709314,0.389782669399684,0.249350284844753,0.140432384554931,0.28189230669037,0.141459922135439
"111191",10,9.20974175609128,10,-0.79025824390872,-0.79025824390872,0
"177771",10,9.20974175609128,10,-0.79025824390872,-0.79025824390872,0
"234055",10,9.20974175609128,10,-0.79025824390872,-0.79025824390872,0
"380996",10,9.20974175609128,10,-0.79025824390872,-0.79025824390872,0
"241368",7.62102363651472,7.96965272176383,7.87758224024771,0.0920704815161209,0.348629085249109,0.256558603732988
"382819",1e-08,1.67487766810447,1.07210515359238,0.602772514512096,1.67487765810447,1.07210514359238
"533963",4.21708374567535,5.51435087581616,5.06542845974884,0.448922416067317,1.29726713014081,0.84834471407349
"92940",7.97570675899922,7.43793750220035,7.5803797342892,-0.142442232088847,-0.537769256798868,-0.395327024710022
"513538",0.139612935716975,0.710204345670627,0.445074107495257,0.26513023817537,0.570591409953652,0.305461171778282
"508579",5.18638178750639,4.75365243958894,4.84604174368389,-0.0923893040949562,-0.432729347917451,-0.340340043822495
"555163",0.881813110772265,1.38324889509044,1.18783015171267,0.195418743377775,0.501435784318176,0.306017040940401
"149415",1.47128473362523,3.98179599832321,3.03699042435459,0.944805573968619,2.51051126469798,1.56570569072936
"301940",5.07667448909721,5.41233598475526,5.33932837652404,0.0730076082312214,0.335661495658049,0.262653887426827
"424377",4.9618722029584,3.5018314207094,3.94947365240683,-0.447642231697432,-1.460040782249,-1.01239855055157
"80612",0.278534442851439,1.39749593784833,0.902980007285797,0.494515930562533,1.11896149499689,0.624445564434358
"16941",1.3169267909356,4.41862853419124,3.15605416140289,1.26257437278835,3.10170174325564,1.83912737046729
"173593",10,15.6171167414747,10,5.61711674147468,5.61711674147468,0
"175106",10,15.6171167414747,10,5.61711674147468,5.61711674147468,0
"33486",10,15.6171167414747,10,5.61711674147468,5.61711674147468,0
"350144",3.32668528977395,5.1943124518047,4.55813929490859,0.636173156896111,1.86762716203075,1.23145400513464
"437180",8.50892274585868,6.96756909426719,7.37438357878524,-0.406814484518046,-1.54135365159149,-1.13453916707345
"447033",1.52568651017937,2.6357552241685,2.24663401679999,0.389121207368515,1.11006871398913,0.72094750662062
"50824",10,15.6171167414747,10,5.61711674147468,5.61711674147468,0
"535285",1.18793381198399e-08,1.34646236415537,0.713085524336294,0.633376839819077,1.34646235227603,0.713085512456956
"71374",0.0142493667022451,0.0286800106048716,0.0212987452208586,0.00738126538401293,0.0144306439026265,0.00704937851861356
"153246",10,10.8613593151671,10,0.861359315167125,0.861359315167125,0
"206509",10,10.8613593151671,10,0.861359315167125,0.861359315167125,0
"467825",10,10.8613593151671,10,0.861359315167125,0.861359315167125,0
"84633",1.81504416042007,4.47184343051313,3.40165434102651,1.07018908948662,2.65679927009306,1.58661018060644
"504512",2.9938368191618,0.990039177863112,1.71590290075728,-0.72586372289417,-2.00379764129869,-1.27793391840452
"208946",8.28904464294282,6.63808637768979,7.06270574157486,-0.424619363885071,-1.65095826525303,-1.22633890136796
"154174",0.360103334478397,1.08251346253913,0.782450220653865,0.300063241885265,0.722410128060733,0.422346886175468
"323996",10,7.00217391283982,8.79056073205537,-1.78838681921555,-2.99782608716018,-1.20943926794463
"113452",10,13.2779304006667,10,3.27793040066665,3.27793040066665,0
"199868",10,13.2779304006667,10,3.27793040066665,3.27793040066665,0
"217394",10,13.2779304006667,10,3.27793040066665,3.27793040066665,0
"224890",10,13.2779304006667,10,3.27793040066665,3.27793040066665,0
"224898",10,13.2779304006667,10,3.27793040066665,3.27793040066665,0
"470750",3.62719305023778,5.84090828170929,5.07808144458732,0.76282683712197,2.21371523147151,1.45088839434954
"53890",6.07729740001451,10.0198926125037,8.92777728139745,1.09211533110629,3.94259521248923,2.85047988138294
"545907",10,13.2779304006667,10,3.27793040066665,3.27793040066665,0
"287365",3.61557405434219,5.07661057896947,4.57936503490657,0.497245544062907,1.46103652462728,0.963790980564371
"158797",1e-08,3.33820379911512,1.8701204708246,1.46808332829052,3.33820378911512,1.8701204608246
"171700",10,17.1844585125844,10,7.18445851258439,7.18445851258439,0
"220713",10,17.1844585125844,10,7.18445851258439,7.18445851258439,0
"226866",10,17.1844585125844,10,7.18445851258439,7.18445851258439,0
"239739",10,17.1844585125844,10,7.18445851258439,7.18445851258439,0
"248623",10,17.1844585125844,10,7.18445851258439,7.18445851258439,0
"288892",10,17.1844585125844,10,7.18445851258439,7.18445851258439,0
"318618",10,17.1844585125844,10,7.18445851258439,7.18445851258439,0
"344028",1e-08,2.04232604301142,1.24224576997648,0.800080273034938,2.04232603301142,1.24224575997648
"37691",10,17.1844585125844,10,7.18445851258439,7.18445851258439,0
"412864",10,17.1844585125844,10,7.18445851258439,7.18445851258439,0
"432300",10,17.1844585125844,10,7.18445851258439,7.18445851258439,0
"45958",10,17.1844585125844,10,7.18445851258439,7.18445851258439,0
"525895",10,17.1844585125844,10,7.18445851258439,7.18445851258439,0
"533789",10,17.1844585125844,10,7.18445851258439,7.18445851258439,0
"6612",7.48918014005169,8.2400870122485,8.03716513521383,0.202921877034674,0.750906872196818,0.547984995162144
"71934",10,17.1844585125844,10,7.18445851258439,7.18445851258439,0
"29101",10,7.50087606613269,10,-2.49912393386731,-2.49912393386731,0
"269467",1e-08,4.89582425550449,3.47588172682824,1.41994252867626,4.89582424550449,3.47588171682824
"311924",1.96536312693314,1.56717058958779,1.66240443466237,-0.0952338450745769,-0.398192537345345,-0.302958692270768
"102312",2.33615043676055,3.12351708249294,2.83330008918464,0.290216993308302,0.787366645732393,0.497149652424091
"427784",6.74918195992207,3.0141793761833,3.74821196704257,-0.734032590859276,-3.73500258373878,-3.0009699928795
"529082",1.5047269185863,1.72903504004112,1.67752035038212,0.0515146896590009,0.224308121454822,0.172793431795822
"477207",0.455663656600398,0.760595547898925,0.643313101709866,0.117282446189059,0.304931891298527,0.187649445109468
"215134",2.82828744530176,8.39529287666274,7.10499526871901,1.29029760794373,5.56700543136098,4.27670782341725
"466360",1.95016077599906,4.09850989003791,3.25596964766649,0.842540242371411,2.14834911403885,1.30580887166743
"45121",3.74777516316644,4.60890192521927,4.32266569465542,0.286236230563846,0.861126762052828,0.574890531488983
"187013",10,6.82505654936297,8.55312201263167,-1.72806546326871,-3.17494345063703,-1.44687798736833
"529805",10,6.82505654936297,8.55312201263167,-1.72806546326871,-3.17494345063703,-1.44687798736833
"359164",3.67949224641569,6.48762293748085,5.87685532865505,0.610767608825794,2.80813069106516,2.19736308223936
"448820",4.95804892838284,4.88600204540014,4.90281884181056,-0.0168167964104242,-0.0720468829827032,-0.055230086572279
"117756",10,19.1625186222929,10,9.16251862229292,9.16251862229292,0
"143571",10,19.1625186222929,10,9.16251862229292,9.16251862229292,0
"169062",10,19.1625186222929,10,9.16251862229292,9.16251862229292,0
"200804",10,19.1625186222929,10,9.16251862229292,9.16251862229292,0
"210568",10,19.1625186222929,10,9.16251862229292,9.16251862229292,0
"220178",10,19.1625186222929,10,9.16251862229292,9.16251862229292,0
"258942",10,19.1625186222929,10,9.16251862229292,9.16251862229292,0
"326705",10,19.1625186222929,10,9.16251862229292,9.16251862229292,0
"332553",10,19.1625186222929,10,9.16251862229292,9.16251862229292,0
"33459",10,19.1625186222929,10,9.16251862229292,9.16251862229292,0
"335556",7.10888433524958,7.9429412647594,7.7237045014081,0.2192367633513,0.834056929509813,0.614820166158513
"357522",7.87844125845558,7.97705353884055,7.95054439731631,0.026509141524234,0.0986122803849643,0.0721031388607303
"39788",10,19.1625186222929,10,9.16251862229292,9.16251862229292,0
"402638",10,19.1625186222929,10,9.16251862229292,9.16251862229292,0
"410998",10,19.1625186222929,10,9.16251862229292,9.16251862229292,0
"415870",10,19.1625186222929,10,9.16251862229292,9.16251862229292,0
"436119",10,19.1625186222929,10,9.16251862229292,9.16251862229292,0
"441335",10,19.1625186222929,10,9.16251862229292,9.16251862229292,0
"479492",10,19.1625186222929,10,9.16251862229292,9.16251862229292,0
"526996",10,19.1625186222929,10,9.16251862229292,9.16251862229292,0
"527637",10,19.1625186222929,10,9.16251862229292,9.16251862229292,0
"533456",10,19.1625186222929,10,9.16251862229292,9.16251862229292,0
"557254",10,19.1625186222929,10,9.16251862229292,9.16251862229292,0
"566694",10,19.1625186222929,10,9.16251862229292,9.16251862229292,0
"80913",10,19.1625186222929,10,9.16251862229292,9.16251862229292,0
"82756",10,19.1625186222929,10,9.16251862229292,9.16251862229292,0
"87977",6.33414118775987,9.39770612058428,8.56157395071794,0.836132169866341,3.06356493282441,2.22743276295807
"522183",0.0643723248819199,0.422194419688095,0.252008245159434,0.170186174528661,0.357822094806175,0.187635920277514
"486348",0.0585295266809588,0.58679444748254,0.353572439733808,0.233222007748732,0.528264920801581,0.295042913052849
"290330",4.96404522015678,5.10103121842815,5.07246579322174,0.0285654252064163,0.136985998271373,0.108420573064957
"164710",10,10.047474021375,10,0.0474740213749651,0.0474740213749651,0
"574230",10,10.047474021375,10,0.0474740213749651,0.0474740213749651,0
"153970",4.35371180317479,4.66200360608642,4.55837372366961,0.103629882416807,0.30829180291163,0.204661920494823
"62913",10,7.28066219006287,8.96708426485841,-1.68642207479554,-2.71933780993713,-1.03291573514159
"418194",1e-08,0.339390073204793,0.16831002242516,0.171080050779633,0.339390063204793,0.16831001242516
"412044",3.17237881890469,7.81612833084718,6.72254714016883,1.09358119067835,4.64374951194249,3.55016832126414
"115370",10,12.0284997375798,10,2.02849973757978,2.02849973757978,0
"413071",9.57636024032313,6.41513345048403,7.22382723317762,-0.808693782693584,-3.16122678983909,-2.35253300714551
"429103",10,12.0284997375798,10,2.02849973757978,2.02849973757978,0
"473433",10,12.0284997375798,10,2.02849973757978,2.02849973757978,0
"522416",10,12.0284997375798,10,2.02849973757978,2.02849973757978,0
"553609",5.20962961654954,3.57953586377806,4.0889385495069,-0.50940268572884,-1.63009375277148,-1.12069106704264
"302403",2.35736182028684,3.74804248297549,3.207671626045,0.540370856930482,1.39068066268865,0.850309805758164
"196502",10,11.4858285419516,10,1.48582854195163,1.48582854195163,0
"334120",10,11.4858285419516,10,1.48582854195163,1.48582854195163,0
"393253",10,11.4858285419516,10,1.48582854195163,1.48582854195163,0
"419957",0.266021598985954,0.657117770551305,0.479592946335327,0.177524824215978,0.391096171565352,0.213571347349373
"293621",10,9.17439389436686,10,-0.82560610563314,-0.82560610563314,0
"460191",10,9.17439389436686,10,-0.82560610563314,-0.82560610563314,0
"560110",10,9.17439389436686,10,-0.82560610563314,-0.82560610563314,0
"557578",0.231370062575552,1.03979085588224,0.812607952808467,0.22718290307377,0.808420793306685,0.581237890232915
"108286",10,14.4683382830098,10,4.46833828300982,4.46833828300982,0
"131840",10,14.4683382830098,10,4.46833828300982,4.46833828300982,0
"135737",10,14.4683382830098,10,4.46833828300982,4.46833828300982,0
"166995",10,14.4683382830098,10,4.46833828300982,4.46833828300982,0
"198939",10,14.4683382830098,10,4.46833828300982,4.46833828300982,0
"241384",10,14.4683382830098,10,4.46833828300982,4.46833828300982,0
"244404",10,14.4683382830098,10,4.46833828300982,4.46833828300982,0
"289718",10,14.4683382830098,10,4.46833828300982,4.46833828300982,0
"330147",10,14.4683382830098,10,4.46833828300982,4.46833828300982,0
"386569",10,14.4683382830098,10,4.46833828300982,4.46833828300982,0
"430108",10,14.4683382830098,10,4.46833828300982,4.46833828300982,0
"470902",10,14.4683382830098,10,4.46833828300982,4.46833828300982,0
"531947",10,14.4683382830098,10,4.46833828300982,4.46833828300982,0
"86690",10,14.4683382830098,10,4.46833828300982,4.46833828300982,0
"108287",10,12.3273543698338,10,2.32735436983378,2.32735436983378,0
"24864",10,12.3273543698338,10,2.32735436983378,2.32735436983378,0
"362248",10,12.3273543698338,10,2.32735436983378,2.32735436983378,0
"484219",10,12.3273543698338,10,2.32735436983378,2.32735436983378,0
"61884",10,12.3273543698338,10,2.32735436983378,2.32735436983378,0
"513092",0.0563351585093946,0.755090915801715,0.463366815434767,0.291724100366947,0.69875575729232,0.407031656925373
"82225",4.70922628134437,5.1663969130303,5.06968324066799,0.0967136723623145,0.457170631685934,0.36045695932362
"499063",3.46814187967538,7.38402679148386,6.49378297484397,0.890243816639892,3.91588491180847,3.02564109516858
"343269",1e-08,4.47270623124511,3.24771242804641,1.2249938031987,4.47270622124511,3.24771241804641
"101706",5.37922847636743,4.94440957554626,5.04070107262051,-0.0962914970742501,-0.43481890082117,-0.33852740374692
"340921",4.96487814483351,5.23294114514424,5.17479854240164,0.0581426027425982,0.26806300031073,0.209920397568132
"269583",10,4.40048066080367,6.59515018843865,-2.19466952763498,-5.59951933919633,-3.40484981156135
"69589",5.21991522015222,5.23341753409211,5.22420346493413,0.00921406915797718,0.0135023139398909,0.0042882447819137
"425808",10,6.3543549411404,8.36893673273803,-2.01458179159763,-3.6456450588596,-1.63106326726197
"489597",10,10.0050911124319,10,0.00509111243189864,0.00509111243189864,0
"56449",0.0271913106346825,3.75531336865981,2.79711367161165,0.958199697048158,3.72812205802512,2.76992236097696
